0.0409816  -0.0493337  0.997932  0  -0.0793281  -0.995778  -0.0459696  0  0.996006  -0.0772816  -0.044723  0  0.416061  -0.0442816  0.780264  1  
0.0409774  -0.049328  0.997932  0  -0.0793262  -0.995779  -0.0459643  0  0.996006  -0.0772801  -0.0447183  0  0.41606  -0.0442805  0.780267  1  
0.0409813  -0.0493301  0.997932  0  -0.0793274  -0.995779  -0.045966  0  0.996006  -0.077281  -0.0447223  0  0.416062  -0.0442815  0.780265  1  
0.0409866  -0.0493349  0.997931  0  -0.0793312  -0.995778  -0.0459702  0  0.996005  -0.0772844  -0.0447282  0  0.416062  -0.0442832  0.780262  1  
0.0409854  -0.0493377  0.997931  0  -0.0793324  -0.995778  -0.0459731  0  0.996005  -0.0772856  -0.0447272  0  0.416062  -0.0442844  0.780262  1  
0.0409851  -0.0493274  0.997932  0  -0.0793247  -0.995779  -0.0459631  0  0.996006  -0.0772783  -0.0447259  0  0.416062  -0.0442796  0.780263  1  
0.0409814  -0.0493269  0.997932  0  -0.0793263  -0.995779  -0.0459628  0  0.996006  -0.0772801  -0.0447222  0  0.41606  -0.0442805  0.780265  1  
0.0409777  -0.0493284  0.997932  0  -0.0793197  -0.995779  -0.0459649  0  0.996007  -0.0772737  -0.0447183  0  0.416059  -0.0442773  0.780266  1  
0.0409772  -0.049335  0.997932  0  -0.0793248  -0.995779  -0.0459713  0  0.996006  -0.0772784  -0.0447186  0  0.416059  -0.0442807  0.780266  1  
0.0409732  -0.0493214  0.997933  0  -0.0793163  -0.99578  -0.0459584  0  0.996007  -0.0772707  -0.0447131  0  0.416059  -0.0442753  0.780268  1  
0.0409677  -0.0493257  0.997933  0  -0.07931  -0.99578  -0.0459634  0  0.996008  -0.0772645  -0.0447077  0  0.416058  -0.0442736  0.780271  1  
0.0409679  -0.0493277  0.997932  0  -0.0793023  -0.995781  -0.0459657  0  0.996008  -0.0772567  -0.0447077  0  0.416059  -0.0442697  0.780271  1  
0.0409665  -0.0493282  0.997932  0  -0.079296  -0.995781  -0.0459666  0  0.996009  -0.0772504  -0.0447061  0  0.416059  -0.0442667  0.780272  1  
0.0409654  -0.0493257  0.997933  0  -0.0792914  -0.995782  -0.0459645  0  0.996009  -0.077246  -0.0447046  0  0.416059  -0.0442659  0.780273  1  
0.0409631  -0.0493289  0.997933  0  -0.0792824  -0.995782  -0.0459682  0  0.99601  -0.077237  -0.0447021  0  0.416059  -0.0442629  0.780275  1  
0.0409547  -0.0493374  0.997933  0  -0.0792767  -0.995782  -0.0459777  0  0.996011  -0.0772313  -0.0446941  0  0.416058  -0.0442621  0.780279  1  
0.0409517  -0.0493365  0.997933  0  -0.0792652  -0.995783  -0.0459774  0  0.996012  -0.07722  -0.0446906  0  0.416057  -0.0442559  0.780281  1  
0.0409441  -0.0493304  0.997933  0  -0.0792561  -0.995784  -0.0459724  0  0.996013  -0.0772114  -0.0446821  0  0.416056  -0.0442529  0.780286  1  
0.0409445  -0.0493327  0.997933  0  -0.0792468  -0.995785  -0.0459751  0  0.996014  -0.0772021  -0.0446822  0  0.416056  -0.04425  0.780287  1  
0.0409394  -0.049332  0.997933  0  -0.0792328  -0.995786  -0.0459753  0  0.996015  -0.0771884  -0.0446764  0  0.416057  -0.0442442  0.78029  1  
0.0409356  -0.0493382  0.997933  0  -0.0792236  -0.995786  -0.0459822  0  0.996016  -0.077179  -0.0446727  0  0.416057  -0.0442411  0.780292  1  
0.0409233  -0.0493272  0.997934  0  -0.0792006  -0.995788  -0.0459733  0  0.996018  -0.0771571  -0.0446585  0  0.416054  -0.0442302  0.780299  1  
0.0409168  -0.0493311  0.997934  0  -0.0791888  -0.995789  -0.0459782  0  0.996019  -0.0771455  -0.0446518  0  0.416054  -0.0442266  0.780303  1  
0.040911  -0.0493326  0.997935  0  -0.0791692  -0.995791  -0.045981  0  0.996021  -0.077126  -0.0446453  0  0.416055  -0.0442178  0.780307  1  
0.0409119  -0.0493324  0.997935  0  -0.0791578  -0.995791  -0.0459812  0  0.996022  -0.0771146  -0.0446456  0  0.416055  -0.0442138  0.780309  1  
0.0408992  -0.0493303  0.997935  0  -0.0791402  -0.995793  -0.0459809  0  0.996024  -0.0770977  -0.044632  0  0.416054  -0.0442064  0.780316  1  
0.0408949  -0.0493269  0.997935  0  -0.0791221  -0.995794  -0.0459787  0  0.996026  -0.07708  -0.0446267  0  0.416055  -0.044199  0.78032  1  
0.0408938  -0.0493251  0.997936  0  -0.0791028  -0.995796  -0.0459779  0  0.996027  -0.0770608  -0.0446245  0  0.416056  -0.0441914  0.780322  1  
0.0408871  -0.0493279  0.997936  0  -0.0790853  -0.995797  -0.0459819  0  0.996029  -0.0770435  -0.0446173  0  0.416056  -0.0441846  0.780327  1  
0.0408815  -0.0493293  0.997936  0  -0.0790661  -0.995799  -0.0459846  0  0.996031  -0.0770244  -0.0446109  0  0.416056  -0.0441769  0.780331  1  
0.0408792  -0.0493241  0.997936  0  -0.0790426  -0.995801  -0.0459807  0  0.996033  -0.0770013  -0.044607  0  0.416058  -0.0441669  0.780333  1  
0.0408724  -0.0493174  0.997937  0  -0.079014  -0.995803  -0.0459758  0  0.996035  -0.0769733  -0.0445985  0  0.416057  -0.0441537  0.780339  1  
0.0408694  -0.0493164  0.997937  0  -0.0789897  -0.995805  -0.0459761  0  0.996037  -0.0769492  -0.0445943  0  0.416059  -0.0441434  0.780342  1  
0.0408631  -0.0493196  0.997937  0  -0.0789698  -0.995806  -0.0459806  0  0.996039  -0.0769294  -0.0445873  0  0.416058  -0.0441362  0.780346  1  
0.040861  -0.0493191  0.997937  0  -0.0789407  -0.995809  -0.0459817  0  0.996041  -0.0769005  -0.0445839  0  0.41606  -0.044123  0.780348  1  
0.0408591  -0.04932  0.997937  0  -0.07892  -0.99581  -0.0459836  0  0.996043  -0.0768798  -0.0445811  0  0.416061  -0.0441159  0.78035  1  
0.0408596  -0.049324  0.997937  0  -0.0788923  -0.995812  -0.0459888  0  0.996045  -0.0768519  -0.0445806  0  0.416063  -0.0441044  0.780351  1  
0.0408546  -0.049317  0.997938  0  -0.0788647  -0.995815  -0.0459835  0  0.996048  -0.0768249  -0.0445738  0  0.416063  -0.0440922  0.780354  1  
0.0408544  -0.0493109  0.997938  0  -0.0788377  -0.995817  -0.0459785  0  0.99605  -0.0767982  -0.0445719  0  0.416065  -0.0440811  0.780357  1  
0.0408559  -0.0493143  0.997938  0  -0.0788088  -0.995819  -0.0459831  0  0.996052  -0.076769  -0.0445724  0  0.416068  -0.0440696  0.780357  1  
0.0408584  -0.0493133  0.997938  0  -0.0787807  -0.995821  -0.0459832  0  0.996054  -0.0767409  -0.0445735  0  0.416069  -0.0440575  0.780358  1  
0.0408508  -0.0493145  0.997938  0  -0.078751  -0.995823  -0.0459863  0  0.996057  -0.0767115  -0.0445646  0  0.416071  -0.0440459  0.780362  1  
0.0408542  -0.049308  0.997938  0  -0.0787211  -0.995826  -0.0459809  0  0.996059  -0.0766818  -0.0445661  0  0.416072  -0.0440332  0.780363  1  
0.0408534  -0.0493117  0.997938  0  -0.0786886  -0.995828  -0.0459862  0  0.996062  -0.0766492  -0.0445641  0  0.416075  -0.0440207  0.780363  1  
0.0408553  -0.0493115  0.997938  0  -0.0786561  -0.995831  -0.0459872  0  0.996064  -0.0766165  -0.0445645  0  0.416077  -0.0440076  0.780364  1  
0.0408654  -0.0493198  0.997937  0  -0.0786263  -0.995833  -0.0459961  0  0.996066  -0.0765859  -0.0445738  0  0.416081  -0.0439952  0.780361  1  
0.0408624  -0.0493162  0.997937  0  -0.0785965  -0.995835  -0.045994  0  0.996069  -0.0765565  -0.0445691  0  0.416082  -0.0439825  0.780363  1  
0.0408707  -0.04931  0.997937  0  -0.0785582  -0.995839  -0.0459889  0  0.996071  -0.076518  -0.0445751  0  0.416086  -0.0439659  0.78036  1  
0.0408735  -0.0493125  0.997937  0  -0.0785196  -0.995841  -0.045993  0  0.996074  -0.0764792  -0.0445763  0  0.416089  -0.0439503  0.78036  1  
0.0408796  -0.0493139  0.997937  0  -0.0784853  -0.995844  -0.0459954  0  0.996077  -0.0764446  -0.044581  0  0.416092  -0.0439359  0.78036  1  
0.040882  -0.049314  0.997937  0  -0.0784457  -0.995847  -0.0459971  0  0.99608  -0.0764049  -0.0445816  0  0.416095  -0.0439197  0.780359  1  
0.04089  -0.0493037  0.997937  0  -0.0784033  -0.995851  -0.0459881  0  0.996083  -0.0763626  -0.0445868  0  0.416099  -0.0439007  0.780357  1  
0.0408902  -0.0493048  0.997937  0  -0.0783705  -0.995853  -0.0459906  0  0.996085  -0.0763297  -0.0445855  0  0.416101  -0.0438881  0.780358  1  
0.0408952  -0.0493036  0.997937  0  -0.0783311  -0.995856  -0.0459909  0  0.996088  -0.0762901  -0.0445886  0  0.416105  -0.0438706  0.780358  1  
0.0409052  -0.0493084  0.997936  0  -0.0782924  -0.995859  -0.0459966  0  0.996091  -0.0762507  -0.0445971  0  0.416108  -0.0438558  0.780353  1  
0.0409091  -0.049303  0.997936  0  -0.0782451  -0.995863  -0.045993  0  0.996094  -0.0762035  -0.0445985  0  0.41611  -0.0438348  0.780353  1  
0.0409112  -0.049296  0.997936  0  -0.0781997  -0.995867  -0.0459879  0  0.996098  -0.0761584  -0.0445979  0  0.416114  -0.0438156  0.780354  1  
0.0409175  -0.0493008  0.997936  0  -0.0781579  -0.99587  -0.0459941  0  0.996101  -0.0761161  -0.0446026  0  0.416118  -0.0437979  0.780353  1  
0.0409269  -0.0493016  0.997935  0  -0.0781127  -0.995873  -0.0459962  0  0.996104  -0.0760704  -0.04461  0  0.416122  -0.0437791  0.780349  1  
0.0409307  -0.0492979  0.997935  0  -0.0780653  -0.995877  -0.0459943  0  0.996108  -0.076023  -0.0446112  0  0.416125  -0.0437587  0.780349  1  
0.04094  -0.0492891  0.997935  0  -0.0780234  -0.995881  -0.0459867  0  0.99611  -0.0759811  -0.0446179  0  0.416129  -0.0437405  0.780346  1  
0.0409524  -0.0492876  0.997935  0  -0.0779713  -0.995885  -0.0459866  0  0.996114  -0.0759285  -0.0446277  0  0.416134  -0.0437176  0.780342  1  
0.0409547  -0.0492917  0.997935  0  -0.077929  -0.995888  -0.0459924  0  0.996117  -0.0758859  -0.0446284  0  0.416138  -0.0437006  0.780342  1  
0.0409713  -0.0492868  0.997934  0  -0.0778808  -0.995892  -0.0459884  0  0.99612  -0.0758372  -0.0446424  0  0.416144  -0.0436788  0.780337  1  
0.0409842  -0.0492863  0.997934  0  -0.0778298  -0.995896  -0.0459893  0  0.996124  -0.0757856  -0.0446528  0  0.416149  -0.0436578  0.780333  1  
0.0409937  -0.0492791  0.997934  0  -0.0777827  -0.9959  -0.0459835  0  0.996127  -0.0757384  -0.0446595  0  0.416153  -0.0436374  0.78033  1  
0.0410149  -0.0492792  0.997933  0  -0.0777272  -0.995904  -0.0459844  0  0.996131  -0.0756819  -0.0446781  0  0.416162  -0.0436128  0.780323  1  
0.0410209  -0.0492787  0.997933  0  -0.0776767  -0.995908  -0.0459858  0  0.996134  -0.0756312  -0.0446817  0  0.416166  -0.0435916  0.780322  1  
0.0410391  -0.0492818  0.997932  0  -0.0776213  -0.995912  -0.04599  0  0.996138  -0.0755748  -0.0446975  0  0.416174  -0.0435686  0.780316  1  
0.0410513  -0.0492771  0.997932  0  -0.0775741  -0.995916  -0.0459865  0  0.996141  -0.0755273  -0.0447071  0  0.416179  -0.0435487  0.780313  1  
0.0410663  -0.0492762  0.997931  0  -0.0775159  -0.99592  -0.0459871  0  0.996145  -0.0754684  -0.0447193  0  0.416186  -0.0435229  0.780308  1  
0.0410815  -0.0492714  0.997931  0  -0.0774655  -0.995924  -0.0459833  0  0.996148  -0.0754176  -0.0447317  0  0.416193  -0.0435001  0.780303  1  
0.0410979  -0.0492667  0.99793  0  -0.0774095  -0.995929  -0.0459799  0  0.996152  -0.0753611  -0.0447452  0  0.416201  -0.0434753  0.780296  1  
0.0411133  -0.0492604  0.99793  0  -0.0773537  -0.995933  -0.045975  0  0.996156  -0.0753048  -0.0447574  0  0.416208  -0.0434525  0.780292  1  
0.0411281  -0.0492588  0.997929  0  -0.0772952  -0.995938  -0.0459749  0  0.99616  -0.0752457  -0.0447693  0  0.416216  -0.0434262  0.780288  1  
0.0411478  -0.0492623  0.997928  0  -0.0772425  -0.995942  -0.0459793  0  0.996163  -0.075192  -0.0447868  0  0.416224  -0.0434044  0.78028  1  
0.0411681  -0.0492557  0.997928  0  -0.0771887  -0.995946  -0.0459736  0  0.996166  -0.0751376  -0.044804  0  0.416233  -0.0433804  0.780274  1  
0.0411841  -0.0492435  0.997928  0  -0.0771297  -0.995951  -0.0459628  0  0.99617  -0.0750783  -0.0448164  0  0.41624  -0.043353  0.780268  1  
0.0412003  -0.0492523  0.997927  0  -0.0770783  -0.995955  -0.0459727  0  0.996173  -0.0750258  -0.0448308  0  0.416248  -0.0433324  0.780263  1  
0.0412241  -0.0492497  0.997926  0  -0.07702  -0.99596  -0.045971  0  0.996177  -0.0749666  -0.0448516  0  0.416259  -0.043307  0.780255  1  
0.0412438  -0.0492438  0.997925  0  -0.0769613  -0.995964  -0.0459663  0  0.996181  -0.0749072  -0.044868  0  0.416268  -0.0432819  0.780247  1  
0.0412646  -0.0492411  0.997924  0  -0.0769021  -0.995969  -0.0459647  0  0.996184  -0.0748472  -0.0448859  0  0.416275  -0.0432562  0.780241  1  
0.0412895  -0.0492363  0.997924  0  -0.0768394  -0.995974  -0.0459608  0  0.996188  -0.0747836  -0.0449074  0  0.416286  -0.0432284  0.780233  1  
0.0413087  -0.0492412  0.997923  0  -0.0767858  -0.995978  -0.0459668  0  0.996191  -0.0747289  -0.0449245  0  0.416294  -0.0432064  0.780228  1  
0.0413383  -0.049244  0.997921  0  -0.0767235  -0.995982  -0.04597  0  0.996195  -0.0746652  -0.0449513  0  0.416306  -0.0431795  0.780218  1  
0.0413689  -0.0492344  0.997921  0  -0.0766559  -0.995988  -0.0459612  0  0.996199  -0.0745966  -0.0449779  0  0.416317  -0.0431499  0.780209  1  
0.0413892  -0.0492333  0.99792  0  -0.0766009  -0.995992  -0.0459611  0  0.996202  -0.0745407  -0.0449955  0  0.416327  -0.0431262  0.780203  1  
0.0414157  -0.0492346  0.997919  0  -0.0765334  -0.995997  -0.0459635  0  0.996206  -0.0744719  -0.0450189  0  0.416337  -0.0430975  0.780195  1  
0.0414352  -0.0492409  0.997917  0  -0.0764766  -0.996001  -0.0459709  0  0.99621  -0.074414  -0.0450361  0  0.416347  -0.0430746  0.780188  1  
0.0414694  -0.0492329  0.997916  0  -0.0764022  -0.996007  -0.0459638  0  0.996214  -0.0743383  -0.0450662  0  0.41636  -0.0430409  0.780176  1  
0.0414969  -0.0492352  0.997915  0  -0.0763419  -0.996012  -0.0459667  0  0.996218  -0.0742767  -0.045091  0  0.416372  -0.0430153  0.780168  1  
0.0415315  -0.049236  0.997914  0  -0.0762786  -0.996017  -0.0459678  0  0.996221  -0.0742117  -0.0451226  0  0.416386  -0.0429884  0.780156  1  
0.0415509  -0.0492385  0.997913  0  -0.076213  -0.996022  -0.0459719  0  0.996225  -0.0741451  -0.045139  0  0.416396  -0.0429614  0.78015  1  
0.041578  -0.0492284  0.997912  0  -0.0761437  -0.996027  -0.0459629  0  0.99623  -0.0740751  -0.0451621  0  0.416407  -0.0429309  0.78014  1  
0.0416041  -0.0492283  0.997911  0  -0.0760786  -0.996032  -0.0459638  0  0.996233  -0.0740089  -0.0451851  0  0.416419  -0.0429035  0.780131  1  
0.0416354  -0.0492289  0.99791  0  -0.0760048  -0.996038  -0.0459654  0  0.996238  -0.0739335  -0.0452129  0  0.416432  -0.0428723  0.780121  1  
0.0416715  -0.0492337  0.997908  0  -0.0759327  -0.996043  -0.0459708  0  0.996242  -0.0738596  -0.0452459  0  0.416447  -0.0428414  0.780108  1  
0.0416949  -0.0492305  0.997907  0  -0.0758627  -0.996048  -0.0459691  0  0.996246  -0.0737886  -0.0452657  0  0.416459  -0.0428117  0.7801  1  
0.0417241  -0.0492264  0.997906  0  -0.0757868  -0.996054  -0.0459663  0  0.996251  -0.0737117  -0.045291  0  0.416473  -0.0427796  0.780091  1  
0.0417555  -0.0492218  0.997905  0  -0.075716  -0.99606  -0.0459626  0  0.996255  -0.0736396  -0.0453187  0  0.416486  -0.0427491  0.78008  1  
0.0417882  -0.0492247  0.997904  0  -0.0756444  -0.996065  -0.0459664  0  0.996259  -0.0735663  -0.0453482  0  0.4165  -0.0427189  0.780068  1  
0.0418172  -0.0492211  0.997902  0  -0.075571  -0.996071  -0.045964  0  0.996263  -0.0734918  -0.0453735  0  0.416515  -0.0426871  0.780058  1  
0.0418572  -0.0492196  0.997901  0  -0.0754942  -0.996077  -0.045963  0  0.996267  -0.0734132  -0.0454096  0  0.416532  -0.0426537  0.780044  1  
0.0418908  -0.0492134  0.9979  0  -0.0754178  -0.996083  -0.0459578  0  0.996272  -0.0733356  -0.0454392  0  0.416546  -0.0426204  0.780032  1  
0.0419278  -0.0492172  0.997898  0  -0.0753468  -0.996088  -0.0459621  0  0.996275  -0.0732628  -0.045473  0  0.416562  -0.0425915  0.780019  1  
0.0419552  -0.0492112  0.997897  0  -0.0752649  -0.996094  -0.0459578  0  0.99628  -0.0731799  -0.0454961  0  0.416576  -0.0425541  0.780011  1  
0.0420007  -0.0492111  0.997895  0  -0.0751907  -0.9961  -0.0459578  0  0.996284  -0.0731036  -0.045538  0  0.416595  -0.0425238  0.779994  1  
0.0420425  -0.0492045  0.997894  0  -0.075116  -0.996106  -0.0459516  0  0.996288  -0.0730273  -0.0455757  0  0.416611  -0.0424915  0.77998  1  
0.0420876  -0.0492089  0.997892  0  -0.0750384  -0.996111  -0.0459562  0  0.996292  -0.0729474  -0.0456174  0  0.416629  -0.042459  0.779964  1  
0.0421295  -0.0492133  0.99789  0  -0.0749658  -0.996117  -0.0459609  0  0.996296  -0.0728727  -0.0456561  0  0.416646  -0.0424283  0.77995  1  
0.0421787  -0.0492033  0.997888  0  -0.0748864  -0.996123  -0.045951  0  0.9963  -0.0727915  -0.0457007  0  0.416665  -0.0423926  0.779934  1  
0.0422246  -0.0491946  0.997887  0  -0.0748103  -0.996129  -0.0459425  0  0.996303  -0.0727137  -0.0457423  0  0.416683  -0.0423593  0.779919  1  
0.0422849  -0.0491997  0.997884  0  -0.0747385  -0.996134  -0.0459464  0  0.996306  -0.0726389  -0.0457994  0  0.416705  -0.0423283  0.779898  1  
0.0423301  -0.0491977  0.997882  0  -0.0746592  -0.99614  -0.0459448  0  0.99631  -0.0725577  -0.0458406  0  0.416722  -0.0422936  0.779883  1  
0.0423846  -0.0491966  0.99788  0  -0.0745861  -0.996146  -0.0459431  0  0.996313  -0.0724821  -0.0458915  0  0.416743  -0.0422613  0.779864  1  
0.0424373  -0.0491928  0.997878  0  -0.074517  -0.996151  -0.0459387  0  0.996316  -0.0724107  -0.0459405  0  0.416763  -0.0422312  0.779846  1  
0.042487  -0.0491915  0.997876  0  -0.0744412  -0.996157  -0.0459373  0  0.99632  -0.0723327  -0.0459865  0  0.416784  -0.0421978  0.779829  1  
0.0425353  -0.0491927  0.997874  0  -0.0743652  -0.996163  -0.0459385  0  0.996323  -0.0722545  -0.0460312  0  0.416803  -0.042165  0.779812  1  
0.0425797  -0.0491893  0.997872  0  -0.074293  -0.996168  -0.0459352  0  0.996327  -0.0721804  -0.0460718  0  0.416823  -0.0421343  0.779797  1  
0.0426349  -0.0491831  0.99787  0  -0.074214  -0.996174  -0.0459287  0  0.99633  -0.0720991  -0.0461227  0  0.416845  -0.0420994  0.779776  1  
0.0426823  -0.0491867  0.997868  0  -0.0741359  -0.99618  -0.0459325  0  0.996334  -0.0720187  -0.0461667  0  0.416864  -0.0420651  0.77976  1  
0.0427356  -0.0491935  0.997865  0  -0.0740624  -0.996185  -0.0459388  0  0.996337  -0.0719425  -0.0462168  0  0.416886  -0.0420336  0.77974  1  
0.0427828  -0.0491904  0.997863  0  -0.0739894  -0.996191  -0.0459357  0  0.996341  -0.0718674  -0.0462603  0  0.416906  -0.0420018  0.779723  1  
0.04284  -0.0491895  0.997861  0  -0.0739128  -0.996197  -0.0459342  0  0.996344  -0.0717882  -0.0463137  0  0.416928  -0.0419687  0.779702  1  
0.0428878  -0.0491853  0.997859  0  -0.0738369  -0.996202  -0.0459301  0  0.996348  -0.0717104  -0.0463575  0  0.416949  -0.0419346  0.779686  1  
0.04294  -0.0491978  0.997856  0  -0.0737722  -0.996207  -0.0459419  0  0.99635  -0.0716427  -0.0464075  0  0.416971  -0.0419082  0.779665  1  
0.0429922  -0.0491898  0.997854  0  -0.073696  -0.996213  -0.0459338  0  0.996354  -0.0715645  -0.0464554  0  0.416993  -0.0418739  0.779647  1  
0.0430434  -0.0491927  0.997852  0  -0.0736149  -0.996219  -0.0459367  0  0.996357  -0.0714809  -0.0465028  0  0.417015  -0.0418396  0.779628  1  
0.0431034  -0.0491933  0.997849  0  -0.0735427  -0.996224  -0.0459364  0  0.99636  -0.0714059  -0.0465594  0  0.417039  -0.0418086  0.779606  1  
0.0431651  -0.0492058  0.997846  0  -0.0734749  -0.996228  -0.0459476  0  0.996362  -0.0713346  -0.0466186  0  0.417063  -0.04178  0.779583  1  
0.0432207  -0.0492024  0.997844  0  -0.0733974  -0.996234  -0.0459439  0  0.996366  -0.0712547  -0.0466701  0  0.417086  -0.0417459  0.779564  1  
0.0432808  -0.0492054  0.997841  0  -0.0733227  -0.99624  -0.0459461  0  0.996369  -0.0711772  -0.0467269  0  0.417108  -0.0417136  0.779542  1  
0.0433449  -0.0492003  0.997838  0  -0.07325  -0.996245  -0.0459398  0  0.996371  -0.0711018  -0.046787  0  0.417133  -0.0416807  0.779519  1  
0.0434069  -0.0492172  0.997835  0  -0.0731778  -0.99625  -0.0459557  0  0.996374  -0.0710259  -0.0468466  0  0.417157  -0.0416503  0.779498  1  
0.0434684  -0.0492167  0.997832  0  -0.0730992  -0.996256  -0.0459546  0  0.996377  -0.0709446  -0.0469042  0  0.41718  -0.0416142  0.779476  1  
0.04353  -0.0492167  0.997829  0  -0.0730314  -0.996261  -0.0459533  0  0.996379  -0.0708739  -0.0469625  0  0.417203  -0.041584  0.779454  1  
0.0436032  -0.049217  0.997826  0  -0.0729613  -0.996266  -0.0459517  0  0.996381  -0.0708005  -0.0470322  0  0.417231  -0.0415519  0.779428  1  
0.0436699  -0.0492235  0.997823  0  -0.0728875  -0.996271  -0.045957  0  0.996384  -0.0707232  -0.0470958  0  0.417257  -0.0415199  0.779403  1  
0.0437371  -0.0492247  0.99782  0  -0.0728166  -0.996276  -0.0459568  0  0.996386  -0.0706492  -0.0471596  0  0.417283  -0.041488  0.779378  1  
0.0438092  -0.049223  0.997817  0  -0.0727426  -0.996282  -0.0459536  0  0.996388  -0.0705719  -0.0472279  0  0.417311  -0.0414541  0.779351  1  
0.0438749  -0.0492291  0.997814  0  -0.0726675  -0.996287  -0.0459585  0  0.996391  -0.0704936  -0.0472903  0  0.417336  -0.041421  0.779326  1  
0.0439402  -0.0492275  0.997811  0  -0.0725944  -0.996293  -0.0459558  0  0.996393  -0.0704175  -0.0473518  0  0.417363  -0.0413868  0.779302  1  
0.0440091  -0.0492354  0.997808  0  -0.0725262  -0.996297  -0.0459621  0  0.996395  -0.0703457  -0.0474179  0  0.41739  -0.041357  0.779274  1  
0.0440777  -0.0492359  0.997804  0  -0.0724521  -0.996303  -0.0459612  0  0.996397  -0.0702685  -0.0474829  0  0.417419  -0.0413234  0.779247  1  
0.0441391  -0.049235  0.997802  0  -0.0723755  -0.996308  -0.0459597  0  0.9964  -0.0701891  -0.0475404  0  0.417444  -0.0412882  0.779225  1  
0.0442115  -0.0492426  0.997798  0  -0.0723018  -0.996313  -0.0459657  0  0.996402  -0.0701117  -0.0476098  0  0.417472  -0.0412548  0.779196  1  
0.0442817  -0.049248  0.997795  0  -0.0722314  -0.996318  -0.0459695  0  0.996404  -0.0700379  -0.0476768  0  0.4175  -0.0412226  0.779168  1  
0.0443484  -0.0492537  0.997792  0  -0.0721602  -0.996323  -0.045974  0  0.996407  -0.0699633  -0.0477404  0  0.417527  -0.0411904  0.779141  1  
0.0444227  -0.0492639  0.997788  0  -0.0720964  -0.996328  -0.045982  0  0.996408  -0.0698956  -0.0478123  0  0.417557  -0.0411628  0.77911  1  
0.044481  -0.0492599  0.997785  0  -0.0720213  -0.996333  -0.0459775  0  0.996411  -0.0698181  -0.0478665  0  0.417581  -0.0411283  0.779087  1  
0.0445526  -0.0492649  0.997782  0  -0.0719455  -0.996338  -0.0459812  0  0.996413  -0.0697387  -0.0479347  0  0.41761  -0.0410937  0.779057  1  
0.0446136  -0.0492723  0.997779  0  -0.0718751  -0.996343  -0.0459877  0  0.996415  -0.0696651  -0.0479929  0  0.417636  -0.0410636  0.779032  1  
0.0446874  -0.0492688  0.997776  0  -0.0718013  -0.996349  -0.0459826  0  0.996417  -0.069588  -0.0480627  0  0.417665  -0.0410287  0.779002  1  
0.0447573  -0.0492725  0.997772  0  -0.0717259  -0.996354  -0.045985  0  0.99642  -0.0695093  -0.0481292  0  0.417692  -0.0409956  0.778973  1  
0.0448299  -0.0492802  0.997769  0  -0.0716522  -0.996359  -0.0459912  0  0.996422  -0.0694319  -0.0481986  0  0.417721  -0.0409623  0.778943  1  
0.0448992  -0.0492835  0.997765  0  -0.0715807  -0.996364  -0.0459932  0  0.996424  -0.069357  -0.0482647  0  0.41775  -0.0409305  0.778914  1  
0.0449659  -0.0492837  0.997762  0  -0.0714991  -0.99637  -0.0459927  0  0.996427  -0.0692724  -0.0483273  0  0.417778  -0.0408934  0.778887  1  
0.0450414  -0.0492847  0.997759  0  -0.0714299  -0.996375  -0.0459918  0  0.996428  -0.0691997  -0.0483995  0  0.417808  -0.0408625  0.778855  1  
0.0451146  -0.0492951  0.997755  0  -0.0713574  -0.99638  -0.0460006  0  0.99643  -0.0691233  -0.0484697  0  0.417837  -0.0408313  0.778825  1  
0.0451952  -0.0493027  0.997751  0  -0.0712841  -0.996385  -0.0460062  0  0.996432  -0.0690458  -0.0485473  0  0.417869  -0.0407994  0.778792  1  
0.0452689  -0.0493133  0.997747  0  -0.071213  -0.99639  -0.0460151  0  0.996433  -0.0689708  -0.0486182  0  0.417898  -0.0407679  0.778761  1  
0.0453484  -0.0493118  0.997744  0  -0.071133  -0.996395  -0.0460121  0  0.996435  -0.0688872  -0.0486935  0  0.417932  -0.0407318  0.778727  1  
0.0454177  -0.049319  0.99774  0  -0.0710572  -0.9964  -0.0460182  0  0.996438  -0.0688079  -0.0487596  0  0.417961  -0.0406983  0.778698  1  
0.0455001  -0.049323  0.997736  0  -0.0709789  -0.996406  -0.0460203  0  0.996439  -0.0687256  -0.0488384  0  0.417993  -0.0406629  0.778664  1  
0.045572  -0.0493305  0.997733  0  -0.0709024  -0.996411  -0.0460266  0  0.996442  -0.0686454  -0.048907  0  0.418022  -0.0406293  0.778634  1  
0.0457303  -0.0493302  0.997725  0  -0.0707485  -0.996422  -0.0460231  0  0.996445  -0.0684843  -0.0490577  0  0.418087  -0.0405604  0.778568  1  
0.0458118  -0.0493373  0.997721  0  -0.0706683  -0.996428  -0.0460285  0  0.996447  -0.0683999  -0.0491357  0  0.418119  -0.0405234  0.778533  1  
0.0458874  -0.0493457  0.997717  0  -0.0705897  -0.996433  -0.0460356  0  0.996449  -0.0683175  -0.0492079  0  0.418152  -0.0404879  0.778501  1  
0.0459638  -0.0493436  0.997714  0  -0.070515  -0.996438  -0.046032  0  0.996451  -0.0682393  -0.0492805  0  0.418183  -0.0404546  0.778469  1  
0.0460418  -0.0493505  0.99771  0  -0.0704384  -0.996444  -0.0460373  0  0.996453  -0.0681587  -0.0493551  0  0.418215  -0.0404203  0.778434  1  
0.0461198  -0.0493482  0.997707  0  -0.0703618  -0.996449  -0.0460335  0  0.996455  -0.0680787  -0.0494292  0  0.418247  -0.0403837  0.778402  1  
0.0462009  -0.0493601  0.997702  0  -0.0702892  -0.996454  -0.0460435  0  0.996456  -0.0680018  -0.0495075  0  0.418279  -0.040352  0.778367  1  
0.0462829  -0.049357  0.997699  0  -0.0702075  -0.99646  -0.0460388  0  0.996458  -0.0679165  -0.0495852  0  0.418312  -0.0403154  0.778333  1  
0.046366  -0.0493601  0.997695  0  -0.0701285  -0.996465  -0.0460402  0  0.99646  -0.0678334  -0.0496646  0  0.418345  -0.040278  0.778298  1  
0.0464452  -0.0493697  0.99769  0  -0.070054  -0.99647  -0.0460481  0  0.996461  -0.0677548  -0.0497408  0  0.418378  -0.0402454  0.778263  1  
0.0465236  -0.0493722  0.997687  0  -0.0699765  -0.996476  -0.0460491  0  0.996463  -0.0676736  -0.0498155  0  0.418412  -0.0402093  0.778229  1  
0.0466113  -0.0493801  0.997682  0  -0.0699017  -0.996481  -0.0460549  0  0.996464  -0.0675943  -0.0499  0  0.418446  -0.0401764  0.778191  1  
0.0466988  -0.0493864  0.997678  0  -0.0698249  -0.996486  -0.0460591  0  0.996466  -0.0675132  -0.049984  0  0.418482  -0.040141  0.778152  1  
0.0467807  -0.0493899  0.997674  0  -0.0697524  -0.996491  -0.0460606  0  0.996467  -0.0674367  -0.0500625  0  0.418514  -0.0401085  0.778116  1  
0.0468647  -0.0493957  0.99767  0  -0.0696794  -0.996496  -0.0460645  0  0.996468  -0.0673596  -0.0501433  0  0.418549  -0.040075  0.77808  1  
0.0469509  -0.0494087  0.997665  0  -0.0696052  -0.9965  -0.0460753  0  0.996469  -0.0672806  -0.0502267  0  0.418583  -0.0400418  0.778042  1  
0.0470354  -0.0494079  0.997661  0  -0.0695286  -0.996506  -0.0460727  0  0.99647  -0.0672002  -0.0503073  0  0.418617  -0.0400057  0.778005  1  
0.0471242  -0.0494158  0.997656  0  -0.0694538  -0.996511  -0.0460784  0  0.996471  -0.0671209  -0.0503928  0  0.418654  -0.0399735  0.777966  1  
0.0472022  -0.0494239  0.997652  0  -0.0693733  -0.996516  -0.0460853  0  0.996473  -0.0670364  -0.0504674  0  0.418687  -0.0399375  0.777932  1  
0.0472941  -0.0494346  0.997647  0  -0.0692935  -0.996521  -0.0460939  0  0.996475  -0.0669518  -0.050556  0  0.418723  -0.0399027  0.777892  1  
0.0473846  -0.0494411  0.997643  0  -0.0692169  -0.996526  -0.0460982  0  0.996476  -0.0668707  -0.0506431  0  0.418759  -0.0398683  0.777852  1  
0.047474  -0.0494484  0.997638  0  -0.0691395  -0.996531  -0.0461035  0  0.996477  -0.0667888  -0.0507291  0  0.418795  -0.0398346  0.777812  1  
0.0475635  -0.0494553  0.997634  0  -0.0690592  -0.996537  -0.0461084  0  0.996478  -0.0667039  -0.0508151  0  0.418832  -0.0397977  0.777774  1  
0.0476606  -0.0494658  0.997628  0  -0.0689875  -0.996541  -0.0461161  0  0.996478  -0.0666273  -0.0509093  0  0.418871  -0.0397662  0.77773  1  
0.0477545  -0.049471  0.997624  0  -0.0689065  -0.996547  -0.0461192  0  0.996479  -0.0665417  -0.0509995  0  0.41891  -0.0397291  0.777689  1  
0.0478411  -0.0494781  0.997619  0  -0.0688319  -0.996552  -0.0461243  0  0.99648  -0.0664627  -0.0510828  0  0.418944  -0.0396965  0.77765  1  
0.0479215  -0.0494861  0.997615  0  -0.0687614  -0.996556  -0.0461305  0  0.996481  -0.066388  -0.0511602  0  0.418978  -0.0396654  0.777614  1  
0.0480155  -0.049491  0.99761  0  -0.0686803  -0.996562  -0.0461334  0  0.996483  -0.0663023  -0.0512505  0  0.419016  -0.0396279  0.777573  1  
0.0481109  -0.0494939  0.997605  0  -0.0686011  -0.996567  -0.046134  0  0.996483  -0.0662186  -0.051342  0  0.419054  -0.0395924  0.777531  1  
0.0482023  -0.0495043  0.9976  0  -0.0685226  -0.996572  -0.0461424  0  0.996484  -0.0661353  -0.0514302  0  0.419092  -0.0395579  0.77749  1  
0.0482924  -0.0495066  0.997596  0  -0.0684477  -0.996577  -0.0461426  0  0.996485  -0.0660561  -0.0515167  0  0.419127  -0.0395232  0.777451  1  
0.0483859  -0.0495093  0.997591  0  -0.0683731  -0.996583  -0.0461429  0  0.996486  -0.0659771  -0.0516066  0  0.419165  -0.0394898  0.77741  1  
0.0484682  -0.0495132  0.997587  0  -0.0682844  -0.996588  -0.046146  0  0.996488  -0.0658843  -0.0516848  0  0.419199  -0.0394491  0.777374  1  
0.0485639  -0.0495143  0.997582  0  -0.0682098  -0.996594  -0.0461447  0  0.996488  -0.0658052  -0.0517768  0  0.419237  -0.0394158  0.777332  1  
0.0486599  -0.049524  0.997577  0  -0.0681407  -0.996598  -0.0461516  0  0.996488  -0.0657311  -0.0518699  0  0.419275  -0.0393862  0.777289  1  
0.0487445  -0.0495197  0.997573  0  -0.0680599  -0.996604  -0.046146  0  0.99649  -0.0656466  -0.0519503  0  0.419311  -0.0393472  0.777253  1  
0.0488312  -0.0495303  0.997569  0  -0.0679845  -0.996609  -0.0461548  0  0.996491  -0.0655666  -0.0520339  0  0.419346  -0.0393143  0.777214  1  
0.0489264  -0.0495276  0.997564  0  -0.0679055  -0.996614  -0.04615  0  0.996491  -0.0654834  -0.0521249  0  0.419385  -0.0392789  0.777172  1  
0.0490172  -0.0495236  0.99756  0  -0.0678246  -0.99662  -0.0461442  0  0.996492  -0.0653985  -0.0522114  0  0.419421  -0.0392418  0.777132  1  
0.0491091  -0.0495291  0.997555  0  -0.067739  -0.996626  -0.0461482  0  0.996494  -0.0653084  -0.0522994  0  0.419459  -0.0392033  0.777092  1  
0.0491963  -0.0495356  0.99755  0  -0.0676625  -0.996631  -0.0461531  0  0.996495  -0.0652274  -0.0523832  0  0.419495  -0.0391701  0.777054  1  
0.0492957  -0.0495396  0.997545  0  -0.0675765  -0.996636  -0.046155  0  0.996495  -0.0651366  -0.0524786  0  0.419534  -0.0391323  0.77701  1  
0.0493843  -0.0495317  0.997541  0  -0.067493  -0.996642  -0.0461457  0  0.996497  -0.0650494  -0.0525626  0  0.41957  -0.0390931  0.776971  1  
0.0494781  -0.049541  0.997536  0  -0.0674128  -0.996647  -0.0461532  0  0.996498  -0.0649644  -0.0526529  0  0.419609  -0.0390585  0.77693  1  
0.049569  -0.0495414  0.997532  0  -0.067332  -0.996653  -0.0461519  0  0.996498  -0.0648794  -0.0527398  0  0.419645  -0.0390229  0.77689  1  
0.049665  -0.0495509  0.997526  0  -0.0672518  -0.996658  -0.0461594  0  0.996499  -0.0647942  -0.0528324  0  0.419683  -0.0389882  0.776848  1  
0.0497628  -0.0495505  0.997522  0  -0.0671718  -0.996664  -0.0461569  0  0.9965  -0.0647097  -0.0529262  0  0.419723  -0.0389533  0.776803  1  
0.0498563  -0.0495471  0.997517  0  -0.0670862  -0.99667  -0.046152  0  0.996501  -0.0646199  -0.0530152  0  0.419763  -0.0389141  0.776763  1  
0.0499546  -0.0495569  0.997512  0  -0.0670029  -0.996675  -0.0461598  0  0.996501  -0.0645316  -0.05311  0  0.419803  -0.0388783  0.776721  1  
0.0500545  -0.0495635  0.997506  0  -0.06692  -0.99668  -0.0461644  0  0.996502  -0.0644436  -0.0532061  0  0.419842  -0.0388434  0.776675  1  
0.050155  -0.0495689  0.997501  0  -0.0668331  -0.996686  -0.046168  0  0.996503  -0.0643517  -0.0533027  0  0.419884  -0.0388057  0.776631  1  
0.0502494  -0.0495636  0.997496  0  -0.0667443  -0.996692  -0.0461614  0  0.996504  -0.0642588  -0.0533923  0  0.419922  -0.0387665  0.77659  1  
0.0503487  -0.0495618  0.997492  0  -0.0666628  -0.996698  -0.0461576  0  0.996504  -0.0641729  -0.0534874  0  0.419961  -0.0387298  0.776547  1  
0.0504487  -0.0495723  0.997486  0  -0.0665763  -0.996703  -0.0461663  0  0.996505  -0.0640812  -0.0535837  0  0.420001  -0.0386931  0.776503  1  
0.0505445  -0.0495776  0.997481  0  -0.0664938  -0.996708  -0.0461699  0  0.996506  -0.0639939  -0.0536758  0  0.42004  -0.0386567  0.776462  1  
0.0506384  -0.049573  0.997476  0  -0.0664122  -0.996714  -0.0461636  0  0.996506  -0.0639082  -0.0537653  0  0.420078  -0.038621  0.77642  1  
0.0507412  -0.0495765  0.997471  0  -0.0663208  -0.99672  -0.0461655  0  0.996507  -0.0638118  -0.0538638  0  0.420119  -0.0385812  0.776375  1  
0.0508403  -0.0495795  0.997466  0  -0.066228  -0.996726  -0.0461671  0  0.996508  -0.0637142  -0.0539585  0  0.420159  -0.03854  0.776331  1  
0.0509429  -0.0495908  0.99746  0  -0.0661438  -0.996731  -0.0461764  0  0.996509  -0.0636246  -0.0540576  0  0.420201  -0.0385049  0.776285  1  
0.0510473  -0.0495877  0.997455  0  -0.066052  -0.996738  -0.0461717  0  0.996509  -0.0635282  -0.0541572  0  0.420243  -0.038464  0.77624  1  
0.0511449  -0.049589  0.99745  0  -0.0659619  -0.996744  -0.0461717  0  0.99651  -0.0634334  -0.0542504  0  0.420283  -0.0384244  0.776197  1  
0.0512491  -0.049598  0.997444  0  -0.065871  -0.996749  -0.046179  0  0.996511  -0.0633372  -0.0543506  0  0.420324  -0.0383847  0.776151  1  
0.051353  -0.0496058  0.997438  0  -0.0657841  -0.996755  -0.0461849  0  0.996512  -0.0632451  -0.0544507  0  0.420367  -0.038346  0.776105  1  
0.0514527  -0.0496059  0.997433  0  -0.065698  -0.996761  -0.0461835  0  0.996512  -0.0631543  -0.054546  0  0.420407  -0.038308  0.776062  1  
0.0515532  -0.0496102  0.997428  0  -0.0656212  -0.996766  -0.0461856  0  0.996512  -0.0630726  -0.054643  0  0.420449  -0.0382752  0.776017  1  
0.0516538  -0.0496194  0.997422  0  -0.0655358  -0.996771  -0.0461931  0  0.996512  -0.062982  -0.0547399  0  0.420489  -0.0382382  0.775973  1  
0.0517503  -0.0496308  0.997416  0  -0.0654525  -0.996776  -0.046203  0  0.996513  -0.0628936  -0.054833  0  0.420528  -0.0382018  0.775931  1  
0.0518536  -0.0496357  0.997411  0  -0.0653655  -0.996781  -0.0462061  0  0.996513  -0.0628015  -0.0549322  0  0.42057  -0.0381635  0.775884  1  
0.0519523  -0.0496438  0.997405  0  -0.0652723  -0.996787  -0.0462132  0  0.996514  -0.0627033  -0.0550268  0  0.42061  -0.0381234  0.77584  1  
0.0520491  -0.0496496  0.9974  0  -0.0651882  -0.996792  -0.0462175  0  0.996515  -0.0626143  -0.0551197  0  0.420651  -0.0380863  0.775797  1  
0.0521483  -0.0496577  0.997394  0  -0.0651032  -0.996798  -0.0462241  0  0.996515  -0.0625243  -0.0552153  0  0.420691  -0.0380493  0.775754  1  
0.0522513  -0.0496686  0.997388  0  -0.0650162  -0.996803  -0.0462333  0  0.996515  -0.0624318  -0.0553146  0  0.420733  -0.0380116  0.775708  1  
0.0523488  -0.0496757  0.997383  0  -0.064936  -0.996808  -0.0462389  0  0.996515  -0.0623467  -0.0554085  0  0.420773  -0.0379764  0.775665  1  
0.0524531  -0.0496797  0.997377  0  -0.064849  -0.996813  -0.0462411  0  0.996516  -0.0622547  -0.0555087  0  0.420814  -0.0379385  0.775619  1  
0.0525555  -0.0496898  0.997371  0  -0.0647697  -0.996818  -0.0462493  0  0.996515  -0.06217  -0.0556078  0  0.420855  -0.0379042  0.775573  1  
0.0526585  -0.0497046  0.997365  0  -0.0646829  -0.996823  -0.0462625  0  0.996515  -0.0620775  -0.0557073  0  0.420896  -0.0378666  0.775529  1  
0.0527568  -0.0497114  0.99736  0  -0.0645967  -0.996829  -0.046268  0  0.996516  -0.0619864  -0.0558018  0  0.420936  -0.0378296  0.775485  1  
0.0528563  -0.0497147  0.997354  0  -0.0645088  -0.996834  -0.0462701  0  0.996516  -0.0618936  -0.0558971  0  0.420976  -0.037792  0.775441  1  
0.0529598  -0.0497197  0.997348  0  -0.0644249  -0.996839  -0.0462733  0  0.996516  -0.0618046  -0.0559967  0  0.421018  -0.0377547  0.775396  1  
0.053061  -0.0497297  0.997343  0  -0.0643397  -0.996845  -0.0462818  0  0.996516  -0.0617141  -0.0560942  0  0.421059  -0.0377176  0.775351  1  
0.0531702  -0.0497363  0.997336  0  -0.0642516  -0.99685  -0.0462866  0  0.996516  -0.0616205  -0.0561995  0  0.421103  -0.0376777  0.775303  1  
0.0532761  -0.0497367  0.997331  0  -0.0641705  -0.996855  -0.0462851  0  0.996516  -0.0615345  -0.0563012  0  0.421145  -0.0376426  0.775257  1  
0.0533816  -0.0497413  0.997325  0  -0.0640922  -0.99686  -0.0462876  0  0.996515  -0.061451  -0.0564032  0  0.421188  -0.037608  0.77521  1  
0.0534896  -0.0497468  0.997319  0  -0.0640072  -0.996866  -0.0462913  0  0.996515  -0.0613607  -0.0565071  0  0.421231  -0.0375706  0.775163  1  
0.0535935  -0.0497567  0.997313  0  -0.0639247  -0.99687  -0.0462995  0  0.996515  -0.0612727  -0.0566076  0  0.421274  -0.0375336  0.775117  1  
0.0537051  -0.0497552  0.997307  0  -0.0638484  -0.996876  -0.0462954  0  0.996513  -0.0611914  -0.0567152  0  0.421319  -0.0375009  0.775068  1  
0.0538108  -0.0497596  0.997301  0  -0.0637632  -0.996881  -0.0462982  0  0.996513  -0.0611009  -0.0568168  0  0.421362  -0.0374633  0.775021  1  
0.053926  -0.0497724  0.997294  0  -0.0636844  -0.996885  -0.0463085  0  0.996512  -0.0610161  -0.0569289  0  0.421408  -0.0374286  0.77497  1  
0.0540287  -0.0497732  0.997288  0  -0.0636035  -0.996891  -0.0463076  0  0.996512  -0.0609302  -0.0570276  0  0.421451  -0.0373923  0.774925  1  
0.0541397  -0.0497767  0.997282  0  -0.0635228  -0.996896  -0.0463089  0  0.996511  -0.0608442  -0.0571347  0  0.421496  -0.0373575  0.774874  1  
0.0542528  -0.049788  0.997276  0  -0.0634414  -0.9969  -0.046318  0  0.99651  -0.0607568  -0.0572444  0  0.421543  -0.0373219  0.774825  1  
0.0543597  -0.0497946  0.997269  0  -0.0633627  -0.996905  -0.0463226  0  0.996509  -0.0606728  -0.0573477  0  0.421587  -0.0372875  0.774777  1  
0.0544702  -0.0497998  0.997263  0  -0.0632828  -0.99691  -0.0463257  0  0.996508  -0.0605874  -0.0574545  0  0.421631  -0.0372524  0.774728  1  
0.0545871  -0.0498014  0.997257  0  -0.0631984  -0.996916  -0.0463251  0  0.996507  -0.0604975  -0.0575672  0  0.421677  -0.037215  0.774678  1  
0.0546963  -0.0498013  0.997251  0  -0.063123  -0.99692  -0.0463226  0  0.996506  -0.060417  -0.0576726  0  0.421721  -0.0371817  0.77463  1  
0.0548021  -0.0498048  0.997245  0  -0.0630396  -0.996926  -0.0463246  0  0.996505  -0.0603284  -0.0577744  0  0.421765  -0.0371461  0.774582  1  
0.0549157  -0.0498153  0.997238  0  -0.0629582  -0.99693  -0.046333  0  0.996504  -0.060241  -0.0578845  0  0.421811  -0.0371122  0.774532  1  
0.0550188  -0.0498179  0.997232  0  -0.062872  -0.996936  -0.0463344  0  0.996504  -0.0601498  -0.0579834  0  0.421853  -0.0370741  0.774487  1  
0.0551319  -0.0498224  0.997226  0  -0.0627882  -0.996941  -0.0463369  0  0.996503  -0.0600605  -0.0580927  0  0.421898  -0.0370384  0.774438  1  
0.0552422  -0.0498231  0.997219  0  -0.062707  -0.996946  -0.0463358  0  0.996502  -0.0599741  -0.0581989  0  0.421942  -0.0370027  0.77439  1  
0.0553493  -0.0498273  0.997213  0  -0.0626242  -0.996951  -0.0463383  0  0.996501  -0.0598861  -0.058302  0  0.421986  -0.0369671  0.774342  1  
0.055462  -0.0498349  0.997207  0  -0.0625455  -0.996956  -0.0463438  0  0.9965  -0.0598017  -0.0584112  0  0.422031  -0.036934  0.774292  1  
0.055567  -0.0498383  0.997201  0  -0.0624644  -0.996961  -0.0463456  0  0.996499  -0.0597155  -0.0585124  0  0.422074  -0.0368986  0.774246  1  
0.0556784  -0.0498406  0.997194  0  -0.0623856  -0.996966  -0.0463458  0  0.996498  -0.0596312  -0.0586199  0  0.422119  -0.0368654  0.774197  1  
0.0557863  -0.0498454  0.997188  0  -0.0623027  -0.996971  -0.0463491  0  0.996497  -0.059543  -0.058724  0  0.422162  -0.0368295  0.77415  1  
0.0558916  -0.0498408  0.997182  0  -0.0622173  -0.996976  -0.0463432  0  0.996496  -0.059453  -0.0588247  0  0.422205  -0.0367916  0.774104  1  
0.0560049  -0.0498433  0.997176  0  -0.0621418  -0.996981  -0.0463435  0  0.996495  -0.059372  -0.0589343  0  0.422251  -0.0367579  0.774054  1  
0.0561101  -0.0498435  0.99717  0  -0.0620582  -0.996986  -0.0463424  0  0.996494  -0.0592835  -0.0590354  0  0.422295  -0.0367224  0.774009  1  
0.0562189  -0.0498454  0.997164  0  -0.061979  -0.996991  -0.0463425  0  0.996493  -0.059199  -0.0591402  0  0.422339  -0.0366875  0.773961  1  
