-0.0018674  -0.0309473  0.99951  0  -0.0507819  -0.998219  -0.0310022  0  0.998708  -0.0508159  0.000292518  0  0.400784  -0.0431105  0.775989  1  
-0.00187068  -0.0309466  0.99951  0  -0.0507838  -0.998219  -0.0310017  0  0.998708  -0.0508179  0.000295771  0  0.400783  -0.0431124  0.775989  1  
-0.0018661  -0.0309491  0.99951  0  -0.050781  -0.998219  -0.031004  0  0.998708  -0.0508149  0.000291154  0  0.400784  -0.0431107  0.775987  1  
-0.00186841  -0.0309429  0.99951  0  -0.0507791  -0.998219  -0.0309979  0  0.998708  -0.0508131  0.000293829  0  0.400783  -0.0431099  0.775988  1  
-0.00186263  -0.0309564  0.999509  0  -0.0507836  -0.998218  -0.0310111  0  0.998708  -0.0508175  0.000287235  0  0.400784  -0.043113  0.775984  1  
-0.00185858  -0.0309487  0.99951  0  -0.0507818  -0.998219  -0.0310032  0  0.998708  -0.0508155  0.000283648  0  0.400784  -0.0431125  0.775982  1  
-0.00185365  -0.0309542  0.999509  0  -0.0507825  -0.998219  -0.0310084  0  0.998708  -0.050816  0.000278419  0  0.400784  -0.0431127  0.775979  1  
-0.00185229  -0.0309505  0.99951  0  -0.0507815  -0.998219  -0.0310047  0  0.998708  -0.050815  0.000277284  0  0.400783  -0.0431137  0.775977  1  
-0.00184595  -0.0309554  0.999509  0  -0.0507877  -0.998218  -0.0310092  0  0.998708  -0.050821  0.000270506  0  0.400784  -0.043117  0.775974  1  
-0.00183591  -0.0309508  0.99951  0  -0.0507829  -0.998219  -0.0310041  0  0.998708  -0.0508159  0.000260872  0  0.400784  -0.0431148  0.775969  1  
-0.00182419  -0.0309524  0.99951  0  -0.0507822  -0.998219  -0.0310051  0  0.998708  -0.0508149  0.000249113  0  0.400787  -0.0431144  0.775964  1  
-0.0018121  -0.0309507  0.99951  0  -0.0507813  -0.998219  -0.0310028  0  0.998708  -0.0508135  0.000237159  0  0.400789  -0.0431136  0.775959  1  
-0.00178902  -0.0309583  0.999509  0  -0.0507754  -0.998219  -0.0310092  0  0.998708  -0.0508069  0.000213918  0  0.400794  -0.0431105  0.77595  1  
-0.00177094  -0.0309532  0.99951  0  -0.0507757  -0.998219  -0.0310032  0  0.998708  -0.0508067  0.000196113  0  0.400798  -0.0431111  0.775942  1  
-0.00174626  -0.0309563  0.99951  0  -0.0507713  -0.998219  -0.031005  0  0.998709  -0.0508016  0.000171464  0  0.400803  -0.0431095  0.775933  1  
-0.00171749  -0.0309544  0.99951  0  -0.0507722  -0.998219  -0.0310017  0  0.998709  -0.0508015  0.000142815  0  0.40081  -0.0431108  0.775922  1  
-0.00168918  -0.0309613  0.99951  0  -0.0507693  -0.998219  -0.0310072  0  0.998709  -0.0507977  0.000114292  0  0.400815  -0.043109  0.775911  1  
-0.00165651  -0.0309623  0.99951  0  -0.0507681  -0.998219  -0.0310065  0  0.998709  -0.0507956  8.16574e-05  0  0.400822  -0.0431096  0.775898  1  
-0.00162349  -0.0309663  0.999509  0  -0.0507652  -0.998219  -0.0310088  0  0.998709  -0.0507916  4.85951e-05  0  0.400828  -0.0431076  0.775886  1  
-0.00160355  -0.0309611  0.99951  0  -0.0507604  -0.99822  -0.0310026  0  0.99871  -0.0507862  2.90993e-05  0  0.400831  -0.043105  0.775878  1  
-0.00156472  -0.0309699  0.999509  0  -0.0507579  -0.99822  -0.0310094  0  0.99871  -0.0507825  -1.00314e-05  0  0.400838  -0.0431057  0.775863  1  
-0.00153853  -0.0309662  0.99951  0  -0.0507532  -0.99822  -0.0310044  0  0.99871  -0.050777  -3.58457e-05  0  0.400842  -0.0431038  0.775853  1  
-0.00151011  -0.0309753  0.999509  0  -0.050746  -0.99822  -0.0310121  0  0.99871  -0.0507689  -6.44544e-05  0  0.400847  -0.0431017  0.775841  1  
-0.00148232  -0.0309769  0.999509  0  -0.0507398  -0.998221  -0.0310122  0  0.998711  -0.0507619  -9.20851e-05  0  0.400852  -0.0430989  0.775831  1  
-0.00145011  -0.03098  0.999509  0  -0.0507312  -0.998221  -0.0310137  0  0.998711  -0.0507523  -0.000124129  0  0.400858  -0.043096  0.775817  1  
-0.00142562  -0.0309786  0.999509  0  -0.0507289  -0.998221  -0.031011  0  0.998711  -0.0507492  -0.00014843  0  0.400861  -0.0430946  0.775808  1  
-0.00140039  -0.0309849  0.999509  0  -0.0507201  -0.998222  -0.0310161  0  0.998712  -0.0507396  -0.000173659  0  0.400865  -0.0430914  0.775799  1  
-0.00136855  -0.0309858  0.999509  0  -0.0507137  -0.998222  -0.0310154  0  0.998712  -0.0507323  -0.000205297  0  0.40087  -0.0430905  0.775787  1  
-0.00133715  -0.0309929  0.999509  0  -0.0507063  -0.998222  -0.0310208  0  0.998713  -0.0507239  -0.000236765  0  0.400875  -0.0430874  0.775775  1  
-0.00130816  -0.0309891  0.999509  0  -0.0507002  -0.998223  -0.0310156  0  0.998713  -0.0507168  -0.00026532  0  0.40088  -0.0430857  0.775764  1  
-0.00128069  -0.0309936  0.999509  0  -0.0506929  -0.998223  -0.0310187  0  0.998713  -0.0507087  -0.000292748  0  0.400883  -0.043083  0.775754  1  
-0.00124539  -0.0309941  0.999509  0  -0.0506841  -0.998223  -0.0310174  0  0.998714  -0.0506988  -0.000327737  0  0.40089  -0.04308  0.77574  1  
-0.00121832  -0.0309981  0.999509  0  -0.050672  -0.998224  -0.03102  0  0.998715  -0.0506859  -0.000354583  0  0.400894  -0.0430743  0.77573  1  
-0.00118983  -0.0309991  0.999509  0  -0.0506643  -0.998224  -0.0310196  0  0.998715  -0.0506773  -0.000382842  0  0.400899  -0.043072  0.77572  1  
-0.00115653  -0.0310004  0.999509  0  -0.0506571  -0.998225  -0.0310191  0  0.998715  -0.0506691  -0.000415925  0  0.400905  -0.0430677  0.775706  1  
-0.00112409  -0.0310031  0.999509  0  -0.0506461  -0.998225  -0.0310202  0  0.998716  -0.0506571  -0.000448094  0  0.400911  -0.0430657  0.775694  1  
-0.00109317  -0.031009  0.999509  0  -0.0506362  -0.998226  -0.0310246  0  0.998717  -0.0506463  -0.000478964  0  0.400917  -0.0430613  0.77568  1  
-0.00105967  -0.0310066  0.999509  0  -0.0506286  -0.998226  -0.0310204  0  0.998717  -0.0506376  -0.00051204  0  0.400924  -0.0430588  0.775667  1  
-0.00102351  -0.0310063  0.999509  0  -0.0506197  -0.998227  -0.0310183  0  0.998717  -0.0506276  -0.000547844  0  0.400932  -0.0430538  0.775652  1  
-0.000993491  -0.0310062  0.999509  0  -0.0506065  -0.998227  -0.0310168  0  0.998718  -0.0506135  -0.0005774  0  0.400938  -0.0430486  0.77564  1  
-0.000960156  -0.0310144  0.999509  0  -0.0505943  -0.998228  -0.0310233  0  0.998719  -0.0506002  -0.000610712  0  0.400946  -0.043044  0.775625  1  
-0.000929904  -0.031009  0.999509  0  -0.0505866  -0.998228  -0.0310164  0  0.998719  -0.0505916  -0.000640398  0  0.400953  -0.0430408  0.775613  1  
-0.000893556  -0.0310179  0.999509  0  -0.0505767  -0.998229  -0.0310234  0  0.99872  -0.0505805  -0.000676821  0  0.400961  -0.043037  0.775596  1  
-0.000860472  -0.0310176  0.999509  0  -0.0505719  -0.998229  -0.0310214  0  0.99872  -0.0505747  -0.000709683  0  0.400968  -0.0430356  0.775581  1  
-0.000821842  -0.0310254  0.999509  0  -0.0505573  -0.998229  -0.0310273  0  0.998721  -0.0505589  -0.000748188  0  0.400978  -0.0430297  0.775564  1  
-0.000783337  -0.0310179  0.999509  0  -0.0505465  -0.99823  -0.0310178  0  0.998721  -0.050547  -0.000785912  0  0.400987  -0.0430246  0.775548  1  
-0.000750495  -0.0310209  0.999509  0  -0.0505355  -0.998231  -0.0310192  0  0.998722  -0.0505349  -0.000818506  0  0.400996  -0.043019  0.775533  1  
-0.00070743  -0.0310208  0.999509  0  -0.0505243  -0.998231  -0.0310169  0  0.998723  -0.0505224  -0.000861143  0  0.401006  -0.0430148  0.775513  1  
-0.000666882  -0.0310327  0.999509  0  -0.050516  -0.998232  -0.0310267  0  0.998723  -0.0505129  -0.000901961  0  0.401016  -0.0430114  0.775495  1  
-0.000628575  -0.031028  0.999509  0  -0.050507  -0.998232  -0.0310201  0  0.998723  -0.0505027  -0.000939685  0  0.401025  -0.043008  0.775478  1  
-0.000584634  -0.0310338  0.999509  0  -0.050498  -0.998233  -0.0310237  0  0.998724  -0.0504923  -0.000983562  0  0.401036  -0.0430048  0.775459  1  
-0.00054612  -0.0310288  0.999509  0  -0.0504884  -0.998233  -0.0310168  0  0.998724  -0.0504815  -0.00102146  0  0.401044  -0.0430006  0.775442  1  
-0.000505964  -0.0310326  0.999509  0  -0.0504762  -0.998234  -0.0310186  0  0.998725  -0.0504681  -0.00106136  0  0.401053  -0.0429951  0.775424  1  
-0.000465523  -0.0310393  0.999508  0  -0.0504651  -0.998234  -0.0310233  0  0.998726  -0.0504558  -0.00110172  0  0.401064  -0.0429919  0.775405  1  
-0.000427818  -0.0310441  0.999508  0  -0.0504617  -0.998234  -0.0310262  0  0.998726  -0.0504511  -0.0011395  0  0.401073  -0.0429899  0.775387  1  
-0.000384287  -0.0310429  0.999508  0  -0.0504494  -0.998235  -0.0310228  0  0.998727  -0.0504375  -0.00118251  0  0.401084  -0.0429853  0.775366  1  
-0.000346204  -0.0310427  0.999508  0  -0.0504426  -0.998235  -0.0310206  0  0.998727  -0.0504295  -0.0012203  0  0.401094  -0.0429825  0.775348  1  
-0.000305366  -0.0310456  0.999508  0  -0.0504283  -0.998236  -0.0310215  0  0.998728  -0.050414  -0.00126078  0  0.401104  -0.0429759  0.775329  1  
-0.00026621  -0.031048  0.999508  0  -0.0504192  -0.998237  -0.031022  0  0.998728  -0.0504037  -0.0012997  0  0.401113  -0.0429714  0.77531  1  
-0.000226169  -0.0310447  0.999508  0  -0.0504084  -0.998237  -0.0310166  0  0.998729  -0.0503916  -0.00133917  0  0.401125  -0.0429678  0.77529  1  
-0.000192241  -0.031053  0.999508  0  -0.0504019  -0.998237  -0.0310233  0  0.998729  -0.050384  -0.00137326  0  0.401133  -0.0429651  0.775273  1  
-0.000148306  -0.0310499  0.999508  0  -0.050393  -0.998238  -0.0310179  0  0.998729  -0.0503737  -0.00141668  0  0.401144  -0.042961  0.775252  1  
-0.000112332  -0.0310578  0.999508  0  -0.050385  -0.998238  -0.031024  0  0.99873  -0.0503647  -0.00145274  0  0.401154  -0.0429584  0.775233  1  
-6.92098e-05  -0.0310535  0.999508  0  -0.0503744  -0.998239  -0.0310176  0  0.99873  -0.0503527  -0.00149524  0  0.401165  -0.0429532  0.775212  1  
-3.31153e-05  -0.0310615  0.999508  0  -0.0503659  -0.998239  -0.0310237  0  0.998731  -0.0503431  -0.00153141  0  0.401176  -0.0429489  0.775192  1  
8.82429e-06  -0.0310592  0.999508  0  -0.0503597  -0.99824  -0.0310193  0  0.998731  -0.0503357  -0.00157297  0  0.401187  -0.0429466  0.775171  1  
4.82686e-05  -0.031059  0.999508  0  -0.05035  -0.99824  -0.0310171  0  0.998732  -0.0503247  -0.00161203  0  0.401198  -0.0429412  0.77515  1  
8.29591e-05  -0.0310571  0.999508  0  -0.0503393  -0.998241  -0.0310135  0  0.998732  -0.050313  -0.00164624  0  0.401208  -0.0429375  0.775132  1  
0.000120433  -0.0310688  0.999508  0  -0.0503363  -0.998241  -0.0310234  0  0.998732  -0.0503088  -0.00168414  0  0.401218  -0.0429378  0.775112  1  
0.000161018  -0.0310638  0.999508  0  -0.0503212  -0.998242  -0.0310164  0  0.998733  -0.0502924  -0.00172394  0  0.40123  -0.0429303  0.775091  1  
0.000193746  -0.0310739  0.999507  0  -0.0503109  -0.998242  -0.0310248  0  0.998734  -0.0502811  -0.0017568  0  0.401239  -0.0429259  0.775073  1  
0.000237866  -0.0310691  0.999508  0  -0.0503034  -0.998243  -0.0310178  0  0.998734  -0.0502722  -0.00180037  0  0.401252  -0.0429216  0.775051  1  
0.000284938  -0.0310754  0.999507  0  -0.0502971  -0.998243  -0.0310217  0  0.998734  -0.0502645  -0.00184748  0  0.401265  -0.04292  0.775026  1  
0.000324579  -0.0310709  0.999508  0  -0.0502871  -0.998243  -0.0310152  0  0.998735  -0.0502532  -0.00188651  0  0.401275  -0.0429157  0.775006  1  
0.000366874  -0.0310792  0.999507  0  -0.0502787  -0.998244  -0.0310215  0  0.998735  -0.0502435  -0.00192889  0  0.401288  -0.0429114  0.774984  1  
0.000417754  -0.0310714  0.999507  0  -0.0502705  -0.998244  -0.0310111  0  0.998736  -0.0502338  -0.00197903  0  0.401302  -0.0429082  0.774958  1  
0.000467869  -0.0310853  0.999507  0  -0.0502591  -0.998245  -0.0310225  0  0.998736  -0.0502208  -0.0020294  0  0.401316  -0.0429038  0.774932  1  
0.00052018  -0.0310821  0.999507  0  -0.0502515  -0.998245  -0.0310167  0  0.998736  -0.0502116  -0.00208123  0  0.40133  -0.0429007  0.774906  1  
0.000571209  -0.0310837  0.999507  0  -0.0502408  -0.998246  -0.0310157  0  0.998737  -0.0501993  -0.00213192  0  0.401344  -0.042894  0.77488  1  
0.000618922  -0.031082  0.999507  0  -0.0502327  -0.998246  -0.0310116  0  0.998737  -0.0501897  -0.00217921  0  0.401359  -0.0428907  0.774856  1  
0.000674559  -0.0310918  0.999507  0  -0.0502186  -0.998247  -0.0310187  0  0.998738  -0.0501739  -0.00223481  0  0.401374  -0.0428842  0.774829  1  
0.000728151  -0.0310987  0.999506  0  -0.0502131  -0.998247  -0.0310229  0  0.998738  -0.0501667  -0.00228848  0  0.401389  -0.0428829  0.774802  1  
0.000781006  -0.0310969  0.999506  0  -0.0502047  -0.998248  -0.0310185  0  0.998739  -0.0501567  -0.00234089  0  0.401404  -0.0428784  0.774776  1  
0.000833884  -0.0310921  0.999507  0  -0.0501956  -0.998248  -0.031011  0  0.998739  -0.050146  -0.00239316  0  0.401418  -0.0428738  0.774748  1  
0.000892525  -0.0310932  0.999506  0  -0.0501874  -0.998249  -0.0310093  0  0.998739  -0.0501359  -0.0024515  0  0.401435  -0.0428693  0.774719  1  
0.000951179  -0.031096  0.999506  0  -0.0501774  -0.998249  -0.0310091  0  0.99874  -0.0501241  -0.00250988  0  0.401451  -0.0428652  0.774688  1  
0.00100255  -0.0310989  0.999506  0  -0.0501706  -0.99825  -0.0310094  0  0.99874  -0.0501157  -0.00256109  0  0.401466  -0.0428623  0.774661  1  
0.00105593  -0.0310996  0.999506  0  -0.0501586  -0.99825  -0.0310075  0  0.998741  -0.050102  -0.00261404  0  0.401481  -0.0428565  0.774634  1  
0.00111836  -0.0310963  0.999506  0  -0.0501403  -0.998251  -0.0310011  0  0.998742  -0.0500818  -0.00267564  0  0.401498  -0.0428467  0.774601  1  
0.00117562  -0.0310996  0.999506  0  -0.0501354  -0.998252  -0.0310016  0  0.998742  -0.0500751  -0.0027328  0  0.401514  -0.0428447  0.774571  1  
0.0012282  -0.0311032  0.999506  0  -0.0501247  -0.998252  -0.0310025  0  0.998742  -0.0500628  -0.00278514  0  0.401528  -0.0428399  0.774544  1  
0.00128115  -0.0311058  0.999506  0  -0.0501153  -0.998252  -0.0310025  0  0.998743  -0.0500518  -0.00283784  0  0.401542  -0.0428364  0.774515  1  
0.00133888  -0.0311117  0.999505  0  -0.0501066  -0.998253  -0.0310056  0  0.998743  -0.0500413  -0.00289549  0  0.401558  -0.0428309  0.774484  1  
0.0013963  -0.0311029  0.999506  0  -0.0500973  -0.998254  -0.030994  0  0.998743  -0.0500302  -0.00295209  0  0.401574  -0.0428261  0.774455  1  
0.00145229  -0.0311148  0.999505  0  -0.0500893  -0.998254  -0.031003  0  0.998744  -0.0500204  -0.00300833  0  0.40159  -0.042823  0.774426  1  
0.00151666  -0.0311147  0.999505  0  -0.0500802  -0.998254  -0.0309998  0  0.998744  -0.0500094  -0.0030723  0  0.401607  -0.0428188  0.774393  1  
0.0015692  -0.0311173  0.999505  0  -0.0500724  -0.998255  -0.0309998  0  0.998744  -0.05  -0.00312464  0  0.401621  -0.042815  0.774365  1  
0.00163101  -0.0311114  0.999505  0  -0.0500614  -0.998256  -0.0309909  0  0.998745  -0.0499871  -0.00318571  0  0.401639  -0.0428096  0.774332  1  
0.00168604  -0.031124  0.999504  0  -0.050056  -0.998256  -0.0310007  0  0.998745  -0.0499799  -0.00324111  0  0.401654  -0.042807  0.774303  1  
0.00175084  -0.0311208  0.999504  0  -0.0500447  -0.998256  -0.0309943  0  0.998745  -0.0499666  -0.00330529  0  0.401671  -0.0428007  0.774269  1  
0.00181362  -0.0311239  0.999504  0  -0.0500347  -0.998257  -0.0309943  0  0.998746  -0.0499546  -0.0033678  0  0.401688  -0.0427962  0.774237  1  
0.00188144  -0.0311247  0.999504  0  -0.0500251  -0.998257  -0.0309917  0  0.998746  -0.0499429  -0.00343524  0  0.401707  -0.0427914  0.774202  1  
0.00194297  -0.0311364  0.999504  0  -0.0500202  -0.998257  -0.0310004  0  0.998746  -0.0499361  -0.0034971  0  0.401725  -0.0427901  0.774169  1  
0.00201476  -0.0311262  0.999504  0  -0.0500097  -0.998258  -0.0309866  0  0.998747  -0.0499234  -0.00356793  0  0.401744  -0.0427848  0.774132  1  
0.00207533  -0.031139  0.999503  0  -0.0500015  -0.998258  -0.0309964  0  0.998747  -0.0499133  -0.00362878  0  0.401762  -0.0427816  0.7741  1  
0.00212979  -0.0311369  0.999503  0  -0.0499901  -0.998259  -0.0309916  0  0.998747  -0.0499003  -0.00368269  0  0.401777  -0.042775  0.774071  1  
0.00220228  -0.0311454  0.999503  0  -0.0499881  -0.998259  -0.0309965  0  0.998747  -0.049896  -0.00375542  0  0.401797  -0.0427749  0.774033  1  
0.0022701  -0.0311461  0.999503  0  -0.0499782  -0.99826  -0.0309938  0  0.998748  -0.049884  -0.00382285  0  0.401815  -0.0427716  0.773998  1  
0.00233691  -0.0311535  0.999502  0  -0.0499701  -0.99826  -0.0309979  0  0.998748  -0.0498738  -0.00388966  0  0.401832  -0.0427666  0.773962  1  
0.00240833  -0.0311475  0.999502  0  -0.0499639  -0.998261  -0.0309884  0  0.998748  -0.0498653  -0.00396046  0  0.401851  -0.0427642  0.773924  1  
0.00247123  -0.0311535  0.999502  0  -0.0499523  -0.998261  -0.0309913  0  0.998749  -0.0498518  -0.0040232  0  0.401869  -0.0427577  0.773891  1  
0.00253891  -0.0311519  0.999502  0  -0.049948  -0.998261  -0.0309864  0  0.998749  -0.0498454  -0.00409055  0  0.401888  -0.0427552  0.773856  1  
0.00260802  -0.0311551  0.999502  0  -0.0499399  -0.998262  -0.0309862  0  0.998749  -0.0498352  -0.00415945  0  0.401905  -0.042752  0.77382  1  
0.00267447  -0.0311664  0.999501  0  -0.0499355  -0.998262  -0.0309941  0  0.998749  -0.0498286  -0.00422621  0  0.401923  -0.0427506  0.773785  1  
0.00274386  -0.0311704  0.999501  0  -0.0499274  -0.998262  -0.0309947  0  0.998749  -0.0498184  -0.00429543  0  0.401942  -0.0427468  0.773747  1  
0.0028105  -0.0311688  0.999501  0  -0.0499213  -0.998263  -0.0309898  0  0.998749  -0.0498102  -0.00436168  0  0.40196  -0.0427439  0.773712  1  
0.00288485  -0.0311704  0.9995  0  -0.0499154  -0.998263  -0.0309877  0  0.998749  -0.049802  -0.0044358  0  0.401981  -0.0427398  0.773673  1  
0.00294696  -0.0311795  0.9995  0  -0.0499061  -0.998263  -0.0309938  0  0.99875  -0.0497907  -0.00449797  0  0.401997  -0.0427367  0.77364  1  
0.00301479  -0.0311792  0.9995  0  -0.0499047  -0.998263  -0.0309901  0  0.998749  -0.0497873  -0.00456563  0  0.402015  -0.0427361  0.773604  1  
0.00308  -0.0311786  0.999499  0  -0.0498946  -0.998264  -0.0309863  0  0.99875  -0.0497752  -0.00463038  0  0.402033  -0.0427313  0.773569  1  
0.00315596  -0.0311845  0.999499  0  -0.0498893  -0.998264  -0.0309884  0  0.99875  -0.0497674  -0.00470635  0  0.402053  -0.0427278  0.77353  1  
0.00322097  -0.0311889  0.999499  0  -0.0498839  -0.998264  -0.0309896  0  0.99875  -0.04976  -0.0047713  0  0.402071  -0.0427252  0.773495  1  
0.00329119  -0.0311903  0.999498  0  -0.0498805  -0.998265  -0.0309876  0  0.99875  -0.0497544  -0.00484137  0  0.402089  -0.0427237  0.773458  1  
0.00335995  -0.031192  0.999498  0  -0.049874  -0.998265  -0.0309858  0  0.99875  -0.0497458  -0.00490989  0  0.402107  -0.0427205  0.773422  1  
0.0034393  -0.0311943  0.999498  0  -0.049868  -0.998265  -0.0309843  0  0.99875  -0.0497373  -0.00498903  0  0.402129  -0.0427172  0.77338  1  
0.00350791  -0.0311989  0.999497  0  -0.0498621  -0.998266  -0.0309855  0  0.99875  -0.0497293  -0.00505756  0  0.402147  -0.0427141  0.773343  1  
0.00357424  -0.0311977  0.999497  0  -0.0498572  -0.998266  -0.030981  0  0.99875  -0.0497223  -0.00512357  0  0.402165  -0.0427107  0.773308  1  
0.0036494  -0.0312033  0.999497  0  -0.0498522  -0.998266  -0.0309829  0  0.99875  -0.049715  -0.00519872  0  0.402184  -0.0427086  0.773268  1  
0.0037292  -0.031217  0.999496  0  -0.0498471  -0.998266  -0.0309926  0  0.99875  -0.0497074  -0.00527891  0  0.402206  -0.042707  0.773226  1  
0.00379822  -0.0312157  0.999496  0  -0.0498401  -0.998267  -0.0309879  0  0.99875  -0.0496982  -0.00534753  0  0.402225  -0.0427026  0.773189  1  
0.00387459  -0.0312199  0.999495  0  -0.049839  -0.998267  -0.0309883  0  0.99875  -0.0496948  -0.00542395  0  0.402244  -0.0427031  0.773149  1  
0.00394994  -0.0312234  0.999495  0  -0.0498359  -0.998267  -0.0309881  0  0.99875  -0.0496893  -0.00549925  0  0.402265  -0.042702  0.77311  1  
0.00402528  -0.0312253  0.999495  0  -0.0498326  -0.998267  -0.0309862  0  0.998749  -0.0496836  -0.00557445  0  0.402284  -0.0426994  0.77307  1  
0.00410051  -0.0312264  0.999494  0  -0.0498279  -0.998267  -0.0309837  0  0.998749  -0.0496766  -0.00564946  0  0.402306  -0.0426972  0.773031  1  
0.00418073  -0.0312365  0.999494  0  -0.049822  -0.998268  -0.0309898  0  0.998749  -0.0496682  -0.00572986  0  0.402328  -0.0426958  0.772988  1  
0.0042531  -0.0312347  0.999493  0  -0.0498198  -0.998268  -0.0309844  0  0.998749  -0.0496638  -0.00580195  0  0.402347  -0.0426942  0.77295  1  
0.00433602  -0.0312415  0.999493  0  -0.0498108  -0.998268  -0.0309872  0  0.998749  -0.0496522  -0.00588479  0  0.402369  -0.0426901  0.772906  1  
0.00441036  -0.0312466  0.999492  0  -0.0498142  -0.998268  -0.0309885  0  0.998749  -0.0496532  -0.00595935  0  0.40239  -0.0426918  0.772867  1  
0.00449084  -0.0312511  0.999492  0  -0.049809  -0.998268  -0.0309891  0  0.998749  -0.0496454  -0.00603976  0  0.40241  -0.042689  0.772825  1  
0.00456548  -0.0312572  0.999491  0  -0.0498063  -0.998268  -0.0309914  0  0.998748  -0.0496404  -0.00611449  0  0.402432  -0.0426891  0.772786  1  
0.00465137  -0.0312567  0.999491  0  -0.0497994  -0.998269  -0.0309867  0  0.998748  -0.0496309  -0.0062  0  0.402455  -0.0426843  0.772741  1  
0.00472281  -0.0312706  0.99949  0  -0.0497983  -0.998269  -0.030997  0  0.998748  -0.0496275  -0.00627198  0  0.402475  -0.042685  0.772703  1  
0.00480758  -0.0312738  0.99949  0  -0.0497976  -0.998269  -0.030996  0  0.998748  -0.0496242  -0.00635673  0  0.402497  -0.042685  0.772659  1  
0.00488507  -0.0312794  0.999489  0  -0.0497918  -0.998269  -0.0309979  0  0.998748  -0.0496159  -0.00643419  0  0.402518  -0.0426824  0.772617  1  
0.0049696  -0.0312844  0.999489  0  -0.0497946  -0.998269  -0.0309986  0  0.998747  -0.049616  -0.00651891  0  0.402541  -0.0426846  0.772573  1  
0.00504571  -0.0312864  0.999488  0  -0.049793  -0.998269  -0.0309969  0  0.998747  -0.049612  -0.00659495  0  0.402561  -0.042683  0.772533  1  
0.00512933  -0.0312879  0.999488  0  -0.0497888  -0.998269  -0.0309943  0  0.998747  -0.0496052  -0.00667836  0  0.402585  -0.0426803  0.77249  1  
0.00521294  -0.0312959  0.999487  0  -0.0497882  -0.998269  -0.0309981  0  0.998746  -0.049602  -0.00676222  0  0.402608  -0.0426814  0.772446  1  
0.00529522  -0.0312967  0.999486  0  -0.0497837  -0.998269  -0.0309949  0  0.998746  -0.0495949  -0.00684425  0  0.402631  -0.0426779  0.772404  1  
0.00537173  -0.031306  0.999486  0  -0.0497863  -0.998269  -0.0310003  0  0.998745  -0.0495951  -0.00692118  0  0.402652  -0.04268  0.772363  1  
0.00545053  -0.031306  0.999485  0  -0.0497876  -0.998269  -0.0309964  0  0.998745  -0.0495939  -0.00699988  0  0.402673  -0.0426795  0.772322  1  
0.00553083  -0.0313163  0.999485  0  -0.0497893  -0.998269  -0.0310027  0  0.998744  -0.0495931  -0.00708061  0  0.402696  -0.0426808  0.772279  1  
0.00561812  -0.0313155  0.999484  0  -0.0497883  -0.998269  -0.0309975  0  0.998744  -0.0495894  -0.00716768  0  0.40272  -0.0426788  0.772234  1  
0.00570029  -0.0313194  0.999484  0  -0.0497867  -0.998269  -0.0309974  0  0.998744  -0.0495853  -0.00724986  0  0.402743  -0.0426781  0.772191  1  
0.0057805  -0.0313259  0.999483  0  -0.0497869  -0.998269  -0.0309999  0  0.998743  -0.0495829  -0.00733025  0  0.402765  -0.0426786  0.772149  1  
0.00586453  -0.0313243  0.999482  0  -0.0497886  -0.998269  -0.0309941  0  0.998743  -0.049582  -0.00741411  0  0.402787  -0.0426784  0.772106  1  
0.00595238  -0.0313311  0.999482  0  -0.0497946  -0.998269  -0.0309966  0  0.998742  -0.0495853  -0.00750234  0  0.402812  -0.0426814  0.77206  1  
0.00603109  -0.0313413  0.999481  0  -0.0497894  -0.998269  -0.0310028  0  0.998742  -0.0495775  -0.00758126  0  0.402834  -0.0426786  0.772019  1  
0.00611734  -0.031344  0.99948  0  -0.049799  -0.998268  -0.0310012  0  0.998741  -0.0495844  -0.0076678  0  0.402858  -0.0426826  0.771973  1  
0.00620227  -0.0313452  0.99948  0  -0.0497934  -0.998269  -0.0309983  0  0.99874  -0.0495762  -0.00775247  0  0.402882  -0.0426804  0.77193  1  
0.00628313  -0.0313512  0.999479  0  -0.0497986  -0.998268  -0.0310001  0  0.998739  -0.0495788  -0.00783364  0  0.402904  -0.0426818  0.771886  1  
0.0063695  -0.0313597  0.999478  0  -0.0497962  -0.998268  -0.0310044  0  0.998739  -0.0495737  -0.00792022  0  0.402928  -0.0426808  0.771841  1  
0.00645024  -0.0313682  0.999477  0  -0.0497979  -0.998268  -0.0310088  0  0.998738  -0.0495728  -0.0080013  0  0.402951  -0.0426813  0.771799  1  
0.00654212  -0.0313685  0.999477  0  -0.0498029  -0.998268  -0.0310046  0  0.998738  -0.0495749  -0.00809319  0  0.402976  -0.042683  0.771751  1  
0.00662078  -0.0313722  0.999476  0  -0.0498016  -0.998268  -0.0310043  0  0.998737  -0.0495712  -0.00817185  0  0.402999  -0.042682  0.771711  1  
0.00671346  -0.0313761  0.999475  0  -0.049806  -0.998268  -0.0310037  0  0.998736  -0.0495727  -0.00826471  0  0.403024  -0.0426839  0.771663  1  
0.0067998  -0.031381  0.999475  0  -0.049807  -0.998268  -0.0310043  0  0.998736  -0.049571  -0.00835118  0  0.403048  -0.0426846  0.771618  1  
0.00688543  -0.0313912  0.999474  0  -0.049812  -0.998267  -0.0310102  0  0.998735  -0.0495732  -0.00843732  0  0.403073  -0.0426873  0.771572  1  
0.00697666  -0.0313925  0.999473  0  -0.0498153  -0.998267  -0.0310069  0  0.998734  -0.0495737  -0.00852856  0  0.403098  -0.0426879  0.771526  1  
0.00706661  -0.0313948  0.999472  0  -0.0498152  -0.998267  -0.0310047  0  0.998733  -0.0495708  -0.00861847  0  0.403124  -0.0426877  0.77148  1  
0.00715519  -0.0314019  0.999472  0  -0.0498191  -0.998267  -0.0310074  0  0.998733  -0.0495718  -0.00870738  0  0.403149  -0.0426879  0.771434  1  
0.00724111  -0.0314067  0.999471  0  -0.0498221  -0.998267  -0.0310079  0  0.998732  -0.0495722  -0.00879348  0  0.403173  -0.0426898  0.771389  1  
0.00732417  -0.0314136  0.99947  0  -0.0498228  -0.998267  -0.0310107  0  0.998731  -0.0495702  -0.00887677  0  0.403196  -0.0426905  0.771346  1  
0.00741459  -0.0314152  0.999469  0  -0.0498287  -0.998267  -0.0310077  0  0.99873  -0.0495733  -0.00896728  0  0.403222  -0.0426922  0.771299  1  
0.00750904  -0.0314208  0.999468  0  -0.0498211  -0.998267  -0.0310087  0  0.99873  -0.0495627  -0.00906162  0  0.403249  -0.0426877  0.771249  1  
0.00759738  -0.0314229  0.999468  0  -0.0498299  -0.998267  -0.0310063  0  0.998729  -0.0495687  -0.00915019  0  0.403272  -0.0426915  0.771204  1  
0.00768619  -0.0314309  0.999467  0  -0.0498278  -0.998267  -0.03101  0  0.998728  -0.0495638  -0.00923918  0  0.403298  -0.0426913  0.771158  1  
0.00777628  -0.0314322  0.999466  0  -0.0498288  -0.998267  -0.0310068  0  0.998727  -0.049562  -0.00932921  0  0.403323  -0.0426912  0.771112  1  
0.00786411  -0.0314431  0.999465  0  -0.0498362  -0.998266  -0.0310133  0  0.998726  -0.0495666  -0.00941766  0  0.403347  -0.0426941  0.771066  1  
0.00794548  -0.0314456  0.999464  0  -0.049838  -0.998266  -0.0310117  0  0.998726  -0.0495659  -0.00949908  0  0.40337  -0.0426954  0.771023  1  
0.00804092  -0.0314558  0.999463  0  -0.0498395  -0.998266  -0.0310171  0  0.998725  -0.0495643  -0.0095949  0  0.403396  -0.0426955  0.770974  1  
0.00812935  -0.0314573  0.999462  0  -0.0498402  -0.998266  -0.0310143  0  0.998724  -0.0495622  -0.00968328  0  0.403421  -0.0426969  0.770928  1  
0.00821809  -0.0314657  0.999461  0  -0.0498427  -0.998266  -0.0310182  0  0.998723  -0.0495619  -0.00977236  0  0.403446  -0.0426975  0.770882  1  
0.00830449  -0.0314657  0.999461  0  -0.0498452  -0.998266  -0.0310139  0  0.998722  -0.0495617  -0.00985869  0  0.40347  -0.0426986  0.770837  1  
0.00839825  -0.0314726  0.99946  0  -0.0498437  -0.998266  -0.0310162  0  0.998722  -0.0495573  -0.00995259  0  0.403497  -0.0426978  0.770789  1  
0.00848352  -0.0314796  0.999459  0  -0.0498472  -0.998265  -0.0310189  0  0.998721  -0.049558  -0.0100382  0  0.403521  -0.0426994  0.770744  1  
0.00856802  -0.0314855  0.999458  0  -0.0498447  -0.998265  -0.0310206  0  0.99872  -0.0495529  -0.0101227  0  0.403544  -0.0426983  0.7707  1  
0.00866782  -0.0314852  0.999457  0  -0.049848  -0.998265  -0.0310153  0  0.998719  -0.049553  -0.0102225  0  0.403573  -0.0426989  0.770649  1  
0.00875693  -0.0315041  0.999456  0  -0.049853  -0.998265  -0.0310298  0  0.998718  -0.0495551  -0.0103125  0  0.403598  -0.0427026  0.770603  1  
0.00884698  -0.0315057  0.999455  0  -0.0498552  -0.998265  -0.0310269  0  0.998717  -0.0495545  -0.0104026  0  0.403622  -0.0427037  0.770556  1  
0.00893891  -0.0315118  0.999454  0  -0.0498595  -0.998265  -0.0310284  0  0.998716  -0.0495559  -0.0104948  0  0.40365  -0.0427061  0.770507  1  
0.00903633  -0.0315164  0.999453  0  -0.0498615  -0.998264  -0.0310281  0  0.998715  -0.0495548  -0.0105923  0  0.403677  -0.0427066  0.770457  1  
0.00912755  -0.0315252  0.999452  0  -0.0498666  -0.998264  -0.0310324  0  0.998714  -0.049557  -0.010684  0  0.403702  -0.0427101  0.77041  1  
0.00921616  -0.0315271  0.999451  0  -0.0498628  -0.998264  -0.0310298  0  0.998714  -0.0495504  -0.0107724  0  0.403727  -0.0427076  0.770364  1  
0.0093158  -0.0315385  0.999449  0  -0.0498685  -0.998264  -0.0310363  0  0.998712  -0.0495529  -0.0108726  0  0.403755  -0.042711  0.770313  1  
0.00940873  -0.031536  0.999449  0  -0.0498729  -0.998264  -0.0310291  0  0.998711  -0.0495544  -0.0109654  0  0.403781  -0.0427127  0.770265  1  
0.00949599  -0.0315466  0.999448  0  -0.0498748  -0.998264  -0.0310354  0  0.99871  -0.0495535  -0.0110531  0  0.403807  -0.0427142  0.770221  1  
0.00959388  -0.0315517  0.999446  0  -0.0498774  -0.998263  -0.0310356  0  0.998709  -0.049553  -0.0111512  0  0.403835  -0.0427157  0.77017  1  
0.0096892  -0.0315591  0.999445  0  -0.0498743  -0.998263  -0.0310383  0  0.998708  -0.0495469  -0.0112466  0  0.403863  -0.0427135  0.770121  1  
0.00978751  -0.0315618  0.999444  0  -0.0498775  -0.998263  -0.031036  0  0.998707  -0.049547  -0.011345  0  0.40389  -0.0427152  0.77007  1  
0.00987998  -0.0315733  0.999443  0  -0.049884  -0.998263  -0.0310429  0  0.998706  -0.0495504  -0.011438  0  0.403917  -0.042718  0.770023  1  
0.00997172  -0.0315816  0.999442  0  -0.049887  -0.998263  -0.0310466  0  0.998705  -0.0495505  -0.0115301  0  0.403943  -0.0427213  0.769975  1  
0.010076  -0.0315887  0.999441  0  -0.0498896  -0.998262  -0.0310485  0  0.998704  -0.0495498  -0.0116347  0  0.403973  -0.042721  0.769922  1  
0.010162  -0.0315859  0.99944  0  -0.0498909  -0.998263  -0.0310415  0  0.998703  -0.0495485  -0.0117205  0  0.403997  -0.0427217  0.769877  1  
0.0102555  -0.0315947  0.999439  0  -0.0498969  -0.998262  -0.0310455  0  0.998702  -0.0495515  -0.0118144  0  0.404024  -0.042724  0.769828  1  
0.0103555  -0.031599  0.999437  0  -0.0498967  -0.998262  -0.0310449  0  0.998701  -0.0495481  -0.0119144  0  0.404052  -0.0427238  0.769777  1  
0.0104455  -0.0316056  0.999436  0  -0.0498958  -0.998262  -0.0310469  0  0.9987  -0.0495443  -0.0120046  0  0.404078  -0.0427229  0.76973  1  
0.0105446  -0.0316075  0.999435  0  -0.0498998  -0.998262  -0.0310439  0  0.998699  -0.0495452  -0.0121037  0  0.404106  -0.0427241  0.769679  1  
0.0106492  -0.0316211  0.999434  0  -0.0499068  -0.998261  -0.0310523  0  0.998697  -0.0495488  -0.012209  0  0.404136  -0.0427277  0.769625  1  
0.0107387  -0.0316214  0.999433  0  -0.0499108  -0.998261  -0.0310481  0  0.998696  -0.04955  -0.0122985  0  0.404162  -0.0427292  0.76958  1  
0.0108409  -0.0316323  0.999431  0  -0.0499131  -0.998261  -0.0310538  0  0.998695  -0.049549  -0.0124011  0  0.404191  -0.0427301  0.769527  1  
0.0109324  -0.031631  0.99943  0  -0.049916  -0.998261  -0.031048  0  0.998694  -0.0495491  -0.0124926  0  0.404217  -0.0427309  0.76948  1  
0.0110334  -0.0316427  0.999429  0  -0.0499216  -0.998261  -0.0310546  0  0.998692  -0.0495514  -0.0125941  0  0.404246  -0.0427338  0.769429  1  
0.011127  -0.0316442  0.999428  0  -0.049921  -0.998261  -0.0310514  0  0.998691  -0.0495479  -0.0126876  0  0.404274  -0.042733  0.769381  1  
0.0112295  -0.0316552  0.999426  0  -0.049927  -0.99826  -0.0310573  0  0.99869  -0.0495505  -0.0127907  0  0.404303  -0.0427364  0.769328  1  
0.0113206  -0.0316582  0.999425  0  -0.0499219  -0.998261  -0.0310558  0  0.998689  -0.0495426  -0.0128816  0  0.404328  -0.0427334  0.769281  1  
0.0114197  -0.0316605  0.999424  0  -0.0499308  -0.99826  -0.0310531  0  0.998687  -0.0495483  -0.0129809  0  0.404357  -0.0427371  0.76923  1  
0.011515  -0.0316691  0.999422  0  -0.0499335  -0.99826  -0.0310569  0  0.998686  -0.049548  -0.0130766  0  0.404385  -0.0427385  0.76918  1  
0.0116146  -0.0316787  0.999421  0  -0.0499345  -0.99826  -0.0310615  0  0.998685  -0.0495458  -0.0131765  0  0.404414  -0.0427391  0.769129  1  
0.0117089  -0.0316834  0.99942  0  -0.0499397  -0.998259  -0.0310615  0  0.998684  -0.049548  -0.013271  0  0.404439  -0.0427418  0.76908  1  
0.0118169  -0.0316918  0.999418  0  -0.0499426  -0.998259  -0.0310645  0  0.998682  -0.0495475  -0.0133793  0  0.404471  -0.0427431  0.769024  1  
0.0119132  -0.0316899  0.999417  0  -0.0499414  -0.998259  -0.0310579  0  0.998681  -0.0495432  -0.0134754  0  0.404497  -0.0427424  0.768974  1  
0.0120068  -0.0316968  0.999416  0  -0.0499455  -0.998259  -0.0310601  0  0.99868  -0.0495444  -0.0135692  0  0.404524  -0.0427442  0.768925  1  
0.01211  -0.0317004  0.999414  0  -0.0499455  -0.998259  -0.0310586  0  0.998678  -0.0495411  -0.0136725  0  0.404554  -0.0427437  0.768872  1  
0.012208  -0.0317162  0.999413  0  -0.0499483  -0.998259  -0.0310695  0  0.998677  -0.0495406  -0.0137712  0  0.404581  -0.0427462  0.768821  1  
0.0123093  -0.0317191  0.999411  0  -0.0499509  -0.998259  -0.0310673  0  0.998676  -0.04954  -0.0138725  0  0.40461  -0.0427479  0.76877  1  
0.0124018  -0.0317275  0.99941  0  -0.0499552  -0.998258  -0.0310711  0  0.998674  -0.0495414  -0.0139654  0  0.404637  -0.042749  0.768722  1  
0.0125001  -0.0317293  0.999409  0  -0.0499581  -0.998258  -0.0310679  0  0.998673  -0.0495411  -0.0140637  0  0.404665  -0.0427512  0.768671  1  
0.0126071  -0.0317451  0.999407  0  -0.0499623  -0.998258  -0.0310783  0  0.998672  -0.0495418  -0.0141715  0  0.404695  -0.042754  0.768617  1  
0.0127009  -0.0317414  0.999406  0  -0.0499633  -0.998258  -0.03107  0  0.99867  -0.0495399  -0.014265  0  0.404723  -0.0427533  0.768569  1  
0.0128013  -0.0317505  0.999404  0  -0.0499647  -0.998258  -0.0310741  0  0.998669  -0.049538  -0.0143657  0  0.404751  -0.0427535  0.768517  1  
0.0129  -0.0317594  0.999403  0  -0.049968  -0.998258  -0.031078  0  0.998667  -0.0495382  -0.0144647  0  0.404781  -0.042757  0.768466  1  
0.0130053  -0.0317683  0.999401  0  -0.0499726  -0.998257  -0.0310816  0  0.998666  -0.0495394  -0.0145705  0  0.404811  -0.0427588  0.768413  1  
0.0131022  -0.0317732  0.9994  0  -0.0499725  -0.998257  -0.0310817  0  0.998665  -0.0495362  -0.0146674  0  0.40484  -0.0427583  0.768363  1  
0.0131968  -0.0317782  0.999398  0  -0.0499788  -0.998257  -0.0310819  0  0.998663  -0.0495395  -0.0147623  0  0.404866  -0.0427621  0.768314  1  
0.0133074  -0.0317861  0.999396  0  -0.0499793  -0.998257  -0.0310844  0  0.998662  -0.0495365  -0.0148731  0  0.404898  -0.0427631  0.768258  1  
0.0134096  -0.0317914  0.999395  0  -0.0499832  -0.998257  -0.0310845  0  0.99866  -0.0495371  -0.0149756  0  0.404927  -0.0427641  0.768204  1  
0.0135067  -0.031802  0.999393  0  -0.0499921  -0.998256  -0.0310901  0  0.998658  -0.0495428  -0.0150733  0  0.404955  -0.0427684  0.768155  1  
0.0136111  -0.0318046  0.999392  0  -0.0499909  -0.998256  -0.0310876  0  0.998657  -0.0495383  -0.0151776  0  0.404986  -0.0427678  0.768102  1  
0.013711  -0.0318124  0.99939  0  -0.0499934  -0.998256  -0.0310904  0  0.998655  -0.0495375  -0.0152778  0  0.405015  -0.0427688  0.768052  1  
0.0138094  -0.0318188  0.999389  0  -0.0500017  -0.998255  -0.0310918  0  0.998654  -0.0495428  -0.0153766  0  0.405043  -0.0427731  0.768001  1  
0.0139121  -0.031829  0.999387  0  -0.0500037  -0.998255  -0.0310969  0  0.998652  -0.0495414  -0.0154797  0  0.405073  -0.0427747  0.767949  1  
0.0140121  -0.0318296  0.999385  0  -0.0500045  -0.998255  -0.0310925  0  0.998651  -0.049539  -0.0155795  0  0.405102  -0.0427751  0.767898  1  
0.0141134  -0.0318369  0.999384  0  -0.050006  -0.998255  -0.0310947  0  0.998649  -0.0495373  -0.0156811  0  0.405132  -0.0427748  0.767846  1  
0.0142049  -0.0318404  0.999382  0  -0.0500113  -0.998255  -0.0310937  0  0.998648  -0.0495396  -0.0157728  0  0.405158  -0.0427778  0.767799  1  
0.0143086  -0.03185  0.999381  0  -0.050015  -0.998255  -0.031098  0  0.998646  -0.04954  -0.0158769  0  0.405189  -0.0427799  0.767746  1  
0.0144084  -0.0318532  0.999379  0  -0.0500198  -0.998254  -0.0310962  0  0.998644  -0.0495416  -0.0159769  0  0.405218  -0.0427808  0.767696  1  
0.0145151  -0.0318622  0.999377  0  -0.0500223  -0.998254  -0.0310999  0  0.998643  -0.0495406  -0.0160839  0  0.405248  -0.0427818  0.767641  1  
0.0146133  -0.0318685  0.999376  0  -0.0500268  -0.998254  -0.0311012  0  0.998641  -0.0495421  -0.0161823  0  0.405277  -0.0427855  0.767591  1  
0.0147153  -0.0318729  0.999374  0  -0.0500288  -0.998254  -0.0311005  0  0.998639  -0.0495408  -0.0162844  0  0.405307  -0.0427858  0.767538  1  
0.0148128  -0.0318827  0.999372  0  -0.0500344  -0.998253  -0.0311054  0  0.998638  -0.0495432  -0.0163824  0  0.405335  -0.0427892  0.767488  1  
0.0149212  -0.031889  0.99937  0  -0.0500371  -0.998253  -0.0311063  0  0.998636  -0.0495424  -0.0164911  0  0.405367  -0.0427907  0.767435  1  
0.0150218  -0.0319015  0.999368  0  -0.0500415  -0.998253  -0.0311137  0  0.998634  -0.0495435  -0.0165923  0  0.405396  -0.0427933  0.767383  1  
0.015126  -0.0318987  0.999367  0  -0.0500458  -0.998253  -0.0311057  0  0.998632  -0.0495445  -0.0166963  0  0.405427  -0.042795  0.767331  1  
0.0152252  -0.0319085  0.999365  0  -0.0500489  -0.998252  -0.0311105  0  0.998631  -0.0495444  -0.016796  0  0.405456  -0.0427963  0.76728  1  
0.0153232  -0.0319089  0.999364  0  -0.0500508  -0.998253  -0.031106  0  0.998629  -0.0495433  -0.0168939  0  0.405486  -0.0427984  0.76723  1  
0.0154228  -0.0319254  0.999362  0  -0.0500553  -0.998252  -0.0311174  0  0.998627  -0.0495444  -0.0169943  0  0.405516  -0.0428003  0.767179  1  
0.0155213  -0.0319318  0.99936  0  -0.0500609  -0.998252  -0.0311189  0  0.998626  -0.0495468  -0.017093  0  0.405544  -0.0428036  0.767129  1  
0.01562  -0.0319342  0.999358  0  -0.0500597  -0.998252  -0.0311164  0  0.998624  -0.0495425  -0.0171916  0  0.405572  -0.0428026  0.767079  1  
0.0157247  -0.0319408  0.999356  0  -0.0500666  -0.998251  -0.0311177  0  0.998622  -0.0495461  -0.0172967  0  0.405603  -0.0428068  0.767026  1  
0.0158204  -0.0319457  0.999355  0  -0.050066  -0.998251  -0.0311179  0  0.998621  -0.0495424  -0.0173925  0  0.405632  -0.0428049  0.766979  1  
0.0159176  -0.0319538  0.999353  0  -0.0500752  -0.998251  -0.0311209  0  0.998619  -0.0495484  -0.0174901  0  0.405661  -0.0428103  0.766928  1  
0.0160263  -0.031967  0.999351  0  -0.0500797  -0.99825  -0.0311287  0  0.998617  -0.0495493  -0.0175995  0  0.405693  -0.0428127  0.766873  1  
0.0161224  -0.0319643  0.999349  0  -0.0500774  -0.998251  -0.0311212  0  0.998615  -0.0495441  -0.0176952  0  0.405722  -0.0428107  0.766825  1  
0.0162254  -0.0319743  0.999347  0  -0.0500869  -0.99825  -0.031126  0  0.998613  -0.0495501  -0.0177988  0  0.405752  -0.0428159  0.766773  1  
0.0163293  -0.031977  0.999346  0  -0.0500904  -0.99825  -0.0311234  0  0.998611  -0.0495503  -0.0179028  0  0.405784  -0.0428173  0.766721  1  
0.0164377  -0.0319834  0.999344  0  -0.0500926  -0.99825  -0.0311244  0  0.998609  -0.049549  -0.0180114  0  0.405817  -0.0428187  0.766666  1  
0.0165409  -0.0319907  0.999342  0  -0.0500972  -0.99825  -0.0311265  0  0.998607  -0.0495503  -0.0181149  0  0.405848  -0.0428207  0.766613  1  
0.016642  -0.0320023  0.99934  0  -0.0501007  -0.998249  -0.0311331  0  0.998605  -0.0495504  -0.0182165  0  0.405878  -0.0428237  0.766563  1  
0.0167478  -0.0320117  0.999338  0  -0.0501074  -0.998249  -0.0311371  0  0.998603  -0.0495537  -0.0183229  0  0.40591  -0.0428265  0.766509  1  
0.0168513  -0.0320122  0.999336  0  -0.0501059  -0.998249  -0.0311325  0  0.998602  -0.049549  -0.0184262  0  0.405942  -0.0428262  0.766458  1  
