0.0432887  -0.0481235  0.997893  0  -0.0793274  -0.995841  -0.0445833  0  0.995908  -0.0772318  -0.0469271  0  0.41671  -0.0442788  0.779133  1  
0.0432877  -0.0481232  0.997893  0  -0.079325  -0.995842  -0.0445832  0  0.995908  -0.0772295  -0.046926  0  0.41671  -0.0442792  0.779133  1  
0.0432886  -0.0481222  0.997893  0  -0.0793255  -0.995842  -0.0445821  0  0.995908  -0.07723  -0.0469268  0  0.41671  -0.0442783  0.779133  1  
0.0432829  -0.0481192  0.997894  0  -0.0793205  -0.995842  -0.0445798  0  0.995909  -0.0772253  -0.0469207  0  0.416709  -0.0442753  0.779136  1  
0.043285  -0.0481239  0.997893  0  -0.0793208  -0.995842  -0.0445843  0  0.995909  -0.0772254  -0.0469231  0  0.416709  -0.0442775  0.779134  1  
0.0432847  -0.0481231  0.997893  0  -0.0793239  -0.995842  -0.0445834  0  0.995909  -0.0772285  -0.046923  0  0.416707  -0.0442788  0.779133  1  
0.0432873  -0.0481128  0.997894  0  -0.0793194  -0.995843  -0.0445732  0  0.995909  -0.0772244  -0.0469245  0  0.416709  -0.0442764  0.779131  1  
0.0432899  -0.048108  0.997894  0  -0.0793132  -0.995843  -0.0445684  0  0.995909  -0.0772183  -0.0469265  0  0.41671  -0.0442748  0.779128  1  
0.0432889  -0.0481118  0.997894  0  -0.079313  -0.995843  -0.0445723  0  0.995909  -0.077218  -0.0469257  0  0.41671  -0.0442749  0.779127  1  
0.0432877  -0.0481122  0.997894  0  -0.0793061  -0.995844  -0.0445731  0  0.99591  -0.0772111  -0.0469243  0  0.416711  -0.0442722  0.779125  1  
0.0432871  -0.04811  0.997894  0  -0.079301  -0.995844  -0.0445712  0  0.99591  -0.0772061  -0.0469233  0  0.416711  -0.0442701  0.779124  1  
0.0432948  -0.0481087  0.997894  0  -0.0792904  -0.995845  -0.0445699  0  0.995911  -0.0771952  -0.0469304  0  0.416715  -0.0442656  0.779122  1  
0.0432925  -0.0481099  0.997894  0  -0.0792806  -0.995846  -0.0445717  0  0.995912  -0.0771855  -0.0469278  0  0.416714  -0.0442613  0.779122  1  
0.0432996  -0.0481158  0.997893  0  -0.0792685  -0.995846  -0.0445776  0  0.995912  -0.0771727  -0.0469347  0  0.416716  -0.0442579  0.779118  1  
0.0433004  -0.0481167  0.997893  0  -0.0792645  -0.995847  -0.0445786  0  0.995913  -0.0771687  -0.0469354  0  0.416716  -0.044257  0.779118  1  
0.043307  -0.0481142  0.997893  0  -0.0792553  -0.995848  -0.0445761  0  0.995913  -0.0771594  -0.0469414  0  0.416718  -0.0442546  0.779115  1  
0.0433124  -0.048123  0.997892  0  -0.0792485  -0.995848  -0.0445847  0  0.995913  -0.0771519  -0.0469471  0  0.416718  -0.0442539  0.779112  1  
0.0433164  -0.0481155  0.997892  0  -0.0792359  -0.995849  -0.0445775  0  0.995914  -0.0771394  -0.04695  0  0.416719  -0.0442467  0.77911  1  
0.0433263  -0.0481114  0.997892  0  -0.0792212  -0.99585  -0.0445733  0  0.995915  -0.0771245  -0.0469589  0  0.416722  -0.0442408  0.779107  1  
0.043326  -0.0481026  0.997893  0  -0.079211  -0.995852  -0.044565  0  0.995916  -0.0771147  -0.0469574  0  0.416723  -0.0442361  0.779107  1  
0.0433369  -0.0480982  0.997892  0  -0.0792  -0.995853  -0.0445603  0  0.995916  -0.0771034  -0.0469674  0  0.416726  -0.0442319  0.779101  1  
0.0433446  -0.0480928  0.997892  0  -0.0791827  -0.995854  -0.0445552  0  0.995917  -0.077086  -0.046974  0  0.416729  -0.0442227  0.779098  1  
0.0433409  -0.0480892  0.997893  0  -0.0791637  -0.995856  -0.0445528  0  0.995919  -0.0770674  -0.0469691  0  0.41673  -0.044214  0.779099  1  
0.0433434  -0.048084  0.997893  0  -0.0791498  -0.995857  -0.044548  0  0.99592  -0.0770536  -0.0469706  0  0.416731  -0.0442088  0.779098  1  
0.043348  -0.0480818  0.997893  0  -0.0791319  -0.995859  -0.0445464  0  0.995921  -0.0770356  -0.0469742  0  0.416734  -0.0442006  0.779096  1  
0.0433444  -0.0480809  0.997893  0  -0.0791196  -0.99586  -0.0445463  0  0.995922  -0.0770236  -0.04697  0  0.416734  -0.0441979  0.779098  1  
0.0433559  -0.0480857  0.997892  0  -0.0791038  -0.995861  -0.044551  0  0.995923  -0.077007  -0.0469811  0  0.416738  -0.0441908  0.779092  1  
0.0433515  -0.0480855  0.997892  0  -0.0790866  -0.995862  -0.0445519  0  0.995925  -0.07699  -0.046976  0  0.41674  -0.0441843  0.779094  1  
0.0433606  -0.0480841  0.997892  0  -0.0790672  -0.995864  -0.0445507  0  0.995926  -0.0769703  -0.046984  0  0.416742  -0.0441764  0.77909  1  
0.0433663  -0.0480818  0.997892  0  -0.0790467  -0.995865  -0.0445489  0  0.995927  -0.0769497  -0.0469886  0  0.416747  -0.0441676  0.779089  1  
0.0433703  -0.0480864  0.997892  0  -0.0790293  -0.995866  -0.044554  0  0.995928  -0.0769318  -0.0469922  0  0.416749  -0.0441616  0.779087  1  
0.0433784  -0.0480874  0.997891  0  -0.0790073  -0.995868  -0.0445555  0  0.99593  -0.0769094  -0.0469993  0  0.416754  -0.0441527  0.779083  1  
0.0433868  -0.0480826  0.997891  0  -0.0789894  -0.99587  -0.0445508  0  0.995931  -0.0768914  -0.0470065  0  0.416758  -0.0441457  0.779081  1  
0.0433951  -0.048085  0.99789  0  -0.0789682  -0.995871  -0.0445536  0  0.995932  -0.0768697  -0.0470141  0  0.416763  -0.0441384  0.779078  1  
0.0434016  -0.0480857  0.99789  0  -0.0789496  -0.995873  -0.0445547  0  0.995933  -0.0768508  -0.0470197  0  0.416767  -0.0441308  0.779076  1  
0.0434124  -0.0480785  0.99789  0  -0.0789232  -0.995875  -0.0445479  0  0.995935  -0.0768242  -0.0470288  0  0.416773  -0.0441185  0.779072  1  
0.0434198  -0.0480807  0.99789  0  -0.0789027  -0.995877  -0.0445505  0  0.995936  -0.0768033  -0.0470354  0  0.416778  -0.044112  0.779069  1  
0.0434225  -0.0480773  0.99789  0  -0.0788807  -0.995879  -0.044548  0  0.995938  -0.0767813  -0.0470368  0  0.41678  -0.0441031  0.779069  1  
0.0434364  -0.048077  0.997889  0  -0.0788624  -0.99588  -0.0445475  0  0.995939  -0.0767624  -0.0470498  0  0.416787  -0.0440973  0.779063  1  
0.0434466  -0.0480791  0.997889  0  -0.0788339  -0.995882  -0.0445502  0  0.99594  -0.0767333  -0.0470588  0  0.416793  -0.0440854  0.779059  1  
0.0434621  -0.0480776  0.997888  0  -0.0788123  -0.995884  -0.0445485  0  0.995942  -0.0767112  -0.0470732  0  0.4168  -0.0440763  0.779051  1  
0.0434677  -0.0480773  0.997888  0  -0.0787857  -0.995886  -0.044549  0  0.995943  -0.0766843  -0.0470776  0  0.416805  -0.0440663  0.77905  1  
0.0434818  -0.0480692  0.997887  0  -0.0787616  -0.995888  -0.0445409  0  0.995945  -0.0766599  -0.0470899  0  0.416811  -0.0440558  0.779044  1  
0.0434899  -0.0480648  0.997887  0  -0.0787362  -0.99589  -0.0445371  0  0.995946  -0.0766344  -0.0470965  0  0.416817  -0.0440449  0.779042  1  
0.0435053  -0.048078  0.997886  0  -0.0787201  -0.995891  -0.0445499  0  0.995947  -0.076617  -0.0471122  0  0.416823  -0.0440405  0.779035  1  
0.0435122  -0.0480737  0.997886  0  -0.0786958  -0.995893  -0.0445462  0  0.995949  -0.0765926  -0.0471176  0  0.416827  -0.04403  0.779033  1  
0.043529  -0.0480738  0.997885  0  -0.0786692  -0.995895  -0.0445463  0  0.99595  -0.0765652  -0.0471332  0  0.416834  -0.0440208  0.779026  1  
0.0435444  -0.0480727  0.997885  0  -0.0786472  -0.995897  -0.0445451  0  0.995951  -0.0765427  -0.0471474  0  0.41684  -0.0440123  0.779019  1  
0.0435563  -0.0480742  0.997884  0  -0.0786209  -0.995899  -0.0445469  0  0.995953  -0.0765157  -0.0471583  0  0.416847  -0.0440013  0.779015  1  
0.0435731  -0.0480789  0.997883  0  -0.0786041  -0.9959  -0.0445511  0  0.995953  -0.076498  -0.0471745  0  0.416855  -0.0439959  0.779008  1  
0.0435879  -0.0480755  0.997883  0  -0.0785774  -0.995903  -0.0445478  0  0.995955  -0.0764708  -0.0471879  0  0.416862  -0.0439854  0.779002  1  
0.0436051  -0.0480726  0.997882  0  -0.0785539  -0.995905  -0.0445447  0  0.995956  -0.0764466  -0.0472038  0  0.41687  -0.0439756  0.778994  1  
0.043622  -0.0480762  0.997881  0  -0.0785292  -0.995906  -0.0445482  0  0.995957  -0.0764209  -0.0472197  0  0.416877  -0.0439663  0.778988  1  
0.0436432  -0.0480848  0.99788  0  -0.0785085  -0.995908  -0.0445561  0  0.995958  -0.0763989  -0.0472406  0  0.416886  -0.0439599  0.778979  1  
0.0436606  -0.0480846  0.997879  0  -0.0784849  -0.995909  -0.0445557  0  0.995959  -0.0763746  -0.0472568  0  0.416894  -0.0439514  0.778971  1  
0.04368  -0.0480855  0.997878  0  -0.0784627  -0.995911  -0.0445562  0  0.99596  -0.0763515  -0.0472753  0  0.416902  -0.0439433  0.778964  1  
0.0436989  -0.0480922  0.997877  0  -0.078435  -0.995913  -0.0445628  0  0.995961  -0.0763226  -0.0472933  0  0.416912  -0.0439334  0.778956  1  
0.0437244  -0.0480963  0.997876  0  -0.078409  -0.995915  -0.0445661  0  0.995962  -0.0762952  -0.0473179  0  0.416923  -0.0439231  0.778945  1  
0.0437402  -0.0480966  0.997875  0  -0.0783846  -0.995917  -0.0445664  0  0.995963  -0.0762702  -0.0473326  0  0.41693  -0.0439129  0.778939  1  
0.0437698  -0.0480907  0.997874  0  -0.0783614  -0.995919  -0.0445593  0  0.995964  -0.0762459  -0.0473606  0  0.416942  -0.0439042  0.778927  1  
0.0437872  -0.0480904  0.997873  0  -0.0783328  -0.995921  -0.044559  0  0.995965  -0.0762165  -0.0473766  0  0.41695  -0.0438919  0.778918  1  
0.0438111  -0.0480927  0.997872  0  -0.0783111  -0.995923  -0.0445606  0  0.995966  -0.0761937  -0.0473996  0  0.416961  -0.0438847  0.778909  1  
0.0438351  -0.0480985  0.997871  0  -0.0782857  -0.995925  -0.0445657  0  0.995967  -0.076167  -0.0474228  0  0.416973  -0.0438752  0.778899  1  
0.0438516  -0.0480951  0.99787  0  -0.0782628  -0.995927  -0.0445621  0  0.995968  -0.0761434  -0.047438  0  0.416979  -0.0438657  0.778892  1  
0.043882  -0.0480953  0.997869  0  -0.0782389  -0.995929  -0.0445612  0  0.995968  -0.0761182  -0.0474672  0  0.416992  -0.0438557  0.778879  1  
0.0439067  -0.0480948  0.997868  0  -0.0782156  -0.99593  -0.0445599  0  0.995969  -0.0760938  -0.0474906  0  0.417001  -0.0438464  0.778868  1  
0.0439309  -0.0481006  0.997866  0  -0.0781942  -0.995932  -0.0445649  0  0.99597  -0.076071  -0.0475143  0  0.417014  -0.0438384  0.778858  1  
0.0439605  -0.0481078  0.997865  0  -0.0781721  -0.995933  -0.0445708  0  0.99597  -0.0760473  -0.0475433  0  0.417025  -0.0438309  0.778845  1  
0.0439897  -0.0481053  0.997863  0  -0.0781459  -0.995936  -0.0445674  0  0.995971  -0.0760199  -0.047571  0  0.417037  -0.0438201  0.778833  1  
0.0440147  -0.0481003  0.997863  0  -0.0781225  -0.995938  -0.0445616  0  0.995972  -0.0759956  -0.0475945  0  0.417049  -0.043811  0.778822  1  
0.0440511  -0.0481058  0.997861  0  -0.0780967  -0.99594  -0.0445656  0  0.995972  -0.0759679  -0.0476301  0  0.417064  -0.0438007  0.778807  1  
0.0440777  -0.0481044  0.99786  0  -0.0780771  -0.995941  -0.0445631  0  0.995972  -0.0759472  -0.0476556  0  0.417076  -0.0437919  0.778795  1  
0.044112  -0.0481043  0.997858  0  -0.0780541  -0.995943  -0.0445615  0  0.995973  -0.0759226  -0.0476887  0  0.417091  -0.0437823  0.77878  1  
0.0441328  -0.0481068  0.997857  0  -0.0780324  -0.995945  -0.0445634  0  0.995973  -0.0758999  -0.0477086  0  0.417101  -0.0437746  0.778771  1  
0.0441634  -0.0481023  0.997856  0  -0.0780083  -0.995947  -0.0445578  0  0.995974  -0.0758747  -0.0477377  0  0.417115  -0.0437636  0.778758  1  
0.0441977  -0.0481073  0.997854  0  -0.0779839  -0.995949  -0.0445613  0  0.995974  -0.0758485  -0.0477711  0  0.417128  -0.043754  0.778744  1  
0.044232  -0.0481059  0.997853  0  -0.0779647  -0.99595  -0.0445582  0  0.995974  -0.0758279  -0.0478043  0  0.417142  -0.0437465  0.778729  1  
0.0442662  -0.0481126  0.997851  0  -0.0779468  -0.995951  -0.0445632  0  0.995974  -0.0758081  -0.0478381  0  0.417156  -0.04374  0.778714  1  
0.0442953  -0.0481092  0.99785  0  -0.0779227  -0.995953  -0.0445588  0  0.995975  -0.0757828  -0.0478658  0  0.41717  -0.0437299  0.778702  1  
0.0443269  -0.0481062  0.997849  0  -0.0779022  -0.995955  -0.0445543  0  0.995975  -0.0757611  -0.0478961  0  0.417184  -0.0437221  0.778688  1  
0.0443617  -0.048108  0.997847  0  -0.0778817  -0.995957  -0.0445544  0  0.995975  -0.075739  -0.04793  0  0.417198  -0.0437142  0.778673  1  
0.0443973  -0.0481155  0.997845  0  -0.0778624  -0.995958  -0.0445602  0  0.995975  -0.0757177  -0.0479651  0  0.417214  -0.0437058  0.778658  1  
0.0444351  -0.0481203  0.997843  0  -0.0778411  -0.99596  -0.0445631  0  0.995975  -0.0756945  -0.0480022  0  0.41723  -0.0436986  0.778642  1  
0.0444727  -0.0481169  0.997842  0  -0.0778193  -0.995962  -0.0445579  0  0.995975  -0.0756711  -0.0480384  0  0.417246  -0.0436888  0.778626  1  
0.044512  -0.0481155  0.99784  0  -0.0778013  -0.995963  -0.0445544  0  0.995975  -0.0756515  -0.0480767  0  0.417262  -0.043681  0.778609  1  
0.0445512  -0.048125  0.997838  0  -0.077792  -0.995964  -0.0445614  0  0.995974  -0.07564  -0.048116  0  0.417279  -0.0436788  0.778591  1  
0.0445901  -0.0481231  0.997836  0  -0.077771  -0.995965  -0.0445576  0  0.995974  -0.0756173  -0.0481537  0  0.417296  -0.0436698  0.778574  1  
0.0446334  -0.0481193  0.997834  0  -0.0777507  -0.995967  -0.0445515  0  0.995973  -0.0755952  -0.0481956  0  0.417315  -0.0436624  0.778554  1  
0.0446674  -0.0481228  0.997833  0  -0.0777344  -0.995968  -0.0445532  0  0.995973  -0.0755773  -0.048229  0  0.417331  -0.0436558  0.778539  1  
0.0447117  -0.0481269  0.99783  0  -0.0777127  -0.99597  -0.0445549  0  0.995973  -0.0755534  -0.0482725  0  0.417349  -0.0436475  0.77852  1  
0.0448368  -0.0481339  0.997824  0  -0.077672  -0.995973  -0.0445544  0  0.99597  -0.0755067  -0.0483959  0  0.417401  -0.0436325  0.778465  1  
0.0448885  -0.0481398  0.997822  0  -0.0776559  -0.995974  -0.0445572  0  0.995969  -0.0754881  -0.0484471  0  0.417422  -0.0436258  0.778441  1  
0.0449309  -0.0481435  0.99782  0  -0.0776426  -0.995975  -0.0445584  0  0.995968  -0.0754727  -0.048489  0  0.417439  -0.0436203  0.778423  1  
0.044979  -0.0481463  0.997817  0  -0.0776295  -0.995976  -0.0445582  0  0.995967  -0.0754573  -0.0485366  0  0.417459  -0.043616  0.778402  1  
0.0450257  -0.0481505  0.997815  0  -0.0776184  -0.995977  -0.0445593  0  0.995966  -0.0754439  -0.0485829  0  0.417478  -0.0436134  0.778381  1  
0.0450727  -0.0481502  0.997813  0  -0.0776071  -0.995978  -0.0445561  0  0.995965  -0.0754306  -0.0486292  0  0.417497  -0.0436099  0.77836  1  
0.0451195  -0.0481555  0.997811  0  -0.0775921  -0.995979  -0.0445586  0  0.995964  -0.0754132  -0.0486755  0  0.417518  -0.0436034  0.778339  1  
0.045175  -0.0481628  0.997808  0  -0.0775806  -0.99598  -0.0445622  0  0.995962  -0.0753989  -0.0487308  0  0.417539  -0.0435999  0.778314  1  
0.0452231  -0.0481672  0.997805  0  -0.0775711  -0.995981  -0.0445634  0  0.995961  -0.075387  -0.0487786  0  0.417558  -0.0435969  0.778293  1  
0.0452687  -0.04817  0.997803  0  -0.0775606  -0.995982  -0.0445633  0  0.995959  -0.0753744  -0.0488238  0  0.417578  -0.0435945  0.778272  1  
0.0453149  -0.0481762  0.997801  0  -0.077547  -0.995982  -0.0445666  0  0.995958  -0.0753583  -0.0488697  0  0.417597  -0.0435887  0.778251  1  
0.0453741  -0.048178  0.997798  0  -0.0775367  -0.995983  -0.0445644  0  0.995956  -0.0753453  -0.0489284  0  0.41762  -0.0435848  0.778224  1  
0.0454152  -0.0481824  0.997796  0  -0.0775268  -0.995984  -0.0445662  0  0.995955  -0.0753334  -0.0489692  0  0.417639  -0.0435811  0.778205  1  
0.0454638  -0.0481811  0.997794  0  -0.0775184  -0.995985  -0.0445617  0  0.995954  -0.0753228  -0.0490171  0  0.41766  -0.0435785  0.778184  1  
0.0455202  -0.0481843  0.997791  0  -0.0775129  -0.995985  -0.0445609  0  0.995952  -0.0753147  -0.0490733  0  0.41768  -0.0435776  0.778159  1  
0.0455691  -0.048194  0.997788  0  -0.077501  -0.995986  -0.0445674  0  0.99595  -0.0753002  -0.0491222  0  0.417701  -0.0435731  0.778136  1  
0.0456208  -0.0481997  0.997786  0  -0.0774958  -0.995986  -0.0445696  0  0.995948  -0.0752923  -0.0491739  0  0.417722  -0.0435718  0.778113  1  
0.0456771  -0.0482025  0.997783  0  -0.0774809  -0.995987  -0.0445688  0  0.995947  -0.0752748  -0.0492295  0  0.417746  -0.0435666  0.778088  1  
0.0457396  -0.0482042  0.99778  0  -0.0774722  -0.995988  -0.0445662  0  0.995945  -0.0752632  -0.0492915  0  0.417769  -0.0435637  0.77806  1  
0.0457915  -0.0482111  0.997777  0  -0.0774655  -0.995989  -0.0445695  0  0.995943  -0.0752539  -0.0493435  0  0.417792  -0.0435618  0.778036  1  
0.0458512  -0.0482093  0.997775  0  -0.0774521  -0.99599  -0.0445638  0  0.995941  -0.0752379  -0.0494022  0  0.417817  -0.043556  0.778009  1  
0.0459041  -0.0482215  0.997772  0  -0.0774471  -0.99599  -0.0445723  0  0.995939  -0.0752299  -0.0494556  0  0.417839  -0.0435563  0.777985  1  
0.0459676  -0.0482175  0.997769  0  -0.0774347  -0.995991  -0.0445641  0  0.995937  -0.0752149  -0.049518  0  0.417864  -0.0435504  0.777957  1  
0.0460256  -0.0482255  0.997766  0  -0.0774282  -0.995992  -0.0445681  0  0.995935  -0.0752054  -0.0495761  0  0.417888  -0.04355  0.777931  1  
0.0460841  -0.0482251  0.997763  0  -0.0774177  -0.995993  -0.0445638  0  0.995933  -0.0751922  -0.0496338  0  0.417913  -0.0435469  0.777905  1  
0.0461498  -0.0482424  0.997759  0  -0.0774096  -0.995993  -0.0445765  0  0.995931  -0.0751804  -0.0497002  0  0.417939  -0.0435452  0.777875  1  
0.0462157  -0.0482451  0.997756  0  -0.0773995  -0.995994  -0.0445747  0  0.995928  -0.0751672  -0.0497656  0  0.417966  -0.0435413  0.777845  1  
0.0462798  -0.0482505  0.997753  0  -0.0773974  -0.995994  -0.0445754  0  0.995926  -0.075162  -0.0498298  0  0.417991  -0.0435423  0.777816  1  
0.0463407  -0.0482525  0.99775  0  -0.0773893  -0.995994  -0.0445733  0  0.995923  -0.075151  -0.0498903  0  0.418016  -0.0435405  0.777789  1  
0.0464067  -0.048264  0.997746  0  -0.0773856  -0.995994  -0.0445799  0  0.995921  -0.0751439  -0.0499567  0  0.418043  -0.0435394  0.777758  1  
0.0464703  -0.0482678  0.997743  0  -0.0773795  -0.995995  -0.0445793  0  0.995918  -0.0751347  -0.0500201  0  0.418069  -0.0435378  0.777729  1  
0.0465324  -0.0482693  0.99774  0  -0.077371  -0.995996  -0.0445765  0  0.995916  -0.0751234  -0.0500816  0  0.418093  -0.0435352  0.777702  1  
0.0465975  -0.0482703  0.997737  0  -0.0773636  -0.995996  -0.0445729  0  0.995913  -0.075113  -0.0501463  0  0.418119  -0.0435323  0.777672  1  
0.0466694  -0.0482876  0.997733  0  -0.0773551  -0.995997  -0.0445852  0  0.995911  -0.0751004  -0.0502188  0  0.418148  -0.0435305  0.777639  1  
0.0467394  -0.0482904  0.99773  0  -0.0773498  -0.995997  -0.044583  0  0.995908  -0.0750918  -0.0502885  0  0.418176  -0.0435289  0.777607  1  
0.0467971  -0.0482976  0.997726  0  -0.0773448  -0.995997  -0.0445861  0  0.995905  -0.0750839  -0.0503463  0  0.418198  -0.0435287  0.77758  1  
0.0468578  -0.0482939  0.997724  0  -0.0773329  -0.995999  -0.0445784  0  0.995904  -0.0750695  -0.0504059  0  0.418224  -0.0435241  0.777551  1  
0.0469275  -0.0483058  0.99772  0  -0.0773292  -0.995999  -0.0445853  0  0.995901  -0.075062  -0.0504761  0  0.418252  -0.0435245  0.777518  1  
0.0469919  -0.0483166  0.997716  0  -0.0773217  -0.995999  -0.0445916  0  0.995898  -0.0750512  -0.0505407  0  0.418278  -0.0435234  0.777488  1  
0.0470595  -0.0483207  0.997713  0  -0.0773223  -0.995999  -0.0445906  0  0.995895  -0.0750485  -0.0506084  0  0.418306  -0.0435252  0.777457  1  
0.0471222  -0.0483208  0.99771  0  -0.0773166  -0.995999  -0.0445862  0  0.995892  -0.07504  -0.0506707  0  0.418331  -0.0435243  0.777428  1  
0.0471894  -0.0483208  0.997707  0  -0.0773093  -0.996  -0.0445816  0  0.99589  -0.0750297  -0.0507372  0  0.418359  -0.0435219  0.777396  1  
0.0472609  -0.0483386  0.997703  0  -0.0773086  -0.996  -0.044594  0  0.995886  -0.0750249  -0.0508098  0  0.418387  -0.0435248  0.777363  1  
0.0473308  -0.048343  0.997699  0  -0.0773022  -0.996  -0.0445935  0  0.995884  -0.0750151  -0.0508795  0  0.418415  -0.0435226  0.77733  1  
0.0473992  -0.0483504  0.997695  0  -0.077296  -0.996001  -0.044596  0  0.995881  -0.0750055  -0.0509479  0  0.418443  -0.0435217  0.777299  1  
0.0474739  -0.0483552  0.997692  0  -0.0773015  -0.996  -0.0445949  0  0.995877  -0.0750074  -0.0510229  0  0.418472  -0.0435264  0.777265  1  
0.0475431  -0.0483534  0.997689  0  -0.0772906  -0.996001  -0.0445885  0  0.995874  -0.0749935  -0.0510913  0  0.4185  -0.0435224  0.777232  1  
0.0476112  -0.0483609  0.997685  0  -0.077291  -0.996001  -0.0445908  0  0.995871  -0.0749905  -0.0511597  0  0.418528  -0.0435243  0.777201  1  
0.0476901  -0.048376  0.99768  0  -0.0772853  -0.996001  -0.0446003  0  0.995868  -0.0749805  -0.0512392  0  0.418559  -0.0435235  0.777164  1  
0.0477624  -0.0483811  0.997677  0  -0.0772882  -0.996001  -0.0445998  0  0.995864  -0.0749799  -0.0513117  0  0.418588  -0.0435271  0.777129  1  
0.0478303  -0.0483899  0.997673  0  -0.0772816  -0.996001  -0.0446038  0  0.995861  -0.0749698  -0.0513797  0  0.418617  -0.0435264  0.777097  1  
0.047909  -0.0484002  0.997669  0  -0.077278  -0.996001  -0.0446084  0  0.995858  -0.0749622  -0.0514587  0  0.418649  -0.0435263  0.77706  1  
0.047982  -0.0484098  0.997665  0  -0.0772774  -0.996001  -0.0446125  0  0.995854  -0.0749578  -0.0515321  0  0.41868  -0.043528  0.777026  1  
0.0480626  -0.0484149  0.997661  0  -0.0772756  -0.996002  -0.0446116  0  0.995851  -0.0749522  -0.0516127  0  0.418712  -0.043528  0.776988  1  
0.0481355  -0.0484204  0.997657  0  -0.0772778  -0.996001  -0.0446115  0  0.995847  -0.0749508  -0.0516858  0  0.418742  -0.0435326  0.776953  1  
0.0482214  -0.0484249  0.997652  0  -0.0772767  -0.996002  -0.0446096  0  0.995843  -0.0749456  -0.0517717  0  0.418776  -0.0435338  0.776913  1  
0.0482943  -0.0484404  0.997648  0  -0.0772763  -0.996001  -0.0446196  0  0.995839  -0.0749411  -0.0518454  0  0.418806  -0.0435345  0.776877  1  
0.048366  -0.0484537  0.997644  0  -0.0772773  -0.996001  -0.0446275  0  0.995836  -0.0749383  -0.051918  0  0.418837  -0.0435384  0.77684  1  
0.0484344  -0.0484554  0.997641  0  -0.0772731  -0.996001  -0.0446243  0  0.995833  -0.0749309  -0.051986  0  0.418868  -0.0435383  0.776807  1  
0.0485061  -0.0484634  0.997637  0  -0.077268  -0.996001  -0.0446271  0  0.99583  -0.0749222  -0.0520578  0  0.4189  -0.0435373  0.77677  1  
0.0485786  -0.048468  0.997633  0  -0.077267  -0.996002  -0.0446263  0  0.995826  -0.0749177  -0.0521303  0  0.418932  -0.0435386  0.776733  1  
0.0486575  -0.0484779  0.997629  0  -0.0772641  -0.996002  -0.0446304  0  0.995823  -0.0749108  -0.0522095  0  0.418965  -0.0435392  0.776693  1  
0.0487261  -0.048485  0.997625  0  -0.0772569  -0.996002  -0.0446327  0  0.99582  -0.0749  -0.0522781  0  0.418996  -0.0435376  0.776658  1  
0.048803  -0.0484887  0.997621  0  -0.0772559  -0.996002  -0.0446307  0  0.995816  -0.0748954  -0.0523549  0  0.419029  -0.043539  0.77662  1  
0.0488749  -0.0484937  0.997617  0  -0.0772522  -0.996002  -0.0446305  0  0.995813  -0.0748883  -0.0524268  0  0.41906  -0.0435383  0.776584  1  
0.048953  -0.0484991  0.997613  0  -0.0772545  -0.996002  -0.0446299  0  0.995809  -0.0748868  -0.0525051  0  0.419094  -0.0435422  0.776544  1  
0.0490306  -0.0485057  0.997609  0  -0.0772504  -0.996003  -0.0446309  0  0.995805  -0.0748788  -0.0525827  0  0.419126  -0.0435405  0.776507  1  
0.0491135  -0.0485221  0.997604  0  -0.0772477  -0.996002  -0.0446411  0  0.995801  -0.0748716  -0.0526664  0  0.419161  -0.0435421  0.776466  1  
0.0491952  -0.0485272  0.9976  0  -0.077248  -0.996002  -0.0446401  0  0.995797  -0.0748679  -0.0527481  0  0.419196  -0.0435441  0.776426  1  
0.0492708  -0.0485321  0.997596  0  -0.0772459  -0.996003  -0.0446395  0  0.995794  -0.0748622  -0.0528238  0  0.419229  -0.0435451  0.776388  1  
0.0493573  -0.0485426  0.997591  0  -0.0772432  -0.996003  -0.0446436  0  0.99579  -0.0748551  -0.0529106  0  0.419265  -0.0435467  0.776347  1  
0.0494404  -0.0485494  0.997587  0  -0.0772443  -0.996002  -0.044644  0  0.995786  -0.0748522  -0.052994  0  0.419299  -0.0435477  0.776307  1  
0.0495273  -0.0485638  0.997582  0  -0.0772413  -0.996002  -0.0446521  0  0.995781  -0.0748445  -0.0530814  0  0.419334  -0.04355  0.776265  1  
0.0496091  -0.0485657  0.997578  0  -0.0772409  -0.996003  -0.0446478  0  0.995777  -0.0748403  -0.0531631  0  0.419369  -0.0435521  0.776226  1  
0.0496957  -0.0485716  0.997573  0  -0.077244  -0.996002  -0.0446471  0  0.995773  -0.0748392  -0.0532499  0  0.419405  -0.0435546  0.776184  1  
0.0497731  -0.0485864  0.997568  0  -0.0772427  -0.996002  -0.0446561  0  0.995769  -0.0748337  -0.0533281  0  0.419438  -0.0435562  0.776145  1  
0.049858  -0.0486  0.997564  0  -0.0772446  -0.996002  -0.0446632  0  0.995765  -0.074831  -0.0534137  0  0.419474  -0.0435598  0.776103  1  
0.0499378  -0.0486046  0.997559  0  -0.0772474  -0.996001  -0.0446617  0  0.99576  -0.07483  -0.0534938  0  0.419509  -0.0435628  0.776064  1  
0.0500287  -0.0486066  0.997555  0  -0.0772439  -0.996002  -0.0446571  0  0.995756  -0.0748223  -0.0535843  0  0.419546  -0.0435637  0.77602  1  
0.0501123  -0.0486145  0.99755  0  -0.0772435  -0.996002  -0.0446587  0  0.995752  -0.0748177  -0.0536681  0  0.419582  -0.0435662  0.775978  1  
0.0501875  -0.0486275  0.997546  0  -0.0772467  -0.996001  -0.0446659  0  0.995748  -0.0748169  -0.0537442  0  0.419615  -0.0435707  0.77594  1  
0.0502706  -0.0486403  0.997541  0  -0.0772511  -0.996001  -0.0446722  0  0.995743  -0.0748169  -0.0538281  0  0.419651  -0.0435753  0.775898  1  
0.0503569  -0.0486532  0.997536  0  -0.0772555  -0.996  -0.0446783  0  0.995739  -0.0748167  -0.0539153  0  0.419688  -0.0435803  0.775855  1  
0.0504412  -0.0486578  0.997531  0  -0.0772594  -0.996  -0.0446764  0  0.995734  -0.0748166  -0.0539998  0  0.419723  -0.0435837  0.775814  1  
0.0505254  -0.04867  0.997527  0  -0.0772605  -0.996  -0.0446822  0  0.99573  -0.0748133  -0.0540845  0  0.419758  -0.0435881  0.775772  1  
0.0506101  -0.0486865  0.997521  0  -0.0772637  -0.995999  -0.0446921  0  0.995725  -0.0748118  -0.0541704  0  0.419793  -0.0435917  0.77573  1  
0.0506897  -0.0486947  0.997517  0  -0.0772678  -0.995998  -0.0446941  0  0.995721  -0.0748118  -0.0542504  0  0.419827  -0.0435973  0.775691  1  
0.0507776  -0.0487021  0.997512  0  -0.0772691  -0.995998  -0.0446949  0  0.995716  -0.0748088  -0.0543386  0  0.419863  -0.0435998  0.775649  1  
0.0508714  -0.0487132  0.997507  0  -0.0772727  -0.995998  -0.0446987  0  0.995711  -0.0748076  -0.054433  0  0.419902  -0.0436051  0.775603  1  
0.05096  -0.0487256  0.997502  0  -0.0772769  -0.995997  -0.0447042  0  0.995706  -0.0748071  -0.0545224  0  0.41994  -0.0436094  0.775559  1  
0.0511396  -0.0487513  0.997491  0  -0.0772851  -0.995996  -0.0447159  0  0.995697  -0.0748059  -0.0547036  0  0.420015  -0.0436193  0.77547  1  
0.0512361  -0.0487584  0.997486  0  -0.0772908  -0.995996  -0.0447155  0  0.995691  -0.0748069  -0.0548006  0  0.420055  -0.0436242  0.775423  1  
0.0513334  -0.0487616  0.997481  0  -0.0772962  -0.995995  -0.0447111  0  0.995686  -0.0748077  -0.054898  0  0.420095  -0.0436288  0.775376  1  
0.0514265  -0.0487841  0.997475  0  -0.0773042  -0.995994  -0.0447261  0  0.99568  -0.0748104  -0.0549928  0  0.420134  -0.0436359  0.775329  1  
0.0515146  -0.0487902  0.99747  0  -0.0773074  -0.995994  -0.0447255  0  0.995675  -0.0748093  -0.0550811  0  0.42017  -0.0436389  0.775286  1  
0.0516155  -0.0488054  0.997464  0  -0.0773157  -0.995993  -0.0447325  0  0.99567  -0.0748122  -0.0551831  0  0.42021  -0.0436456  0.775237  1  
0.0517127  -0.0488101  0.997459  0  -0.0773222  -0.995993  -0.0447297  0  0.995664  -0.0748141  -0.0552807  0  0.42025  -0.0436514  0.77519  1  
0.0518117  -0.0488184  0.997453  0  -0.0773275  -0.995992  -0.0447302  0  0.995658  -0.0748145  -0.0553801  0  0.42029  -0.0436554  0.775141  1  
0.0519133  -0.0488333  0.997447  0  -0.0773343  -0.995991  -0.0447371  0  0.995653  -0.0748158  -0.0554827  0  0.420332  -0.0436602  0.775092  1  
0.0520168  -0.0488462  0.997441  0  -0.0773401  -0.995991  -0.0447418  0  0.995647  -0.0748163  -0.0555871  0  0.420373  -0.0436648  0.775041  1  
0.0521209  -0.0488525  0.997436  0  -0.077343  -0.995991  -0.0447402  0  0.995641  -0.0748142  -0.0556914  0  0.420414  -0.0436676  0.774992  1  
0.0522254  -0.04886  0.99743  0  -0.0773519  -0.99599  -0.0447393  0  0.995635  -0.074818  -0.0557965  0  0.420456  -0.0436734  0.774941  1  
0.0523279  -0.0488738  0.997424  0  -0.0773531  -0.99599  -0.0447453  0  0.99563  -0.0748138  -0.0558996  0  0.420497  -0.0436761  0.774893  1  
0.0524224  -0.048891  0.997418  0  -0.0773651  -0.995988  -0.0447547  0  0.995624  -0.0748206  -0.0559956  0  0.420533  -0.0436845  0.774846  1  
0.0525215  -0.0488994  0.997412  0  -0.0773707  -0.995988  -0.0447554  0  0.995618  -0.0748214  -0.0560952  0  0.420574  -0.0436887  0.774798  1  
0.0526196  -0.0489082  0.997407  0  -0.0773772  -0.995987  -0.0447564  0  0.995612  -0.0748229  -0.056194  0  0.420614  -0.0436952  0.77475  1  
0.0527302  -0.0489127  0.997401  0  -0.0773843  -0.995987  -0.0447522  0  0.995606  -0.0748247  -0.0563048  0  0.420655  -0.0436987  0.774697  1  
0.0528273  -0.0489249  0.997395  0  -0.0773866  -0.995986  -0.044757  0  0.995601  -0.074822  -0.0564024  0  0.420695  -0.0437016  0.77465  1  
0.0529305  -0.0489411  0.997389  0  -0.0773961  -0.995985  -0.0447649  0  0.995594  -0.074826  -0.056507  0  0.420737  -0.0437079  0.7746  1  
0.0530301  -0.0489472  0.997383  0  -0.0774023  -0.995985  -0.0447632  0  0.995589  -0.0748274  -0.0566069  0  0.420777  -0.0437124  0.774552  1  
0.0531414  -0.0489527  0.997377  0  -0.0774004  -0.995985  -0.0447604  0  0.995583  -0.0748202  -0.0567181  0  0.420822  -0.043713  0.7745  1  
0.0532318  -0.0489625  0.997371  0  -0.0774114  -0.995984  -0.0447628  0  0.995577  -0.0748266  -0.0568094  0  0.420858  -0.0437209  0.774456  1  
0.0533327  -0.0489818  0.997365  0  -0.0774217  -0.995983  -0.0447739  0  0.995571  -0.0748312  -0.0569118  0  0.4209  -0.0437278  0.774406  1  
0.0534315  -0.0489913  0.997359  0  -0.0774283  -0.995982  -0.0447755  0  0.995565  -0.0748329  -0.0570112  0  0.420941  -0.0437344  0.774359  1  
0.0535317  -0.049006  0.997353  0  -0.0774334  -0.995982  -0.0447825  0  0.995559  -0.0748326  -0.0571124  0  0.420982  -0.043739  0.774309  1  
0.0536324  -0.0490164  0.997347  0  -0.0774436  -0.995981  -0.0447847  0  0.995553  -0.0748377  -0.057214  0  0.421023  -0.0437459  0.77426  1  
0.053731  -0.049033  0.997341  0  -0.0774548  -0.995979  -0.0447932  0  0.995547  -0.0748435  -0.0573139  0  0.421066  -0.0437543  0.774211  1  
0.0538354  -0.0490383  0.997335  0  -0.0774618  -0.995979  -0.0447903  0  0.995541  -0.0748455  -0.0574186  0  0.421109  -0.04376  0.77416  1  
0.0539382  -0.0490519  0.997329  0  -0.0774651  -0.995979  -0.044796  0  0.995535  -0.0748434  -0.0575222  0  0.421153  -0.0437645  0.774109  1  
0.0540243  -0.0490636  0.997324  0  -0.0774803  -0.995977  -0.0448003  0  0.995529  -0.0748541  -0.0576096  0  0.421192  -0.0437742  0.774065  1  
0.0541241  -0.0490744  0.997318  0  -0.0774854  -0.995977  -0.0448033  0  0.995523  -0.0748541  -0.05771  0  0.421236  -0.0437798  0.774016  1  
0.0542246  -0.0490855  0.997312  0  -0.077492  -0.995976  -0.0448065  0  0.995517  -0.0748555  -0.0578112  0  0.421279  -0.0437854  0.773967  1  
0.0543214  -0.0490947  0.997306  0  -0.0775028  -0.995975  -0.0448078  0  0.995511  -0.0748614  -0.0579088  0  0.42132  -0.0437927  0.773918  1  
0.054419  -0.0491044  0.9973  0  -0.0775152  -0.995974  -0.0448093  0  0.995505  -0.0748689  -0.0580074  0  0.421364  -0.0438007  0.77387  1  
0.0545299  -0.0491137  0.997294  0  -0.0775203  -0.995974  -0.04481  0  0.995498  -0.0748684  -0.0581188  0  0.421409  -0.0438052  0.773817  1  
0.0546262  -0.0491287  0.997288  0  -0.0775338  -0.995972  -0.044817  0  0.995492  -0.0748768  -0.0582164  0  0.421452  -0.0438159  0.77377  1  
0.054734  -0.0491408  0.997281  0  -0.0775366  -0.995972  -0.0448208  0  0.995486  -0.074874  -0.0583249  0  0.421499  -0.0438185  0.773718  1  
0.0548329  -0.0491516  0.997275  0  -0.0775496  -0.995971  -0.0448234  0  0.995479  -0.074882  -0.0584248  0  0.421543  -0.0438274  0.773669  1  
0.0549395  -0.0491633  0.997269  0  -0.0775592  -0.99597  -0.0448265  0  0.995473  -0.074886  -0.0585323  0  0.421588  -0.043836  0.773618  1  
0.0550514  -0.049179  0.997262  0  -0.077575  -0.995968  -0.0448329  0  0.995465  -0.074896  -0.0586457  0  0.421635  -0.0438458  0.773564  1  
0.05516  -0.0491894  0.997255  0  -0.0775818  -0.995968  -0.0448347  0  0.995459  -0.0748972  -0.0587549  0  0.421682  -0.0438516  0.773512  1  
0.0552693  -0.0492062  0.997249  0  -0.0775896  -0.995967  -0.0448428  0  0.995452  -0.0748991  -0.0588654  0  0.421728  -0.043858  0.77346  1  
0.0553709  -0.0492177  0.997242  0  -0.0776004  -0.995966  -0.044846  0  0.995446  -0.0749047  -0.0589679  0  0.421772  -0.043866  0.773411  1  
0.055485  -0.049227  0.997236  0  -0.077612  -0.995965  -0.044846  0  0.995438  -0.0749106  -0.0590829  0  0.421821  -0.0438737  0.773355  1  
0.0555899  -0.0492452  0.997229  0  -0.0776259  -0.995963  -0.0448555  0  0.995431  -0.0749187  -0.0591893  0  0.421869  -0.0438832  0.773304  1  
0.0556975  -0.0492586  0.997222  0  -0.0776375  -0.995962  -0.0448601  0  0.995425  -0.0749246  -0.0592981  0  0.421916  -0.043891  0.773252  1  
0.0558093  -0.0492668  0.997216  0  -0.07764  -0.995962  -0.0448597  0  0.995418  -0.0749217  -0.0594102  0  0.421965  -0.0438942  0.773198  1  
0.0559248  -0.0492781  0.997209  0  -0.0776494  -0.995961  -0.0448618  0  0.995411  -0.0749252  -0.0595265  0  0.422014  -0.0439017  0.773142  1  
0.0560383  -0.0492868  0.997202  0  -0.077664  -0.99596  -0.0448611  0  0.995403  -0.0749341  -0.0596409  0  0.422062  -0.0439114  0.773088  1  
0.0561445  -0.0492941  0.997195  0  -0.0776734  -0.995959  -0.0448598  0  0.995397  -0.0749384  -0.0597477  0  0.422109  -0.043917  0.773038  1  
0.0562616  -0.0493058  0.997188  0  -0.0776827  -0.995959  -0.0448621  0  0.995389  -0.0749417  -0.0598655  0  0.422159  -0.0439243  0.772982  1  
0.0563698  -0.0493149  0.997182  0  -0.0776927  -0.995958  -0.0448625  0  0.995382  -0.0749463  -0.0599745  0  0.422208  -0.0439309  0.77293  1  
0.0564877  -0.0493231  0.997175  0  -0.0777039  -0.995957  -0.0448611  0  0.995375  -0.0749516  -0.0600931  0  0.422257  -0.0439386  0.772874  1  
0.0566049  -0.0493323  0.997167  0  -0.0777119  -0.995956  -0.044861  0  0.995368  -0.0749538  -0.0602109  0  0.422308  -0.0439442  0.77282  1  
0.0567187  -0.0493463  0.99716  0  -0.0777221  -0.995955  -0.0448658  0  0.99536  -0.0749581  -0.0603257  0  0.422357  -0.04395  0.772767  1  
0.0568303  -0.0493587  0.997153  0  -0.0777318  -0.995954  -0.0448692  0  0.995353  -0.074962  -0.0604383  0  0.422406  -0.0439575  0.772715  1  
0.056946  -0.049363  0.997147  0  -0.0777433  -0.995954  -0.0448642  0  0.995346  -0.0749681  -0.0605544  0  0.422455  -0.0439643  0.772661  1  
0.0570524  -0.0493744  0.99714  0  -0.0777499  -0.995953  -0.0448671  0  0.995339  -0.0749692  -0.0606616  0  0.422503  -0.0439703  0.77261  1  
0.0571612  -0.0493875  0.997133  0  -0.0777623  -0.995952  -0.0448712  0  0.995332  -0.0749759  -0.0607715  0  0.422552  -0.0439775  0.772557  1  
0.0572776  -0.0494033  0.997126  0  -0.0777751  -0.995951  -0.0448775  0  0.995324  -0.0749825  -0.0608892  0  0.422603  -0.0439867  0.772502  1  
0.0573844  -0.0494131  0.997119  0  -0.0777788  -0.99595  -0.044879  0  0.995318  -0.0749808  -0.0609965  0  0.422652  -0.043991  0.772451  1  
0.0574987  -0.0494268  0.997112  0  -0.0777909  -0.995949  -0.0448834  0  0.99531  -0.074987  -0.0611119  0  0.422704  -0.044  0.772396  1  
0.0576039  -0.0494362  0.997105  0  -0.0778016  -0.995948  -0.0448842  0  0.995303  -0.0749923  -0.0612179  0  0.422752  -0.0440077  0.772346  1  
0.0577029  -0.0494477  0.997099  0  -0.0778137  -0.995947  -0.0448874  0  0.995297  -0.0749992  -0.0613179  0  0.422799  -0.0440166  0.772298  1  
0.057809  -0.0494666  0.997092  0  -0.0778236  -0.995946  -0.0448977  0  0.99529  -0.0750032  -0.0614255  0  0.422849  -0.0440262  0.772247  1  
0.0579192  -0.0494782  0.997085  0  -0.0778344  -0.995945  -0.0449003  0  0.995282  -0.0750084  -0.0615366  0  0.4229  -0.0440343  0.772193  1  
0.058022  -0.0494901  0.997078  0  -0.077844  -0.995944  -0.0449039  0  0.995276  -0.0750126  -0.0616404  0  0.42295  -0.0440423  0.772143  1  
0.0581341  -0.0495082  0.997071  0  -0.0778577  -0.995943  -0.0449127  0  0.995268  -0.0750201  -0.0617541  0  0.423003  -0.0440527  0.772087  1  
0.0582377  -0.0495217  0.997064  0  -0.0778685  -0.995942  -0.0449178  0  0.995261  -0.0750254  -0.0618587  0  0.423053  -0.0440605  0.772037  1  
0.0583508  -0.0495318  0.997057  0  -0.0778796  -0.995941  -0.0449186  0  0.995254  -0.0750308  -0.0619726  0  0.423108  -0.0440693  0.771983  1  
0.0584592  -0.0495375  0.99705  0  -0.0778905  -0.99594  -0.0449154  0  0.995246  -0.0750365  -0.0620815  0  0.423158  -0.0440779  0.771931  1  
0.0585724  -0.0495545  0.997043  0  -0.077906  -0.995938  -0.044923  0  0.995239  -0.0750458  -0.0621963  0  0.423212  -0.0440889  0.771877  1  
0.0586857  -0.0495714  0.997035  0  -0.0779171  -0.995937  -0.0449306  0  0.995231  -0.0750507  -0.0623109  0  0.423267  -0.0440976  0.771822  1  
0.0587957  -0.04959  0.997028  0  -0.0779283  -0.995936  -0.0449401  0  0.995224  -0.0750558  -0.0624224  0  0.423321  -0.0441069  0.77177  1  
0.0589166  -0.0495963  0.99702  0  -0.0779403  -0.995935  -0.0449366  0  0.995216  -0.075062  -0.0625438  0  0.423377  -0.0441144  0.771712  1  
0.0590375  -0.0496065  0.997013  0  -0.0779534  -0.995934  -0.0449368  0  0.995207  -0.0750691  -0.0626656  0  0.423434  -0.0441243  0.771655  1  
0.0591503  -0.0496207  0.997005  0  -0.0779678  -0.995933  -0.0449416  0  0.9952  -0.0750775  -0.0627798  0  0.42349  -0.0441343  0.771601  1  
0.0592697  -0.0496393  0.996997  0  -0.0779843  -0.995931  -0.0449501  0  0.995191  -0.0750874  -0.0629009  0  0.423546  -0.0441458  0.771545  1  
0.0593728  -0.0496542  0.996991  0  -0.0779988  -0.99593  -0.0449564  0  0.995184  -0.0750963  -0.0630053  0  0.4236  -0.0441558  0.771494  1  
0.0594946  -0.0496611  0.996983  0  -0.0780117  -0.995929  -0.0449533  0  0.995176  -0.0751033  -0.0631278  0  0.423659  -0.0441647  0.771436  1  
0.0596079  -0.0496749  0.996975  0  -0.078026  -0.995927  -0.0449576  0  0.995168  -0.0751117  -0.0632423  0  0.423716  -0.0441754  0.771381  1  
0.0597179  -0.0496854  0.996968  0  -0.0780393  -0.995926  -0.044959  0  0.99516  -0.0751193  -0.0633533  0  0.423773  -0.0441842  0.771327  1  
0.0598229  -0.0497064  0.996961  0  -0.0780556  -0.995925  -0.044971  0  0.995152  -0.0751296  -0.0634602  0  0.423828  -0.0441967  0.771276  1  
0.0599384  -0.0497185  0.996953  0  -0.0780687  -0.995923  -0.0449735  0  0.995144  -0.0751367  -0.0635767  0  0.423886  -0.0442058  0.771219  1  
0.0600396  -0.0497306  0.996947  0  -0.0780837  -0.995922  -0.044977  0  0.995137  -0.0751464  -0.0636792  0  0.423941  -0.0442168  0.771167  1  
0.0601477  -0.0497398  0.99694  0  -0.0781012  -0.995921  -0.0449769  0  0.995129  -0.0751584  -0.0637883  0  0.423998  -0.0442286  0.771115  1  
0.0602575  -0.0497556  0.996932  0  -0.0781141  -0.995919  -0.0449836  0  0.995122  -0.0751653  -0.0638994  0  0.424056  -0.0442377  0.771061  1  
0.0603644  -0.0497673  0.996925  0  -0.0781242  -0.995918  -0.0449866  0  0.995114  -0.0751699  -0.0640073  0  0.424114  -0.0442459  0.771008  1  
0.0604688  -0.049779  0.996918  0  -0.0781392  -0.995917  -0.0449894  0  0.995107  -0.0751794  -0.0641128  0  0.424171  -0.0442571  0.770955  1  
0.0605736  -0.0497911  0.996911  0  -0.0781557  -0.995916  -0.0449926  0  0.995099  -0.0751904  -0.0642189  0  0.424228  -0.0442697  0.770903  1  
0.0606765  -0.0498122  0.996904  0  -0.0781682  -0.995914  -0.045005  0  0.995092  -0.0751969  -0.0643235  0  0.424285  -0.0442798  0.770851  1  
0.0607781  -0.0498248  0.996897  0  -0.0781828  -0.995913  -0.045009  0  0.995085  -0.0752061  -0.0644263  0  0.424341  -0.0442898  0.770801  1  
0.0608827  -0.0498307  0.996891  0  -0.0781987  -0.995912  -0.0450059  0  0.995077  -0.0752169  -0.0645318  0  0.424398  -0.0443007  0.77075  1  
0.0609868  -0.0498395  0.996884  0  -0.0782066  -0.995911  -0.0450064  0  0.99507  -0.0752195  -0.0646364  0  0.424454  -0.0443093  0.770699  1  
