0.0433476  -0.0481847  0.997888  0  -0.0792922  -0.995842  -0.0446415  0  0.995908  -0.0771911  -0.0469889  0  0.416722  -0.0442647  0.779102  1  
0.0433385  -0.0481902  0.997888  0  -0.0792911  -0.995841  -0.0446478  0  0.995909  -0.0771901  -0.0469802  0  0.41672  -0.0442653  0.779106  1  
0.0433434  -0.0481901  0.997888  0  -0.0792923  -0.995841  -0.0446472  0  0.995909  -0.0771911  -0.0469851  0  0.416721  -0.0442648  0.779103  1  
0.0433447  -0.0481926  0.997888  0  -0.0792925  -0.995841  -0.0446496  0  0.995909  -0.0771912  -0.0469866  0  0.416721  -0.0442658  0.779102  1  
0.0433456  -0.0481886  0.997888  0  -0.0792918  -0.995842  -0.0446456  0  0.995909  -0.0771906  -0.0469872  0  0.41672  -0.0442656  0.779102  1  
0.043351  -0.0481896  0.997887  0  -0.0792912  -0.995842  -0.0446462  0  0.995908  -0.0771897  -0.0469926  0  0.416721  -0.0442659  0.779098  1  
0.0433458  -0.0481879  0.997888  0  -0.0792886  -0.995842  -0.044645  0  0.995909  -0.0771874  -0.0469872  0  0.41672  -0.0442661  0.7791  1  
0.0433455  -0.0481828  0.997888  0  -0.0792852  -0.995842  -0.0446401  0  0.995909  -0.0771843  -0.0469864  0  0.416721  -0.0442642  0.779098  1  
0.0433515  -0.0481786  0.997888  0  -0.0792818  -0.995843  -0.0446356  0  0.995909  -0.0771808  -0.0469919  0  0.416722  -0.0442632  0.779094  1  
0.0433533  -0.0481714  0.997888  0  -0.0792755  -0.995844  -0.0446286  0  0.995909  -0.0771748  -0.0469928  0  0.416722  -0.0442596  0.779092  1  
0.0433524  -0.0481767  0.997888  0  -0.0792755  -0.995843  -0.0446339  0  0.99591  -0.0771745  -0.0469923  0  0.416722  -0.0442615  0.779091  1  
0.0433551  -0.0481811  0.997888  0  -0.0792663  -0.995844  -0.0446385  0  0.99591  -0.0771651  -0.0469949  0  0.416723  -0.0442569  0.779089  1  
0.0433578  -0.0481871  0.997887  0  -0.0792618  -0.995844  -0.0446445  0  0.99591  -0.0771602  -0.0469979  0  0.416724  -0.0442561  0.779088  1  
0.0433681  -0.0481846  0.997887  0  -0.0792545  -0.995845  -0.0446416  0  0.995911  -0.0771525  -0.0470077  0  0.416726  -0.0442532  0.779083  1  
0.0433675  -0.0481896  0.997887  0  -0.0792457  -0.995845  -0.044647  0  0.995911  -0.0771435  -0.047007  0  0.416727  -0.0442512  0.779084  1  
0.043374  -0.048192  0.997886  0  -0.0792389  -0.995846  -0.0446493  0  0.995912  -0.0771362  -0.0470134  0  0.416728  -0.0442495  0.77908  1  
0.0433782  -0.0481902  0.997886  0  -0.0792294  -0.995846  -0.0446476  0  0.995912  -0.0771266  -0.0470171  0  0.416728  -0.0442449  0.779078  1  
0.04338  -0.0481892  0.997886  0  -0.0792223  -0.995847  -0.0446467  0  0.995913  -0.0771196  -0.0470184  0  0.416729  -0.0442429  0.779077  1  
0.0433843  -0.0481796  0.997886  0  -0.0792123  -0.995848  -0.0446373  0  0.995913  -0.0771098  -0.0470215  0  0.41673  -0.0442378  0.779075  1  
0.0433916  -0.0481756  0.997886  0  -0.0791985  -0.995849  -0.0446334  0  0.995914  -0.0770959  -0.0470278  0  0.416731  -0.0442331  0.779071  1  
0.0433965  -0.0481743  0.997886  0  -0.0791921  -0.99585  -0.044632  0  0.995914  -0.0770893  -0.0470323  0  0.416733  -0.0442297  0.779069  1  
0.0434022  -0.0481716  0.997886  0  -0.0791807  -0.995851  -0.0446295  0  0.995915  -0.0770778  -0.0470372  0  0.416734  -0.044225  0.779066  1  
0.0434047  -0.0481658  0.997886  0  -0.0791662  -0.995852  -0.0446242  0  0.995916  -0.0770634  -0.0470387  0  0.416734  -0.0442181  0.779065  1  
0.0434134  -0.0481743  0.997885  0  -0.0791545  -0.995853  -0.0446325  0  0.995916  -0.077051  -0.0470475  0  0.416737  -0.0442131  0.77906  1  
0.0434199  -0.0481733  0.997885  0  -0.0791433  -0.995854  -0.0446316  0  0.995917  -0.0770395  -0.0470534  0  0.416739  -0.0442101  0.779057  1  
0.0434144  -0.0481733  0.997885  0  -0.0791312  -0.995855  -0.0446326  0  0.995918  -0.0770276  -0.0470474  0  0.416738  -0.0442055  0.77906  1  
0.043425  -0.0481673  0.997885  0  -0.0791153  -0.995856  -0.0446265  0  0.995919  -0.0770116  -0.0470568  0  0.416741  -0.0441989  0.779055  1  
0.0434257  -0.0481735  0.997885  0  -0.0791047  -0.995857  -0.0446332  0  0.99592  -0.0770007  -0.0470575  0  0.416742  -0.0441953  0.779054  1  
0.0434287  -0.0481731  0.997885  0  -0.0790969  -0.995858  -0.0446329  0  0.99592  -0.0769927  -0.0470601  0  0.416742  -0.0441924  0.779051  1  
0.0434329  -0.0481682  0.997885  0  -0.0790754  -0.995859  -0.0446287  0  0.995922  -0.0769713  -0.0470629  0  0.416744  -0.044183  0.779051  1  
0.0434401  -0.0481717  0.997884  0  -0.0790594  -0.995861  -0.0446324  0  0.995923  -0.0769548  -0.0470696  0  0.416747  -0.0441771  0.779048  1  
0.0434415  -0.0481666  0.997885  0  -0.0790418  -0.995862  -0.044628  0  0.995924  -0.0769374  -0.0470698  0  0.416749  -0.0441704  0.779048  1  
0.0434477  -0.0481663  0.997884  0  -0.0790315  -0.995863  -0.0446277  0  0.995925  -0.0769268  -0.0470755  0  0.416751  -0.0441663  0.779044  1  
0.043449  -0.0481705  0.997884  0  -0.0790138  -0.995864  -0.0446326  0  0.995926  -0.0769089  -0.0470764  0  0.416752  -0.0441594  0.779043  1  
0.0434611  -0.048168  0.997884  0  -0.0790023  -0.995865  -0.0446297  0  0.995927  -0.0768969  -0.0470876  0  0.416756  -0.0441558  0.779038  1  
0.0434578  -0.0481646  0.997884  0  -0.0789827  -0.995867  -0.0446275  0  0.995928  -0.0768776  -0.0470833  0  0.416756  -0.0441481  0.779038  1  
0.0434646  -0.048167  0.997884  0  -0.0789628  -0.995868  -0.0446304  0  0.995929  -0.0768573  -0.0470893  0  0.416759  -0.0441413  0.779034  1  
0.0434699  -0.0481713  0.997883  0  -0.0789464  -0.995869  -0.044635  0  0.995931  -0.0768405  -0.0470942  0  0.416762  -0.0441361  0.779032  1  
0.0434783  -0.0481751  0.997883  0  -0.0789291  -0.995871  -0.044639  0  0.995932  -0.0768226  -0.047102  0  0.416766  -0.0441299  0.779028  1  
0.043484  -0.0481724  0.997882  0  -0.0789129  -0.995872  -0.0446366  0  0.995933  -0.0768063  -0.0471068  0  0.416767  -0.044124  0.779025  1  
0.0434922  -0.0481732  0.997882  0  -0.0788914  -0.995874  -0.0446378  0  0.995934  -0.0767844  -0.0471141  0  0.41677  -0.0441159  0.779021  1  
0.0434953  -0.0481713  0.997882  0  -0.0788711  -0.995875  -0.0446366  0  0.995935  -0.0767641  -0.0471161  0  0.416773  -0.0441077  0.779021  1  
0.0435124  -0.0481739  0.997881  0  -0.0788527  -0.995877  -0.0446387  0  0.995936  -0.0767447  -0.0471325  0  0.416778  -0.0441016  0.779013  1  
0.0435257  -0.0481792  0.99788  0  -0.0788321  -0.995878  -0.044644  0  0.995937  -0.0767233  -0.0471453  0  0.416784  -0.0440934  0.779007  1  
0.0435314  -0.0481807  0.99788  0  -0.0788124  -0.99588  -0.044646  0  0.995938  -0.0767033  -0.0471502  0  0.416785  -0.0440864  0.779003  1  
0.0435448  -0.0481815  0.997879  0  -0.0787907  -0.995881  -0.0446468  0  0.99594  -0.0766809  -0.0471627  0  0.41679  -0.0440787  0.778998  1  
0.0435566  -0.0481783  0.997879  0  -0.0787753  -0.995883  -0.0446435  0  0.99594  -0.0766652  -0.0471734  0  0.416795  -0.0440725  0.778992  1  
0.043574  -0.0481854  0.997878  0  -0.0787557  -0.995884  -0.0446501  0  0.995941  -0.0766445  -0.0471905  0  0.4168  -0.0440679  0.778983  1  
0.0435819  -0.0481858  0.997877  0  -0.0787308  -0.995886  -0.044651  0  0.995943  -0.0766192  -0.0471972  0  0.416804  -0.044057  0.77898  1  
0.0435975  -0.0481902  0.997877  0  -0.078708  -0.995887  -0.0446554  0  0.995944  -0.0765955  -0.047212  0  0.41681  -0.0440485  0.778972  1  
0.0436124  -0.048189  0.997876  0  -0.078696  -0.995888  -0.0446536  0  0.995944  -0.0765829  -0.0472262  0  0.416814  -0.0440451  0.778965  1  
0.0436205  -0.048187  0.997876  0  -0.0786699  -0.995891  -0.0446522  0  0.995946  -0.0765565  -0.047233  0  0.416817  -0.0440353  0.778962  1  
0.0436311  -0.0481887  0.997875  0  -0.0786483  -0.995892  -0.0446541  0  0.995947  -0.0765343  -0.0472428  0  0.416821  -0.0440276  0.778956  1  
0.0436391  -0.0481911  0.997875  0  -0.0786276  -0.995894  -0.0446569  0  0.995948  -0.0765132  -0.04725  0  0.416823  -0.0440212  0.778952  1  
0.0436525  -0.0481883  0.997874  0  -0.0786071  -0.995895  -0.0446541  0  0.995949  -0.0764922  -0.0472621  0  0.416829  -0.044013  0.778945  1  
0.0436666  -0.0481941  0.997873  0  -0.078586  -0.995897  -0.0446597  0  0.99595  -0.0764702  -0.0472757  0  0.416832  -0.0440065  0.778939  1  
0.0436812  -0.0481979  0.997873  0  -0.0785658  -0.995898  -0.0446634  0  0.995951  -0.0764492  -0.0472896  0  0.416837  -0.0439996  0.778931  1  
0.043692  -0.0482023  0.997872  0  -0.0785426  -0.9959  -0.044668  0  0.995953  -0.0764253  -0.0472997  0  0.416841  -0.0439906  0.778926  1  
0.0437095  -0.0482079  0.997871  0  -0.078522  -0.995901  -0.0446733  0  0.995954  -0.0764037  -0.0473166  0  0.416846  -0.0439845  0.778917  1  
0.0437193  -0.0482085  0.99787  0  -0.0784932  -0.995903  -0.0446745  0  0.995955  -0.0763744  -0.0473252  0  0.41685  -0.0439727  0.778912  1  
0.043731  -0.0482196  0.997869  0  -0.0784762  -0.995904  -0.0446854  0  0.995956  -0.0763564  -0.0473369  0  0.416854  -0.0439684  0.778905  1  
0.0437471  -0.0482196  0.997869  0  -0.0784506  -0.995906  -0.0446855  0  0.995958  -0.07633  -0.0473518  0  0.416858  -0.0439583  0.778898  1  
0.0437656  -0.0482181  0.997868  0  -0.0784269  -0.995908  -0.0446836  0  0.995959  -0.0763056  -0.0473691  0  0.416864  -0.0439501  0.778889  1  
0.0437751  -0.0482145  0.997868  0  -0.0784022  -0.99591  -0.0446805  0  0.99596  -0.0762806  -0.0473771  0  0.416868  -0.0439408  0.778883  1  
0.0437865  -0.0482208  0.997867  0  -0.0783783  -0.995912  -0.0446871  0  0.995962  -0.0762559  -0.0473879  0  0.41687  -0.0439307  0.778878  1  
0.0438088  -0.0482272  0.997866  0  -0.0783575  -0.995913  -0.0446928  0  0.995962  -0.0762338  -0.0474097  0  0.416876  -0.0439247  0.778866  1  
0.0438251  -0.0482291  0.997865  0  -0.078339  -0.995915  -0.0446943  0  0.995963  -0.0762144  -0.0474252  0  0.416883  -0.0439188  0.778858  1  
0.043843  -0.0482228  0.997864  0  -0.0783135  -0.995917  -0.0446878  0  0.995964  -0.0761884  -0.0474414  0  0.416888  -0.0439087  0.77885  1  
0.0438612  -0.0482332  0.997863  0  -0.0782948  -0.995918  -0.0446978  0  0.995965  -0.0761684  -0.0474595  0  0.416893  -0.0439039  0.77884  1  
0.0438823  -0.048235  0.997862  0  -0.0782703  -0.99592  -0.0446991  0  0.995966  -0.076143  -0.0474796  0  0.4169  -0.0438945  0.77883  1  
0.043898  -0.0482423  0.997861  0  -0.0782464  -0.995921  -0.0447063  0  0.995967  -0.0761179  -0.0474947  0  0.416906  -0.0438858  0.778821  1  
0.0439203  -0.0482506  0.99786  0  -0.0782274  -0.995923  -0.0447138  0  0.995968  -0.0760975  -0.0475167  0  0.416912  -0.0438797  0.778809  1  
0.0439435  -0.0482528  0.997858  0  -0.0782061  -0.995924  -0.0447152  0  0.995968  -0.0760751  -0.047539  0  0.41692  -0.0438728  0.778798  1  
0.0439668  -0.0482523  0.997857  0  -0.0781838  -0.995926  -0.0447141  0  0.995969  -0.0760518  -0.0475612  0  0.416927  -0.0438649  0.778787  1  
0.0439897  -0.0482551  0.997856  0  -0.0781571  -0.995928  -0.0447164  0  0.99597  -0.076024  -0.047583  0  0.416935  -0.0438538  0.778776  1  
0.044011  -0.0482639  0.997855  0  -0.0781353  -0.995929  -0.0447246  0  0.995971  -0.0760007  -0.0476039  0  0.416942  -0.0438466  0.778764  1  
0.0440334  -0.0482661  0.997854  0  -0.0781144  -0.995931  -0.0447261  0  0.995971  -0.0759788  -0.0476254  0  0.416949  -0.0438386  0.778753  1  
0.0440587  -0.048271  0.997852  0  -0.0780911  -0.995933  -0.0447301  0  0.995972  -0.0759541  -0.0476499  0  0.416957  -0.0438303  0.77874  1  
0.0440873  -0.0482727  0.997851  0  -0.0780698  -0.995934  -0.0447307  0  0.995973  -0.0759314  -0.0476776  0  0.416966  -0.0438228  0.778725  1  
0.044111  -0.0482664  0.99785  0  -0.078045  -0.995936  -0.0447238  0  0.995973  -0.0759059  -0.0476996  0  0.416973  -0.0438125  0.778714  1  
0.0441372  -0.0482721  0.997849  0  -0.0780219  -0.995938  -0.0447286  0  0.995974  -0.0758813  -0.0477251  0  0.416981  -0.0438035  0.778699  1  
0.0441663  -0.0482793  0.997847  0  -0.0780056  -0.995939  -0.0447343  0  0.995974  -0.0758634  -0.0477539  0  0.416989  -0.0437986  0.778685  1  
0.0441861  -0.0482826  0.997846  0  -0.0779768  -0.995941  -0.0447374  0  0.995975  -0.0758336  -0.0477726  0  0.416996  -0.043787  0.778675  1  
0.0442185  -0.0482823  0.997845  0  -0.077958  -0.995943  -0.0447356  0  0.995975  -0.0758133  -0.0478041  0  0.417004  -0.0437801  0.778658  1  
0.0442433  -0.048285  0.997844  0  -0.0779317  -0.995945  -0.0447377  0  0.995976  -0.0757858  -0.0478277  0  0.417012  -0.0437701  0.778645  1  
0.044274  -0.0482876  0.997842  0  -0.0779101  -0.995946  -0.0447391  0  0.995977  -0.0757626  -0.0478575  0  0.417022  -0.0437617  0.77863  1  
0.0443036  -0.0483  0.99784  0  -0.0778953  -0.995947  -0.0447499  0  0.995977  -0.0757459  -0.0478873  0  0.41703  -0.0437574  0.778614  1  
0.0443286  -0.0482981  0.997839  0  -0.0778717  -0.995949  -0.0447472  0  0.995977  -0.0757213  -0.047911  0  0.417036  -0.0437481  0.7786  1  
0.0443607  -0.0482967  0.997838  0  -0.0778497  -0.995951  -0.0447444  0  0.995978  -0.075698  -0.0479418  0  0.417047  -0.0437387  0.778584  1  
0.0443903  -0.0482954  0.997837  0  -0.0778271  -0.995953  -0.044742  0  0.995978  -0.075674  -0.0479703  0  0.417055  -0.0437301  0.778569  1  
0.0444142  -0.048301  0.997835  0  -0.077809  -0.995954  -0.0447467  0  0.995978  -0.0756546  -0.0479936  0  0.417062  -0.043724  0.778557  1  
0.0444435  -0.0483125  0.997833  0  -0.0777889  -0.995955  -0.0447568  0  0.995979  -0.0756326  -0.0480228  0  0.41707  -0.0437178  0.77854  1  
0.0444757  -0.0483118  0.997832  0  -0.0777669  -0.995957  -0.0447548  0  0.995979  -0.0756093  -0.0480538  0  0.417079  -0.0437085  0.778523  1  
0.0445098  -0.0483143  0.99783  0  -0.0777529  -0.995958  -0.0447554  0  0.995979  -0.0755936  -0.0480874  0  0.417089  -0.0437037  0.778506  1  
0.0445386  -0.0483158  0.997829  0  -0.0777301  -0.99596  -0.0447557  0  0.995979  -0.0755695  -0.0481151  0  0.417098  -0.0436953  0.778491  1  
0.0445728  -0.0483238  0.997827  0  -0.0777098  -0.995961  -0.0447622  0  0.995979  -0.0755472  -0.0481489  0  0.417108  -0.0436897  0.778473  1  
0.0446127  -0.0483323  0.997825  0  -0.0776957  -0.995962  -0.0447683  0  0.995978  -0.0755309  -0.0481887  0  0.417118  -0.0436843  0.778452  1  
0.0446367  -0.0483419  0.997823  0  -0.0776838  -0.995962  -0.0447766  0  0.995978  -0.0755175  -0.0482128  0  0.417126  -0.0436818  0.778439  1  
0.0446744  -0.0483421  0.997822  0  -0.0776667  -0.995964  -0.0447748  0  0.995978  -0.0754987  -0.0482496  0  0.417137  -0.0436751  0.778419  1  
0.044717  -0.0483437  0.99782  0  -0.0776463  -0.995965  -0.0447741  0  0.995978  -0.0754763  -0.0482912  0  0.417148  -0.0436683  0.778397  1  
0.0447497  -0.048352  0.997818  0  -0.0776391  -0.995966  -0.0447803  0  0.995977  -0.0754672  -0.0483241  0  0.417157  -0.0436684  0.778379  1  
0.0447869  -0.0483541  0.997816  0  -0.0776191  -0.995967  -0.0447805  0  0.995977  -0.0754455  -0.0483604  0  0.417168  -0.0436599  0.77836  1  
0.0448261  -0.0483639  0.997814  0  -0.0776037  -0.995968  -0.0447881  0  0.995976  -0.0754279  -0.0483995  0  0.417178  -0.0436551  0.778338  1  
0.0448648  -0.0483692  0.997812  0  -0.07759  -0.995969  -0.0447912  0  0.995975  -0.0754121  -0.0484379  0  0.417188  -0.0436504  0.778318  1  
0.0449046  -0.0483735  0.99781  0  -0.0775737  -0.99597  -0.0447932  0  0.995975  -0.0753938  -0.0484771  0  0.4172  -0.0436452  0.778296  1  
0.044941  -0.0483755  0.997808  0  -0.07756  -0.995971  -0.0447932  0  0.995974  -0.0753784  -0.0485129  0  0.417209  -0.0436412  0.778277  1  
0.0449819  -0.0483826  0.997806  0  -0.07755  -0.995972  -0.0447976  0  0.995973  -0.0753663  -0.0485537  0  0.417221  -0.0436387  0.778256  1  
0.045025  -0.0483949  0.997803  0  -0.0775352  -0.995973  -0.0448074  0  0.995972  -0.0753489  -0.0485969  0  0.417232  -0.0436336  0.778232  1  
0.045058  -0.0484038  0.997801  0  -0.0775204  -0.995973  -0.0448145  0  0.995972  -0.0753321  -0.0486297  0  0.417241  -0.0436297  0.778215  1  
0.0451043  -0.0484025  0.997799  0  -0.0775057  -0.995975  -0.0448105  0  0.995971  -0.0753155  -0.0486752  0  0.417253  -0.0436238  0.77819  1  
0.0451511  -0.0484025  0.997797  0  -0.0774908  -0.995976  -0.0448076  0  0.99597  -0.0752984  -0.0487211  0  0.417266  -0.0436175  0.778166  1  
0.0451895  -0.0484154  0.997795  0  -0.0774762  -0.995977  -0.0448183  0  0.995969  -0.0752815  -0.0487597  0  0.417276  -0.0436141  0.778145  1  
0.0452345  -0.0484247  0.997792  0  -0.0774673  -0.995977  -0.0448246  0  0.995968  -0.0752701  -0.0488048  0  0.41729  -0.0436125  0.77812  1  
0.0452721  -0.0484215  0.997791  0  -0.0774497  -0.995979  -0.0448195  0  0.995968  -0.075251  -0.0488413  0  0.417299  -0.0436053  0.7781  1  
0.0453212  -0.0484323  0.997788  0  -0.077437  -0.995979  -0.0448272  0  0.995967  -0.0752355  -0.0488904  0  0.417313  -0.0436024  0.778074  1  
0.0453628  -0.0484312  0.997786  0  -0.0774195  -0.995981  -0.0448238  0  0.995966  -0.0752162  -0.0489309  0  0.417324  -0.0435954  0.778052  1  
0.0454048  -0.0484407  0.997784  0  -0.0774093  -0.995981  -0.0448306  0  0.995965  -0.0752036  -0.0489731  0  0.417336  -0.0435931  0.778028  1  
0.0454534  -0.0484464  0.997781  0  -0.0773964  -0.995982  -0.0448333  0  0.995964  -0.0751883  -0.0490213  0  0.417348  -0.0435888  0.778002  1  
0.0455049  -0.0484572  0.997779  0  -0.0773874  -0.995983  -0.0448407  0  0.995962  -0.0751764  -0.049073  0  0.417361  -0.0435866  0.777975  1  
0.0455493  -0.0484677  0.997776  0  -0.0773722  -0.995983  -0.0448486  0  0.995961  -0.0751587  -0.0491173  0  0.417373  -0.0435826  0.777951  1  
0.0455983  -0.0484679  0.997774  0  -0.0773654  -0.995984  -0.0448454  0  0.995959  -0.0751498  -0.0491658  0  0.417387  -0.0435809  0.777925  1  
0.0456457  -0.0484682  0.997772  0  -0.0773472  -0.995986  -0.0448429  0  0.995959  -0.0751294  -0.0492123  0  0.4174  -0.0435731  0.7779  1  
0.0456947  -0.0484702  0.997769  0  -0.0773387  -0.995986  -0.0448417  0  0.995957  -0.0751186  -0.0492609  0  0.417413  -0.0435714  0.777874  1  
0.0457399  -0.0484842  0.997766  0  -0.0773232  -0.995987  -0.044853  0  0.995956  -0.0751003  -0.0493062  0  0.417425  -0.043566  0.777849  1  
0.0457897  -0.0484919  0.997764  0  -0.0773119  -0.995988  -0.0448576  0  0.995955  -0.0750864  -0.0493559  0  0.417439  -0.0435634  0.777821  1  
0.0458359  -0.0485022  0.997761  0  -0.0772996  -0.995988  -0.044865  0  0.995954  -0.0750715  -0.0494022  0  0.417452  -0.0435604  0.777796  1  
0.0458869  -0.0485026  0.997759  0  -0.0772851  -0.99599  -0.0448623  0  0.995952  -0.0750547  -0.0494523  0  0.417465  -0.0435542  0.777769  1  
0.0459443  -0.0485082  0.997756  0  -0.077275  -0.99599  -0.044864  0  0.995951  -0.0750418  -0.0495095  0  0.41748  -0.0435514  0.777738  1  
0.0459938  -0.0485183  0.997753  0  -0.0772629  -0.995991  -0.044871  0  0.995949  -0.075027  -0.049559  0  0.417493  -0.0435472  0.777711  1  
0.0460461  -0.0485245  0.99775  0  -0.0772495  -0.995992  -0.0448739  0  0.995948  -0.0750109  -0.049611  0  0.417506  -0.0435426  0.777682  1  
0.0460929  -0.0485301  0.997748  0  -0.0772391  -0.995992  -0.0448765  0  0.995946  -0.0749981  -0.0496576  0  0.417519  -0.04354  0.777656  1  
0.0461524  -0.0485313  0.997745  0  -0.0772225  -0.995994  -0.0448741  0  0.995945  -0.0749788  -0.0497162  0  0.417534  -0.0435337  0.777625  1  
0.0461985  -0.0485407  0.997743  0  -0.0772146  -0.995994  -0.0448803  0  0.995943  -0.0749684  -0.0497625  0  0.417546  -0.0435334  0.777599  1  
0.0462595  -0.0485484  0.997739  0  -0.0772008  -0.995995  -0.0448842  0  0.995942  -0.0749514  -0.0498232  0  0.417564  -0.0435279  0.777567  1  
0.0463163  -0.0485451  0.997737  0  -0.0771825  -0.995997  -0.0448776  0  0.995941  -0.0749307  -0.0498787  0  0.417579  -0.0435201  0.777537  1  
0.0463716  -0.0485604  0.997734  0  -0.0771766  -0.995997  -0.0448889  0  0.995938  -0.0749215  -0.0499347  0  0.417594  -0.04352  0.777507  1  
0.0464257  -0.0485688  0.997731  0  -0.0771675  -0.995997  -0.0448937  0  0.995937  -0.0749096  -0.0499887  0  0.417608  -0.043518  0.777478  1  
0.0464832  -0.0485711  0.997728  0  -0.0771505  -0.995999  -0.0448925  0  0.995935  -0.0748899  -0.0500454  0  0.417623  -0.0435113  0.777447  1  
0.0465468  -0.0485789  0.997725  0  -0.0771429  -0.995999  -0.044896  0  0.995933  -0.074879  -0.0501091  0  0.41764  -0.0435103  0.777414  1  
0.0466024  -0.0485862  0.997722  0  -0.0771318  -0.996  -0.0448996  0  0.995931  -0.0748651  -0.0501645  0  0.417655  -0.0435072  0.777383  1  
0.046657  -0.0485953  0.997719  0  -0.0771231  -0.996  -0.044905  0  0.995929  -0.0748534  -0.0502191  0  0.41767  -0.0435047  0.777353  1  
0.0467181  -0.0486064  0.997715  0  -0.0771148  -0.996  -0.0449119  0  0.995927  -0.0748419  -0.0502805  0  0.417686  -0.0435031  0.77732  1  
0.0467791  -0.0486107  0.997712  0  -0.0770994  -0.996002  -0.0449124  0  0.995925  -0.0748234  -0.0503409  0  0.417703  -0.0434965  0.777288  1  
0.046842  -0.0486136  0.997709  0  -0.0770909  -0.996002  -0.0449111  0  0.995923  -0.074812  -0.0504034  0  0.41772  -0.0434957  0.777254  1  
0.0469  -0.0486202  0.997706  0  -0.0770839  -0.996003  -0.0449137  0  0.995921  -0.0748021  -0.0504614  0  0.417735  -0.0434944  0.777222  1  
0.0469597  -0.0486278  0.997703  0  -0.0770725  -0.996004  -0.0449173  0  0.995919  -0.0747876  -0.0505208  0  0.417751  -0.0434905  0.777191  1  
0.0470248  -0.0486378  0.997699  0  -0.0770654  -0.996004  -0.0449228  0  0.995916  -0.074777  -0.0505862  0  0.417768  -0.0434885  0.777155  1  
0.0470827  -0.0486494  0.997696  0  -0.0770567  -0.996004  -0.0449305  0  0.995914  -0.0747652  -0.0506443  0  0.417784  -0.0434862  0.777124  1  
0.0471521  -0.0486538  0.997692  0  -0.0770474  -0.996005  -0.0449301  0  0.995912  -0.0747525  -0.0507134  0  0.417802  -0.0434838  0.777087  1  
0.0472105  -0.0486555  0.99769  0  -0.0770368  -0.996006  -0.044928  0  0.99591  -0.0747392  -0.0507712  0  0.417818  -0.0434805  0.777056  1  
0.0472734  -0.0486715  0.997686  0  -0.0770314  -0.996006  -0.0449396  0  0.995907  -0.0747301  -0.0508348  0  0.417834  -0.0434817  0.777021  1  
0.0473359  -0.0486792  0.997683  0  -0.0770268  -0.996006  -0.0449428  0  0.995905  -0.0747223  -0.0508974  0  0.41785  -0.043481  0.776988  1  
0.0473972  -0.0486893  0.997679  0  -0.0770151  -0.996007  -0.0449489  0  0.995903  -0.0747073  -0.0509587  0  0.417866  -0.043479  0.776955  1  
0.0474658  -0.0486933  0.997676  0  -0.0770085  -0.996007  -0.044948  0  0.9959  -0.0746975  -0.0510271  0  0.417884  -0.0434775  0.776918  1  
0.0475322  -0.0487054  0.997672  0  -0.0769994  -0.996007  -0.0449557  0  0.995897  -0.0746847  -0.0510937  0  0.417903  -0.0434752  0.776882  1  
0.0475992  -0.048715  0.997668  0  -0.0769922  -0.996008  -0.0449606  0  0.995895  -0.074674  -0.0511608  0  0.41792  -0.0434742  0.776847  1  
0.0476657  -0.0487256  0.997665  0  -0.0769824  -0.996008  -0.0449667  0  0.995892  -0.0746607  -0.0512274  0  0.417939  -0.0434718  0.776811  1  
0.0477327  -0.0487326  0.997661  0  -0.0769754  -0.996009  -0.044969  0  0.99589  -0.0746503  -0.0512943  0  0.417957  -0.0434715  0.776775  1  
0.0477954  -0.0487457  0.997657  0  -0.0769635  -0.996009  -0.044978  0  0.995888  -0.0746349  -0.0513573  0  0.417974  -0.0434685  0.776741  1  
0.0478634  -0.0487532  0.997654  0  -0.0769591  -0.996009  -0.0449807  0  0.995885  -0.074627  -0.0514254  0  0.417992  -0.0434692  0.776705  1  
0.047931  -0.04876  0.99765  0  -0.0769534  -0.99601  -0.0449827  0  0.995882  -0.0746179  -0.051493  0  0.418011  -0.0434702  0.776669  1  
0.0479967  -0.0487676  0.997647  0  -0.0769396  -0.996011  -0.044986  0  0.99588  -0.0746008  -0.0515584  0  0.418028  -0.0434656  0.776633  1  
0.0480684  -0.0487801  0.997643  0  -0.0769294  -0.996011  -0.0449938  0  0.995877  -0.0745867  -0.0516303  0  0.418047  -0.0434622  0.776595  1  
0.0481397  -0.0487886  0.997639  0  -0.0769264  -0.996011  -0.044997  0  0.995874  -0.07458  -0.0517018  0  0.418067  -0.0434635  0.776556  1  
0.0482095  -0.0487959  0.997635  0  -0.0769185  -0.996012  -0.0449995  0  0.995871  -0.0745686  -0.0517716  0  0.418086  -0.0434619  0.776519  1  
0.0482765  -0.0488017  0.997631  0  -0.076912  -0.996012  -0.0450006  0  0.995868  -0.0745588  -0.0518384  0  0.418104  -0.043462  0.776483  1  
0.0483493  -0.0488092  0.997628  0  -0.0769001  -0.996013  -0.0450033  0  0.995866  -0.0745432  -0.0519109  0  0.418124  -0.0434576  0.776444  1  
0.0484206  -0.0488226  0.997623  0  -0.0768916  -0.996013  -0.0450118  0  0.995863  -0.0745308  -0.0519826  0  0.418144  -0.0434561  0.776406  1  
0.0484944  -0.0488319  0.997619  0  -0.0768802  -0.996014  -0.0450161  0  0.99586  -0.0745156  -0.0520563  0  0.418163  -0.043452  0.776367  1  
0.0485671  -0.0488432  0.997615  0  -0.0768761  -0.996014  -0.0450222  0  0.995857  -0.0745076  -0.0521294  0  0.418183  -0.0434529  0.776328  1  
0.0486437  -0.0488484  0.997611  0  -0.0768674  -0.996015  -0.0450221  0  0.995854  -0.0744952  -0.0522057  0  0.418205  -0.0434515  0.776287  1  
0.0487153  -0.0488553  0.997608  0  -0.0768589  -0.996015  -0.0450241  0  0.995851  -0.0744831  -0.0522772  0  0.418223  -0.0434484  0.776248  1  
0.0487892  -0.0488686  0.997603  0  -0.076852  -0.996015  -0.0450323  0  0.995848  -0.0744722  -0.0523515  0  0.418243  -0.043448  0.776208  1  
0.0488676  -0.0488759  0.997599  0  -0.0768411  -0.996016  -0.0450343  0  0.995845  -0.0744573  -0.0524296  0  0.418265  -0.0434439  0.776167  1  
0.0489422  -0.048889  0.997595  0  -0.0768329  -0.996016  -0.0450423  0  0.995842  -0.0744451  -0.0525045  0  0.418286  -0.0434424  0.776128  1  
0.049009  -0.048899  0.997591  0  -0.0768241  -0.996017  -0.0450477  0  0.995839  -0.0744327  -0.0525714  0  0.418304  -0.0434407  0.776091  1  
0.049088  -0.0488986  0.997587  0  -0.0768146  -0.996018  -0.0450419  0  0.995836  -0.0744197  -0.0526496  0  0.418325  -0.0434376  0.776049  1  
0.0491723  -0.0489154  0.997582  0  -0.0768145  -0.996017  -0.0450523  0  0.995832  -0.0744149  -0.0527349  0  0.418347  -0.0434413  0.776004  1  
0.0492478  -0.0489221  0.997578  0  -0.0768047  -0.996018  -0.045054  0  0.995829  -0.0744013  -0.0528102  0  0.418368  -0.0434374  0.775964  1  
0.0493284  -0.0489342  0.997574  0  -0.0767967  -0.996018  -0.0450604  0  0.995826  -0.0743891  -0.052891  0  0.41839  -0.0434372  0.775921  1  
0.049406  -0.0489447  0.997569  0  -0.0767864  -0.996019  -0.0450657  0  0.995823  -0.0743746  -0.0529686  0  0.41841  -0.0434335  0.775879  1  
0.0494845  -0.0489539  0.997565  0  -0.0767808  -0.996019  -0.0450693  0  0.995819  -0.074365  -0.0530473  0  0.418432  -0.0434335  0.775837  1  
0.0495593  -0.0489641  0.997561  0  -0.0767763  -0.996019  -0.0450741  0  0.995816  -0.0743566  -0.0531223  0  0.418451  -0.0434339  0.775797  1  
0.0496347  -0.0489738  0.997556  0  -0.076776  -0.996019  -0.0450782  0  0.995812  -0.0743524  -0.0531982  0  0.418471  -0.0434373  0.775756  1  
0.0497216  -0.0489819  0.997552  0  -0.0767675  -0.99602  -0.0450803  0  0.995808  -0.0743395  -0.0532849  0  0.418495  -0.0434346  0.77571  1  
0.0497987  -0.0489938  0.997547  0  -0.0767663  -0.99602  -0.0450865  0  0.995805  -0.0743342  -0.0533626  0  0.418515  -0.0434369  0.775667  1  
0.0498793  -0.0490078  0.997542  0  -0.0767545  -0.99602  -0.0450951  0  0.995802  -0.074318  -0.0534434  0  0.418537  -0.0434341  0.775624  1  
0.0499589  -0.0490121  0.997538  0  -0.0767499  -0.99602  -0.0450937  0  0.995798  -0.0743096  -0.0535228  0  0.418557  -0.0434342  0.775581  1  
0.0500414  -0.0490207  0.997534  0  -0.0767458  -0.996021  -0.0450963  0  0.995794  -0.0743012  -0.0536055  0  0.41858  -0.0434337  0.775537  1  
0.0501187  -0.0490365  0.997529  0  -0.0767365  -0.996021  -0.0451069  0  0.995791  -0.0742876  -0.0536832  0  0.4186  -0.0434328  0.775495  1  
0.0502065  -0.0490512  0.997524  0  -0.0767332  -0.996021  -0.0451152  0  0.995787  -0.0742795  -0.0537716  0  0.418624  -0.043433  0.775449  1  
0.0502767  -0.0490564  0.99752  0  -0.0767286  -0.996021  -0.0451155  0  0.995784  -0.0742715  -0.0538417  0  0.418643  -0.0434325  0.775409  1  
0.0503644  -0.0490654  0.997515  0  -0.0767333  -0.996021  -0.0451176  0  0.995779  -0.0742718  -0.05393  0  0.418666  -0.0434378  0.775362  1  
0.0504474  -0.0490755  0.997511  0  -0.0767259  -0.996021  -0.0451219  0  0.995775  -0.07426  -0.054013  0  0.418688  -0.0434357  0.775318  1  
0.0505333  -0.0490914  0.997505  0  -0.0767198  -0.996021  -0.0451317  0  0.995771  -0.0742492  -0.0540995  0  0.418712  -0.0434345  0.775272  1  
0.0506159  -0.0491012  0.997501  0  -0.0767197  -0.996021  -0.0451353  0  0.995767  -0.0742449  -0.0541826  0  0.418733  -0.0434374  0.775228  1  
0.0506946  -0.0491157  0.997496  0  -0.0767193  -0.996021  -0.045144  0  0.995763  -0.0742401  -0.0542621  0  0.418755  -0.0434394  0.775184  1  
0.0507817  -0.0491172  0.997492  0  -0.0767065  -0.996022  -0.0451397  0  0.99576  -0.0742233  -0.0543483  0  0.418777  -0.043435  0.775138  1  
0.0508652  -0.0491296  0.997487  0  -0.0767091  -0.996021  -0.0451457  0  0.995755  -0.0742214  -0.0544326  0  0.418799  -0.0434384  0.775092  1  
0.0509524  -0.0491445  0.997482  0  -0.0767133  -0.996021  -0.0451539  0  0.99575  -0.0742209  -0.0545207  0  0.418822  -0.0434427  0.775045  1  
0.0510401  -0.049158  0.997476  0  -0.0767104  -0.99602  -0.0451611  0  0.995746  -0.0742132  -0.054609  0  0.418845  -0.0434439  0.774997  1  
0.0511302  -0.0491646  0.997471  0  -0.0767032  -0.996021  -0.0451614  0  0.995742  -0.0742016  -0.0546989  0  0.418869  -0.0434403  0.774949  1  
0.0512206  -0.0491757  0.997466  0  -0.0767036  -0.996021  -0.0451656  0  0.995737  -0.0741973  -0.0547898  0  0.418892  -0.0434426  0.774899  1  
0.0513113  -0.0491803  0.997461  0  -0.0767028  -0.996021  -0.0451635  0  0.995733  -0.0741921  -0.0548804  0  0.418916  -0.043444  0.774851  1  
0.0514043  -0.0491909  0.997456  0  -0.0766996  -0.996021  -0.0451674  0  0.995728  -0.0741841  -0.0549737  0  0.418939  -0.0434455  0.774801  1  
0.051486  -0.0492048  0.997451  0  -0.0766984  -0.996021  -0.0451753  0  0.995724  -0.0741784  -0.0550561  0  0.418961  -0.0434478  0.774756  1  
0.0515778  -0.0492199  0.997446  0  -0.0766934  -0.996021  -0.0451838  0  0.99572  -0.0741685  -0.0551484  0  0.418984  -0.0434468  0.774706  1  
0.0516623  -0.0492289  0.997441  0  -0.076695  -0.99602  -0.0451864  0  0.995715  -0.0741658  -0.0552334  0  0.419006  -0.0434495  0.774659  1  
0.0517615  -0.0492444  0.997435  0  -0.0766918  -0.99602  -0.0451946  0  0.99571  -0.0741572  -0.0553332  0  0.419031  -0.0434508  0.774606  1  
0.0518443  -0.049252  0.99743  0  -0.0766955  -0.99602  -0.0451959  0  0.995706  -0.0741567  -0.0554165  0  0.419053  -0.0434543  0.774559  1  
0.0519414  -0.0492677  0.997424  0  -0.0766888  -0.99602  -0.0452047  0  0.995701  -0.0741447  -0.055514  0  0.419077  -0.043453  0.774506  1  
0.0520324  -0.0492811  0.997419  0  -0.0766901  -0.99602  -0.0452113  0  0.995696  -0.0741411  -0.0556057  0  0.419101  -0.0434559  0.774457  1  
0.0521234  -0.0492966  0.997414  0  -0.0766942  -0.996019  -0.0452197  0  0.995691  -0.0741402  -0.0556977  0  0.419123  -0.0434601  0.774407  1  
0.0522162  -0.0493078  0.997408  0  -0.0766945  -0.996019  -0.0452241  0  0.995686  -0.0741357  -0.0557911  0  0.419147  -0.0434628  0.774355  1  
0.0523156  -0.0493165  0.997402  0  -0.076695  -0.996019  -0.0452253  0  0.995681  -0.0741312  -0.0558907  0  0.419172  -0.0434655  0.774301  1  
0.0524025  -0.0493289  0.997397  0  -0.0766971  -0.996018  -0.0452311  0  0.995676  -0.0741286  -0.0559783  0  0.419194  -0.0434677  0.774251  1  
0.0525008  -0.0493375  0.997392  0  -0.0767  -0.996018  -0.0452322  0  0.995671  -0.0741267  -0.056077  0  0.419218  -0.043471  0.774197  1  
0.0525913  -0.0493544  0.997386  0  -0.0766997  -0.996018  -0.0452424  0  0.995666  -0.0741213  -0.0561684  0  0.419241  -0.0434735  0.774147  1  
0.0526869  -0.0493655  0.997381  0  -0.0767007  -0.996017  -0.0452463  0  0.995661  -0.0741173  -0.0562645  0  0.419265  -0.0434754  0.774095  1  
0.0527862  -0.0493772  0.997375  0  -0.0767041  -0.996017  -0.0452504  0  0.995656  -0.0741155  -0.0563645  0  0.41929  -0.0434791  0.774041  1  
0.0528783  -0.0493858  0.997369  0  -0.076706  -0.996017  -0.045252  0  0.99565  -0.0741128  -0.0564569  0  0.419313  -0.0434813  0.773989  1  
0.0529815  -0.0494039  0.997363  0  -0.0767192  -0.996015  -0.0452617  0  0.995644  -0.0741203  -0.0565617  0  0.419338  -0.0434904  0.773932  1  
0.053071  -0.0494151  0.997358  0  -0.0767181  -0.996015  -0.0452663  0  0.995639  -0.0741145  -0.0566516  0  0.41936  -0.0434897  0.773882  1  
0.0531666  -0.0494258  0.997352  0  -0.076723  -0.996015  -0.0452696  0  0.995634  -0.0741144  -0.0567479  0  0.419383  -0.0434947  0.773829  1  
0.0532691  -0.0494374  0.997346  0  -0.0767278  -0.996014  -0.0452732  0  0.995628  -0.074114  -0.0568511  0  0.419408  -0.0434996  0.773772  1  
0.0533687  -0.0494499  0.99734  0  -0.0767303  -0.996014  -0.0452782  0  0.995622  -0.0741112  -0.0569513  0  0.419432  -0.0435016  0.773717  1  
0.0534703  -0.0494605  0.997334  0  -0.0767371  -0.996013  -0.0452808  0  0.995616  -0.0741128  -0.0570537  0  0.419456  -0.0435058  0.773661  1  
0.0535619  -0.0494734  0.997329  0  -0.0767413  -0.996012  -0.0452867  0  0.995611  -0.0741121  -0.0571461  0  0.419479  -0.0435101  0.773609  1  
0.0536632  -0.0494893  0.997322  0  -0.0767431  -0.996012  -0.0452949  0  0.995606  -0.0741084  -0.0572482  0  0.419504  -0.043511  0.773554  1  
0.0537619  -0.0494974  0.997317  0  -0.0767486  -0.996011  -0.0452953  0  0.9956  -0.0741089  -0.0573475  0  0.419528  -0.0435143  0.773498  1  
0.0538615  -0.0495113  0.997311  0  -0.0767609  -0.99601  -0.0453012  0  0.995594  -0.0741159  -0.0574483  0  0.41955  -0.0435222  0.773443  1  
0.0539611  -0.0495187  0.997305  0  -0.076761  -0.99601  -0.0453011  0  0.995588  -0.074111  -0.057548  0  0.419575  -0.043523  0.773387  1  
0.0540592  -0.0495369  0.997299  0  -0.0767712  -0.996009  -0.0453114  0  0.995582  -0.0741157  -0.0576476  0  0.419598  -0.04353  0.773333  1  
0.0541652  -0.0495452  0.997292  0  -0.0767743  -0.996009  -0.0453117  0  0.995576  -0.0741135  -0.057754  0  0.419623  -0.0435316  0.773275  1  
0.0542627  -0.0495576  0.997286  0  -0.0767832  -0.996008  -0.0453163  0  0.99557  -0.0741173  -0.0578523  0  0.419646  -0.0435384  0.773219  1  
0.0543687  -0.049568  0.99728  0  -0.0767904  -0.996007  -0.0453183  0  0.995564  -0.0741191  -0.0579591  0  0.419671  -0.0435421  0.77316  1  
0.054475  -0.0495818  0.997274  0  -0.0767914  -0.996007  -0.0453242  0  0.995558  -0.0741144  -0.058066  0  0.419697  -0.043544  0.773101  1  
0.0545806  -0.0495902  0.997268  0  -0.0768023  -0.996006  -0.0453241  0  0.995551  -0.0741201  -0.0581723  0  0.419721  -0.0435497  0.773042  1  
0.0546858  -0.0496088  0.997261  0  -0.076812  -0.996005  -0.0453342  0  0.995545  -0.0741239  -0.058279  0  0.419745  -0.0435566  0.772982  1  
0.054782  -0.0496217  0.997255  0  -0.0768212  -0.996004  -0.0453394  0  0.995539  -0.074128  -0.0583762  0  0.419768  -0.0435623  0.772928  1  
0.0548858  -0.0496319  0.997249  0  -0.0768229  -0.996004  -0.0453418  0  0.995533  -0.0741244  -0.0584804  0  0.419793  -0.0435642  0.77287  1  
0.0549924  -0.0496482  0.997242  0  -0.0768376  -0.996002  -0.0453493  0  0.995526  -0.0741333  -0.0585885  0  0.419817  -0.0435737  0.772809  1  
0.0550908  -0.0496576  0.997236  0  -0.0768427  -0.996002  -0.0453511  0  0.99552  -0.0741333  -0.0586875  0  0.41984  -0.0435783  0.772754  1  
0.0551951  -0.0496713  0.99723  0  -0.0768505  -0.996001  -0.0453566  0  0.995514  -0.0741355  -0.0587927  0  0.419863  -0.0435834  0.772695  1  
0.0553009  -0.0496838  0.997223  0  -0.076859  -0.996  -0.0453606  0  0.995507  -0.0741386  -0.0588994  0  0.419889  -0.0435879  0.772635  1  
0.0553945  -0.0496994  0.997217  0  -0.0768665  -0.995999  -0.0453689  0  0.995501  -0.0741408  -0.0589942  0  0.419909  -0.0435937  0.772582  1  
0.0555067  -0.0497033  0.997211  0  -0.0768728  -0.995999  -0.045364  0  0.995495  -0.0741418  -0.0591066  0  0.419936  -0.0435977  0.772517  1  
0.055617  -0.0497197  0.997204  0  -0.076883  -0.995998  -0.0453716  0  0.995488  -0.074146  -0.0592182  0  0.419961  -0.0436036  0.772455  1  
0.0557172  -0.0497339  0.997198  0  -0.0768908  -0.995997  -0.0453778  0  0.995481  -0.0741484  -0.0593193  0  0.419984  -0.0436086  0.772398  1  
0.0558292  -0.0497539  0.99719  0  -0.076903  -0.995995  -0.0453888  0  0.995474  -0.0741543  -0.0594329  0  0.420009  -0.0436163  0.772335  1  
0.0559268  -0.049771  0.997184  0  -0.0769103  -0.995994  -0.0453981  0  0.995468  -0.0741562  -0.0595318  0  0.420031  -0.0436215  0.772277  1  
0.0560364  -0.0497851  0.997177  0  -0.0769195  -0.995993  -0.0454035  0  0.995461  -0.0741595  -0.0596425  0  0.420056  -0.0436278  0.772214  1  
0.0561455  -0.0497939  0.99717  0  -0.0769271  -0.995993  -0.0454038  0  0.995455  -0.0741617  -0.0597521  0  0.420081  -0.0436331  0.772153  1  
0.0562513  -0.0498069  0.997164  0  -0.0769319  -0.995992  -0.0454085  0  0.995448  -0.0741609  -0.0598587  0  0.420105  -0.0436372  0.772093  1  
0.0563643  -0.0498247  0.997157  0  -0.0769421  -0.995991  -0.0454173  0  0.995441  -0.0741649  -0.0599731  0  0.420129  -0.0436429  0.77203  1  
0.05647  -0.0498382  0.99715  0  -0.0769539  -0.99599  -0.0454222  0  0.995434  -0.074171  -0.06008  0  0.420153  -0.0436508  0.771969  1  
0.0565847  -0.0498555  0.997143  0  -0.0769625  -0.995989  -0.0454304  0  0.995427  -0.0741733  -0.0601958  0  0.420179  -0.043658  0.771904  1  
0.0567  -0.0498749  0.997135  0  -0.0769723  -0.995988  -0.0454406  0  0.99542  -0.0741767  -0.0603126  0  0.420204  -0.0436642  0.771838  1  
0.056814  -0.0498839  0.997128  0  -0.0769833  -0.995987  -0.0454404  0  0.995412  -0.074182  -0.0604274  0  0.420229  -0.0436712  0.771775  1  
0.0569225  -0.0498935  0.997121  0  -0.0769923  -0.995986  -0.0454415  0  0.995405  -0.0741855  -0.0605366  0  0.420254  -0.0436755  0.771713  1  
0.0570252  -0.049915  0.997115  0  -0.0770019  -0.995985  -0.0454546  0  0.995399  -0.074189  -0.0606409  0  0.420277  -0.0436831  0.771654  1  
0.0571424  -0.0499299  0.997107  0  -0.0770069  -0.995984  -0.0454605  0  0.995392  -0.0741879  -0.060759  0  0.420303  -0.043686  0.771588  1  
0.0572492  -0.0499426  0.9971  0  -0.0770161  -0.995983  -0.0454647  0  0.995385  -0.0741914  -0.0608668  0  0.420325  -0.0436911  0.771526  1  
0.0573597  -0.0499559  0.997093  0  -0.0770314  -0.995982  -0.0454688  0  0.995377  -0.0742008  -0.0609786  0  0.420351  -0.0437  0.771462  1  
0.0574728  -0.0499696  0.997086  0  -0.0770381  -0.995981  -0.0454737  0  0.99537  -0.0742015  -0.0610926  0  0.420375  -0.0437056  0.771397  1  
0.0575898  -0.0499759  0.997079  0  -0.0770461  -0.99598  -0.0454707  0  0.995363  -0.0742038  -0.0612099  0  0.420401  -0.04371  0.771331  1  
0.0576989  -0.0499991  0.997072  0  -0.0770545  -0.995979  -0.0454853  0  0.995356  -0.0742058  -0.0613208  0  0.420426  -0.0437163  0.771268  1  
0.0578192  -0.0500095  0.997064  0  -0.0770658  -0.995978  -0.045486  0  0.995348  -0.0742111  -0.0614419  0  0.420452  -0.0437226  0.771199  1  
0.0579177  -0.0500212  0.997058  0  -0.0770727  -0.995978  -0.0454899  0  0.995342  -0.0742127  -0.0615412  0  0.420472  -0.0437273  0.771142  1  
0.058026  -0.0500351  0.997051  0  -0.0770822  -0.995977  -0.0454952  0  0.995335  -0.0742164  -0.0616505  0  0.420496  -0.0437331  0.771079  1  
0.0581429  -0.0500494  0.997043  0  -0.0770938  -0.995975  -0.0455  0  0.995327  -0.0742218  -0.0617686  0  0.420521  -0.0437397  0.771012  1  
0.0582614  -0.0500712  0.997035  0  -0.0771021  -0.995974  -0.0455124  0  0.995319  -0.0742234  -0.0618886  0  0.420547  -0.0437458  0.770945  1  
0.0583753  -0.050078  0.997028  0  -0.0771107  -0.995974  -0.0455103  0  0.995312  -0.0742263  -0.062003  0  0.42057  -0.0437502  0.77088  1  
0.0584889  -0.050097  0.997021  0  -0.0771202  -0.995972  -0.0455202  0  0.995305  -0.0742295  -0.062118  0  0.420596  -0.0437567  0.770815  1  
