0.0432524  -0.0481202  0.997895  0  -0.0793274  -0.995841  -0.0445829  0  0.99591  -0.0772336  -0.0468907  0  0.416705  -0.0442813  0.779153  1  
0.0432605  -0.0481184  0.997895  0  -0.0793233  -0.995842  -0.0445807  0  0.99591  -0.0772292  -0.0468984  0  0.416708  -0.0442787  0.779149  1  
0.0432529  -0.04812  0.997895  0  -0.0793278  -0.995841  -0.0445826  0  0.99591  -0.077234  -0.0468912  0  0.416705  -0.044281  0.779154  1  
0.0432594  -0.0481262  0.997894  0  -0.0793275  -0.995841  -0.0445883  0  0.995909  -0.0772331  -0.0468981  0  0.416706  -0.0442809  0.77915  1  
0.0432598  -0.0481263  0.997894  0  -0.079324  -0.995842  -0.0445886  0  0.99591  -0.0772296  -0.0468984  0  0.416707  -0.0442802  0.779149  1  
0.0432546  -0.0481214  0.997895  0  -0.079328  -0.995841  -0.0445838  0  0.99591  -0.077234  -0.046893  0  0.416704  -0.0442816  0.779152  1  
0.0432561  -0.0481198  0.997895  0  -0.0793227  -0.995842  -0.0445824  0  0.99591  -0.0772287  -0.0468941  0  0.416705  -0.0442811  0.77915  1  
0.0432594  -0.0481122  0.997895  0  -0.0793207  -0.995842  -0.0445746  0  0.99591  -0.077227  -0.0468967  0  0.416706  -0.0442793  0.779146  1  
0.0432548  -0.048115  0.997895  0  -0.0793197  -0.995842  -0.0445779  0  0.99591  -0.0772261  -0.0468923  0  0.416705  -0.0442803  0.779147  1  
0.0432634  -0.0481154  0.997895  0  -0.0793188  -0.995842  -0.0445776  0  0.99591  -0.0772248  -0.0469009  0  0.416708  -0.0442805  0.779142  1  
0.043266  -0.0481151  0.997895  0  -0.0793161  -0.995843  -0.0445773  0  0.99591  -0.0772219  -0.0469033  0  0.416708  -0.0442797  0.77914  1  
0.0432772  -0.0481079  0.997895  0  -0.0793084  -0.995844  -0.0445696  0  0.99591  -0.077214  -0.0469136  0  0.416712  -0.0442746  0.779134  1  
0.0432741  -0.0481164  0.997894  0  -0.0793034  -0.995844  -0.0445785  0  0.995911  -0.0772088  -0.0469109  0  0.41671  -0.0442753  0.779135  1  
0.0432796  -0.0481185  0.997894  0  -0.0792986  -0.995844  -0.0445804  0  0.995911  -0.0772036  -0.0469164  0  0.416712  -0.0442727  0.779132  1  
0.0432856  -0.0481182  0.997894  0  -0.079288  -0.995845  -0.0445802  0  0.995911  -0.0771928  -0.0469218  0  0.416714  -0.044269  0.779129  1  
0.0432943  -0.0481197  0.997893  0  -0.0792861  -0.995845  -0.044581  0  0.995911  -0.0771905  -0.0469305  0  0.416715  -0.0442684  0.779124  1  
0.0433015  -0.0481215  0.997893  0  -0.0792776  -0.995845  -0.0445827  0  0.995912  -0.0771816  -0.0469375  0  0.416716  -0.0442662  0.779121  1  
0.0433093  -0.0481156  0.997893  0  -0.0792736  -0.995846  -0.0445763  0  0.995912  -0.0771774  -0.0469446  0  0.416718  -0.0442647  0.779118  1  
0.0433188  -0.0481202  0.997892  0  -0.0792628  -0.995847  -0.0445807  0  0.995912  -0.077166  -0.0469539  0  0.416719  -0.0442602  0.779113  1  
0.043323  -0.0481195  0.997892  0  -0.0792553  -0.995847  -0.0445801  0  0.995912  -0.0771584  -0.0469577  0  0.41672  -0.0442585  0.779111  1  
0.0433364  -0.0481125  0.997892  0  -0.0792439  -0.995849  -0.0445726  0  0.995913  -0.0771467  -0.04697  0  0.416724  -0.0442525  0.779105  1  
0.0433414  -0.0481094  0.997892  0  -0.0792347  -0.995849  -0.0445695  0  0.995913  -0.0771374  -0.0469743  0  0.416725  -0.0442505  0.779102  1  
0.0433449  -0.0481087  0.997892  0  -0.0792206  -0.995851  -0.0445692  0  0.995914  -0.0771232  -0.0469771  0  0.416726  -0.044243  0.779099  1  
0.043348  -0.0481089  0.997891  0  -0.079214  -0.995851  -0.0445695  0  0.995915  -0.0771164  -0.04698  0  0.416726  -0.0442412  0.779096  1  
0.0433533  -0.0481081  0.997891  0  -0.0792022  -0.995852  -0.0445689  0  0.995915  -0.0771045  -0.0469846  0  0.416728  -0.044236  0.779093  1  
0.0433546  -0.0481115  0.997891  0  -0.0791946  -0.995853  -0.0445725  0  0.995916  -0.0770967  -0.0469858  0  0.416729  -0.044235  0.779092  1  
0.0433614  -0.0481045  0.997891  0  -0.0791812  -0.995854  -0.0445657  0  0.995917  -0.0770832  -0.0469915  0  0.416731  -0.0442285  0.779089  1  
0.0433735  -0.0481019  0.997891  0  -0.0791721  -0.995855  -0.0445625  0  0.995917  -0.0770738  -0.047003  0  0.416734  -0.0442256  0.779083  1  
0.0433793  -0.0481062  0.99789  0  -0.0791562  -0.995856  -0.0445671  0  0.995918  -0.0770574  -0.0470083  0  0.416736  -0.0442192  0.779081  1  
0.0433971  -0.048113  0.997889  0  -0.0791228  -0.995858  -0.0445741  0  0.99592  -0.0770229  -0.0470251  0  0.416741  -0.0442073  0.77907  1  
0.0434042  -0.0481046  0.997889  0  -0.0791079  -0.99586  -0.0445659  0  0.995921  -0.077008  -0.0470309  0  0.416743  -0.0442006  0.779067  1  
0.0434076  -0.0481065  0.997889  0  -0.0790961  -0.995861  -0.044568  0  0.995921  -0.076996  -0.0470339  0  0.416745  -0.0441967  0.779064  1  
0.043416  -0.0481108  0.997888  0  -0.0790814  -0.995862  -0.0445724  0  0.995922  -0.0769807  -0.0470419  0  0.416748  -0.0441922  0.779059  1  
0.0434265  -0.0481138  0.997888  0  -0.0790642  -0.995863  -0.0445754  0  0.995923  -0.0769629  -0.0470518  0  0.416752  -0.044185  0.779054  1  
0.0434363  -0.0481106  0.997887  0  -0.0790534  -0.995864  -0.0445719  0  0.995924  -0.0769519  -0.0470608  0  0.416755  -0.0441811  0.779048  1  
0.0434371  -0.048108  0.997888  0  -0.079038  -0.995865  -0.04457  0  0.995925  -0.0769365  -0.0470608  0  0.416755  -0.0441759  0.779047  1  
0.0434468  -0.0481083  0.997887  0  -0.0790221  -0.995866  -0.0445704  0  0.995926  -0.0769202  -0.0470697  0  0.41676  -0.0441702  0.779042  1  
0.0434562  -0.0481157  0.997886  0  -0.0790076  -0.995867  -0.0445777  0  0.995926  -0.0769049  -0.047079  0  0.416762  -0.0441642  0.779036  1  
0.0434672  -0.0481188  0.997886  0  -0.0789923  -0.995868  -0.0445807  0  0.995927  -0.076889  -0.0470896  0  0.416765  -0.0441594  0.779031  1  
0.0434677  -0.0481193  0.997886  0  -0.0789766  -0.995869  -0.0445818  0  0.995928  -0.0768732  -0.0470893  0  0.416766  -0.0441548  0.779031  1  
0.0434853  -0.0481129  0.997885  0  -0.078964  -0.995871  -0.0445747  0  0.995928  -0.0768602  -0.0471059  0  0.416771  -0.0441492  0.779023  1  
0.0434934  -0.0481137  0.997885  0  -0.0789435  -0.995872  -0.0445758  0  0.99593  -0.0768393  -0.0471131  0  0.416774  -0.0441402  0.779019  1  
0.0435053  -0.0481224  0.997884  0  -0.0789309  -0.995873  -0.0445843  0  0.99593  -0.0768257  -0.047125  0  0.416779  -0.0441376  0.779013  1  
0.0435127  -0.0481263  0.997883  0  -0.0789149  -0.995874  -0.0445883  0  0.995931  -0.0768092  -0.047132  0  0.416781  -0.0441323  0.779008  1  
0.0435255  -0.0481278  0.997883  0  -0.0789022  -0.995875  -0.0445894  0  0.995932  -0.0767959  -0.0471443  0  0.416786  -0.044129  0.779002  1  
0.0435375  -0.0481206  0.997883  0  -0.0788819  -0.995877  -0.0445823  0  0.995933  -0.0767753  -0.0471547  0  0.41679  -0.044121  0.778996  1  
0.0435476  -0.0481247  0.997882  0  -0.0788665  -0.995878  -0.0445863  0  0.995933  -0.0767593  -0.0471645  0  0.416793  -0.0441158  0.778992  1  
0.0435623  -0.0481286  0.997881  0  -0.0788505  -0.995879  -0.0445898  0  0.995934  -0.0767425  -0.0471786  0  0.416798  -0.044111  0.778984  1  
0.0435743  -0.0481274  0.997881  0  -0.0788319  -0.995881  -0.0445887  0  0.995935  -0.0767234  -0.0471897  0  0.416802  -0.0441041  0.778978  1  
0.0435876  -0.048141  0.997879  0  -0.0788219  -0.995881  -0.0446016  0  0.995935  -0.0767121  -0.0472035  0  0.416806  -0.044103  0.77897  1  
0.0435965  -0.0481361  0.997879  0  -0.0788043  -0.995882  -0.0445969  0  0.995936  -0.0766944  -0.0472112  0  0.41681  -0.0440954  0.778966  1  
0.0436181  -0.0481379  0.997878  0  -0.0787856  -0.995884  -0.0445979  0  0.995937  -0.0766746  -0.047232  0  0.416816  -0.0440891  0.778956  1  
0.0436272  -0.0481357  0.997878  0  -0.0787697  -0.995885  -0.0445958  0  0.995938  -0.0766584  -0.0472402  0  0.416819  -0.0440836  0.778952  1  
0.0436395  -0.0481452  0.997877  0  -0.0787534  -0.995886  -0.044605  0  0.995938  -0.0766412  -0.0472525  0  0.416824  -0.0440788  0.778946  1  
0.0436527  -0.0481494  0.997876  0  -0.0787322  -0.995888  -0.0446092  0  0.99594  -0.0766192  -0.047265  0  0.416828  -0.0440707  0.778939  1  
0.0436676  -0.0481534  0.997875  0  -0.0787169  -0.995889  -0.0446128  0  0.99594  -0.076603  -0.0472795  0  0.416832  -0.0440663  0.778931  1  
0.0436779  -0.0481587  0.997875  0  -0.0787047  -0.995889  -0.0446179  0  0.995941  -0.0765901  -0.0472896  0  0.416836  -0.0440638  0.778926  1  
0.0436953  -0.0481643  0.997874  0  -0.0786869  -0.995891  -0.0446231  0  0.995941  -0.0765712  -0.0473065  0  0.416842  -0.0440592  0.778917  1  
0.0437147  -0.0481661  0.997873  0  -0.0786674  -0.995892  -0.0446243  0  0.995942  -0.0765508  -0.0473251  0  0.416848  -0.0440509  0.778907  1  
0.0437257  -0.0481719  0.997872  0  -0.0786494  -0.995893  -0.0446301  0  0.995943  -0.0765321  -0.0473357  0  0.416852  -0.0440461  0.7789  1  
0.0437433  -0.048172  0.997871  0  -0.0786307  -0.995895  -0.0446296  0  0.995944  -0.0765125  -0.0473524  0  0.416858  -0.0440388  0.778892  1  
0.0437587  -0.0481739  0.99787  0  -0.0786164  -0.995896  -0.0446311  0  0.995944  -0.0764974  -0.0473673  0  0.416863  -0.0440359  0.778884  1  
0.0437735  -0.0481759  0.99787  0  -0.0785982  -0.995897  -0.0446328  0  0.995945  -0.0764785  -0.0473814  0  0.416868  -0.044029  0.778876  1  
0.0437936  -0.0481759  0.997869  0  -0.0785784  -0.995899  -0.0446322  0  0.995945  -0.0764578  -0.0474004  0  0.416873  -0.0440224  0.778867  1  
0.0438095  -0.0481824  0.997868  0  -0.0785587  -0.9959  -0.0446384  0  0.995946  -0.076437  -0.0474159  0  0.41688  -0.0440153  0.778858  1  
0.043827  -0.0481842  0.997867  0  -0.078541  -0.995901  -0.0446397  0  0.995947  -0.0764185  -0.0474327  0  0.416884  -0.0440096  0.77885  1  
0.0438503  -0.0481859  0.997866  0  -0.0785231  -0.995903  -0.0446404  0  0.995947  -0.0763995  -0.0474553  0  0.416891  -0.0440039  0.778839  1  
0.0438664  -0.0481977  0.997864  0  -0.0785046  -0.995904  -0.0446519  0  0.995948  -0.0763797  -0.0474714  0  0.416897  -0.0439986  0.778831  1  
0.0438856  -0.0482  0.997863  0  -0.078487  -0.995905  -0.0446536  0  0.995949  -0.0763611  -0.0474899  0  0.416904  -0.0439927  0.77882  1  
0.043902  -0.0482081  0.997862  0  -0.0784685  -0.995906  -0.0446613  0  0.995949  -0.0763416  -0.047506  0  0.416909  -0.0439868  0.778811  1  
0.0439275  -0.0482086  0.997861  0  -0.0784449  -0.995908  -0.044661  0  0.99595  -0.0763167  -0.0475304  0  0.416919  -0.0439775  0.778799  1  
0.0439444  -0.0482089  0.99786  0  -0.078432  -0.995909  -0.0446605  0  0.99595  -0.0763031  -0.0475466  0  0.416922  -0.0439736  0.778792  1  
0.0439612  -0.0482154  0.997859  0  -0.0784148  -0.99591  -0.0446666  0  0.995951  -0.0762848  -0.0475631  0  0.416928  -0.0439692  0.778783  1  
0.0439819  -0.0482117  0.997859  0  -0.0783992  -0.995911  -0.044662  0  0.995951  -0.0762684  -0.0475827  0  0.416934  -0.0439631  0.778772  1  
0.0440019  -0.0482184  0.997857  0  -0.0783807  -0.995913  -0.0446681  0  0.995952  -0.0762488  -0.0476023  0  0.41694  -0.0439575  0.778762  1  
0.0440257  -0.0482211  0.997856  0  -0.078363  -0.995914  -0.0446698  0  0.995952  -0.0762299  -0.0476255  0  0.416948  -0.0439506  0.778751  1  
0.0440433  -0.0482269  0.997855  0  -0.078346  -0.995915  -0.0446751  0  0.995953  -0.0762118  -0.0476427  0  0.416953  -0.0439454  0.778741  1  
0.0440615  -0.0482231  0.997855  0  -0.0783296  -0.995917  -0.0446707  0  0.995953  -0.0761948  -0.0476598  0  0.416959  -0.0439395  0.778732  1  
0.0440832  -0.0482341  0.997853  0  -0.0783136  -0.995917  -0.0446808  0  0.995954  -0.0761773  -0.0476815  0  0.416967  -0.0439354  0.778721  1  
0.0441015  -0.0482336  0.997852  0  -0.0782973  -0.995919  -0.0446797  0  0.995954  -0.0761601  -0.047699  0  0.416972  -0.0439286  0.778711  1  
0.0441294  -0.0482427  0.997851  0  -0.0782779  -0.99592  -0.0446876  0  0.995954  -0.076139  -0.0477266  0  0.416981  -0.043923  0.778697  1  
0.0441514  -0.0482458  0.99785  0  -0.078263  -0.995921  -0.0446896  0  0.995955  -0.076123  -0.0477481  0  0.416988  -0.043918  0.778686  1  
0.0441747  -0.0482506  0.997848  0  -0.078246  -0.995922  -0.0446935  0  0.995955  -0.0761048  -0.0477709  0  0.416995  -0.0439126  0.778674  1  
0.044199  -0.0482558  0.997847  0  -0.0782279  -0.995923  -0.0446977  0  0.995955  -0.0760853  -0.0477947  0  0.417003  -0.0439058  0.778662  1  
0.0442195  -0.0482607  0.997846  0  -0.0782177  -0.995924  -0.0447015  0  0.995955  -0.0760739  -0.047815  0  0.41701  -0.0439033  0.778651  1  
0.0442399  -0.0482618  0.997845  0  -0.0781949  -0.995926  -0.0447022  0  0.995956  -0.0760502  -0.0478344  0  0.417017  -0.0438943  0.778641  1  
0.0442671  -0.0482627  0.997844  0  -0.078188  -0.995926  -0.0447014  0  0.995955  -0.0760421  -0.0478613  0  0.417025  -0.0438932  0.778627  1  
0.0442887  -0.048268  0.997842  0  -0.0781702  -0.995927  -0.0447058  0  0.995956  -0.076023  -0.0478824  0  0.417032  -0.0438874  0.778616  1  
0.0443164  -0.0482718  0.997841  0  -0.0781513  -0.995929  -0.0447084  0  0.995956  -0.0760027  -0.0479094  0  0.41704  -0.0438808  0.778602  1  
0.0443419  -0.0482739  0.99784  0  -0.0781403  -0.99593  -0.0447091  0  0.995956  -0.0759905  -0.0479345  0  0.41705  -0.0438778  0.778589  1  
0.0443742  -0.0482772  0.997838  0  -0.0781208  -0.995931  -0.0447108  0  0.995956  -0.0759694  -0.0479661  0  0.417059  -0.0438696  0.778573  1  
0.0443996  -0.048284  0.997837  0  -0.0781047  -0.995932  -0.0447165  0  0.995956  -0.0759518  -0.0479911  0  0.417067  -0.0438646  0.77856  1  
0.0444249  -0.0482902  0.997835  0  -0.0780914  -0.995933  -0.0447214  0  0.995956  -0.0759371  -0.0480162  0  0.417076  -0.043861  0.778547  1  
0.0444525  -0.0482837  0.997834  0  -0.0780723  -0.995935  -0.0447137  0  0.995956  -0.0759171  -0.0480423  0  0.417084  -0.0438528  0.778533  1  
0.0444837  -0.0482945  0.997832  0  -0.0780664  -0.995935  -0.0447224  0  0.995955  -0.0759092  -0.048074  0  0.417094  -0.0438539  0.778517  1  
0.0445125  -0.0483002  0.997831  0  -0.0780474  -0.995936  -0.0447268  0  0.995955  -0.0758887  -0.0481023  0  0.417103  -0.0438472  0.778502  1  
0.044545  -0.0483076  0.997829  0  -0.0780385  -0.995937  -0.0447322  0  0.995955  -0.0758779  -0.0481347  0  0.417113  -0.0438449  0.778486  1  
0.0445721  -0.0483121  0.997828  0  -0.0780241  -0.995938  -0.0447353  0  0.995955  -0.0758621  -0.0481615  0  0.417122  -0.0438406  0.778471  1  
0.044603  -0.0483133  0.997826  0  -0.0780105  -0.995939  -0.0447349  0  0.995954  -0.0758471  -0.0481918  0  0.417131  -0.0438359  0.778456  1  
0.0446302  -0.0483159  0.997825  0  -0.0779968  -0.99594  -0.044736  0  0.995954  -0.0758321  -0.0482184  0  0.417139  -0.0438316  0.778442  1  
0.044662  -0.0483206  0.997823  0  -0.0779792  -0.995941  -0.0447391  0  0.995954  -0.0758128  -0.0482496  0  0.417148  -0.0438245  0.778425  1  
0.0446951  -0.0483371  0.997821  0  -0.0779728  -0.995941  -0.0447534  0  0.995953  -0.0758041  -0.0482836  0  0.417159  -0.0438249  0.778409  1  
0.0447247  -0.0483377  0.99782  0  -0.0779603  -0.995942  -0.0447524  0  0.995953  -0.0757903  -0.0483125  0  0.417167  -0.0438205  0.778394  1  
0.0447516  -0.0483428  0.997818  0  -0.0779543  -0.995942  -0.0447557  0  0.995952  -0.0757828  -0.0483395  0  0.417176  -0.0438215  0.778379  1  
0.0447898  -0.0483474  0.997816  0  -0.0779433  -0.995943  -0.0447579  0  0.995951  -0.0757699  -0.0483773  0  0.417186  -0.0438178  0.778359  1  
0.0448152  -0.0483509  0.997815  0  -0.0779262  -0.995944  -0.0447603  0  0.995951  -0.0757514  -0.0484022  0  0.417194  -0.0438122  0.778346  1  
0.0448548  -0.0483653  0.997812  0  -0.0779238  -0.995944  -0.0447718  0  0.99595  -0.0757466  -0.0484426  0  0.417206  -0.0438148  0.778325  1  
0.0448851  -0.0483725  0.997811  0  -0.0779137  -0.995944  -0.0447772  0  0.995949  -0.0757348  -0.0484729  0  0.417215  -0.0438131  0.77831  1  
0.0449115  -0.0483776  0.997809  0  -0.0778999  -0.995945  -0.044781  0  0.995949  -0.0757195  -0.048499  0  0.417224  -0.0438083  0.778296  1  
0.0449514  -0.048378  0.997807  0  -0.0778925  -0.995946  -0.0447787  0  0.995948  -0.0757103  -0.0485384  0  0.417234  -0.0438074  0.778274  1  
0.0449802  -0.0483823  0.997806  0  -0.0778786  -0.995947  -0.0447815  0  0.995948  -0.0756949  -0.0485668  0  0.417243  -0.0438027  0.778259  1  
0.0450185  -0.0483899  0.997804  0  -0.0778705  -0.995947  -0.0447865  0  0.995946  -0.0756847  -0.0486052  0  0.417254  -0.0438019  0.77824  1  
0.04505  -0.0484046  0.997802  0  -0.0778656  -0.995947  -0.0447991  0  0.995945  -0.0756776  -0.0486375  0  0.417264  -0.0438021  0.778222  1  
0.045092  -0.048403  0.9978  0  -0.0778592  -0.995948  -0.0447946  0  0.995944  -0.0756695  -0.0486789  0  0.417276  -0.0438011  0.7782  1  
0.0451315  -0.0484089  0.997798  0  -0.0778498  -0.995948  -0.0447979  0  0.995943  -0.0756581  -0.0487182  0  0.417288  -0.0437986  0.77818  1  
0.0451677  -0.0484138  0.997796  0  -0.0778466  -0.995949  -0.0448003  0  0.995942  -0.075653  -0.0487545  0  0.417298  -0.043798  0.778161  1  
0.045201  -0.0484195  0.997794  0  -0.0778368  -0.995949  -0.0448039  0  0.995941  -0.0756414  -0.0487876  0  0.417308  -0.0437952  0.778143  1  
0.0452422  -0.0484265  0.997792  0  -0.0778331  -0.995949  -0.044808  0  0.995939  -0.0756355  -0.048829  0  0.41732  -0.0437949  0.778122  1  
0.0452775  -0.0484306  0.99779  0  -0.0778257  -0.99595  -0.0448097  0  0.995938  -0.0756263  -0.0488642  0  0.417331  -0.043793  0.778104  1  
0.0453171  -0.0484329  0.997788  0  -0.0778233  -0.99595  -0.0448091  0  0.995937  -0.075622  -0.0489037  0  0.417343  -0.0437936  0.778083  1  
0.0453643  -0.048441  0.997786  0  -0.0778134  -0.995951  -0.0448142  0  0.995935  -0.0756096  -0.0489509  0  0.417356  -0.0437912  0.778059  1  
0.0453998  -0.0484474  0.997784  0  -0.0778019  -0.995951  -0.0448184  0  0.995935  -0.0755962  -0.0489862  0  0.417366  -0.0437877  0.778041  1  
0.0454359  -0.0484587  0.997782  0  -0.0778016  -0.995951  -0.044827  0  0.995933  -0.0755937  -0.049023  0  0.417378  -0.0437891  0.778021  1  
0.0454777  -0.048455  0.99778  0  -0.0777932  -0.995952  -0.0448205  0  0.995932  -0.0755836  -0.049064  0  0.41739  -0.0437867  0.778  1  
0.0455133  -0.0484654  0.997778  0  -0.0777872  -0.995952  -0.0448285  0  0.99593  -0.0755755  -0.0491  0  0.4174  -0.0437861  0.777981  1  
0.0455564  -0.0484703  0.997776  0  -0.0777805  -0.995952  -0.0448305  0  0.995929  -0.0755666  -0.049143  0  0.417412  -0.0437845  0.777959  1  
0.0455982  -0.048477  0.997773  0  -0.0777777  -0.995952  -0.0448341  0  0.995927  -0.0755616  -0.0491851  0  0.417424  -0.043784  0.777936  1  
0.0456386  -0.0484816  0.997771  0  -0.0777697  -0.995953  -0.0448361  0  0.995926  -0.0755516  -0.0492253  0  0.417436  -0.0437809  0.777914  1  
0.0456804  -0.0484825  0.997769  0  -0.0777683  -0.995953  -0.0448338  0  0.995924  -0.0755482  -0.0492669  0  0.417447  -0.0437808  0.777892  1  
0.0457243  -0.04849  0.997767  0  -0.0777614  -0.995954  -0.0448383  0  0.995923  -0.075539  -0.0493109  0  0.417461  -0.0437782  0.77787  1  
0.0457707  -0.0484871  0.997765  0  -0.0777547  -0.995954  -0.0448323  0  0.995921  -0.0755304  -0.0493566  0  0.417474  -0.0437748  0.777847  1  
0.0458122  -0.048494  0.997763  0  -0.0777541  -0.995954  -0.0448361  0  0.995919  -0.0755276  -0.0493984  0  0.417485  -0.0437768  0.777826  1  
0.0458578  -0.0484896  0.997761  0  -0.077751  -0.995955  -0.0448283  0  0.995918  -0.0755227  -0.0494434  0  0.417499  -0.0437747  0.7778  1  
0.045899  -0.0485034  0.997758  0  -0.0777495  -0.995954  -0.0448391  0  0.995916  -0.0755185  -0.0494854  0  0.417511  -0.0437755  0.777778  1  
0.0459398  -0.0485056  0.997756  0  -0.0777386  -0.995955  -0.0448388  0  0.995915  -0.0755057  -0.0495257  0  0.417523  -0.0437705  0.777757  1  
0.0459788  -0.0485075  0.997754  0  -0.0777378  -0.995955  -0.0448377  0  0.995913  -0.0755031  -0.0495647  0  0.417535  -0.0437721  0.777736  1  
0.0460349  -0.0485103  0.997752  0  -0.077735  -0.995956  -0.0448364  0  0.995911  -0.0754976  -0.0496206  0  0.41755  -0.0437701  0.777707  1  
0.0460813  -0.0485163  0.997749  0  -0.0777319  -0.995956  -0.044839  0  0.995909  -0.0754922  -0.0496672  0  0.417564  -0.0437691  0.777683  1  
0.0461281  -0.0485271  0.997746  0  -0.0777269  -0.995956  -0.0448465  0  0.995907  -0.0754845  -0.0497143  0  0.417577  -0.0437692  0.777658  1  
0.0461683  -0.0485307  0.997744  0  -0.077726  -0.995956  -0.0448471  0  0.995905  -0.0754817  -0.0497547  0  0.417589  -0.0437697  0.777635  1  
0.0462123  -0.0485364  0.997742  0  -0.0777208  -0.995956  -0.0448497  0  0.995903  -0.0754741  -0.0497987  0  0.417601  -0.0437678  0.777612  1  
0.0462646  -0.0485363  0.99774  0  -0.077717  -0.995957  -0.0448459  0  0.995901  -0.0754681  -0.0498506  0  0.417615  -0.0437671  0.777585  1  
0.0463141  -0.0485504  0.997737  0  -0.0777169  -0.995956  -0.0448562  0  0.995899  -0.075465  -0.0499009  0  0.41763  -0.0437699  0.777559  1  
0.046361  -0.0485516  0.997735  0  -0.0777108  -0.995957  -0.0448542  0  0.995897  -0.0754567  -0.0499475  0  0.417643  -0.0437673  0.777535  1  
0.04641  -0.0485576  0.997732  0  -0.0777116  -0.995957  -0.0448564  0  0.995895  -0.075455  -0.0499968  0  0.417657  -0.0437698  0.777509  1  
0.0464555  -0.0485653  0.997729  0  -0.0777083  -0.995957  -0.0448608  0  0.995893  -0.0754493  -0.0500426  0  0.417669  -0.0437698  0.777484  1  
0.0465081  -0.0485701  0.997727  0  -0.0777016  -0.995957  -0.044862  0  0.995891  -0.07544  -0.050095  0  0.417683  -0.0437677  0.777457  1  
0.0465574  -0.0485779  0.997724  0  -0.0776989  -0.995957  -0.0448662  0  0.995889  -0.0754347  -0.0501446  0  0.417698  -0.0437703  0.77743  1  
0.0466016  -0.0485884  0.997722  0  -0.0776933  -0.995957  -0.0448736  0  0.995887  -0.0754265  -0.0501891  0  0.41771  -0.0437683  0.777406  1  
0.0466522  -0.0485987  0.997719  0  -0.0776925  -0.995957  -0.0448801  0  0.995885  -0.0754229  -0.0502403  0  0.417725  -0.0437696  0.777379  1  
0.0467049  -0.0486025  0.997716  0  -0.0776884  -0.995957  -0.0448801  0  0.995883  -0.0754163  -0.0502929  0  0.41774  -0.0437694  0.777352  1  
0.0467549  -0.0486083  0.997713  0  -0.0776811  -0.995958  -0.0448825  0  0.995881  -0.0754064  -0.0503429  0  0.417754  -0.0437677  0.777326  1  
0.0468049  -0.0486142  0.997711  0  -0.0776772  -0.995958  -0.0448848  0  0.995879  -0.0754  -0.0503929  0  0.417768  -0.0437678  0.777299  1  
0.0468493  -0.0486229  0.997708  0  -0.0776744  -0.995958  -0.0448903  0  0.995877  -0.0753947  -0.0504376  0  0.41778  -0.0437679  0.777275  1  
0.0469049  -0.0486285  0.997705  0  -0.0776738  -0.995958  -0.0448917  0  0.995875  -0.0753914  -0.0504934  0  0.417796  -0.0437683  0.777246  1  
0.0469529  -0.0486275  0.997703  0  -0.077665  -0.995959  -0.0448875  0  0.995873  -0.0753804  -0.0505408  0  0.41781  -0.0437641  0.777221  1  
0.0470088  -0.0486353  0.9977  0  -0.0776664  -0.995959  -0.044891  0  0.99587  -0.0753789  -0.0505972  0  0.417826  -0.0437674  0.777192  1  
0.0470669  -0.0486388  0.997697  0  -0.0776617  -0.995959  -0.0448903  0  0.995868  -0.0753714  -0.0506551  0  0.417843  -0.0437649  0.777162  1  
0.0471171  -0.0486555  0.997694  0  -0.077664  -0.995958  -0.0449031  0  0.995866  -0.0753706  -0.0507064  0  0.417858  -0.0437686  0.777135  1  
0.0471711  -0.0486603  0.997691  0  -0.0776622  -0.995958  -0.0449039  0  0.995863  -0.0753662  -0.0507605  0  0.417873  -0.0437689  0.777107  1  
0.0472203  -0.0486593  0.997689  0  -0.0776566  -0.995959  -0.0448995  0  0.995861  -0.0753585  -0.0508092  0  0.417887  -0.0437659  0.777081  1  
0.047282  -0.0486665  0.997686  0  -0.0776643  -0.995958  -0.0449016  0  0.995858  -0.075363  -0.0508715  0  0.417904  -0.0437708  0.777048  1  
0.0473314  -0.0486744  0.997683  0  -0.0776617  -0.995958  -0.0449059  0  0.995856  -0.0753578  -0.0509212  0  0.417919  -0.0437714  0.777022  1  
0.0473889  -0.0486794  0.99768  0  -0.07766  -0.995958  -0.0449066  0  0.995853  -0.0753533  -0.0509788  0  0.417936  -0.0437708  0.776991  1  
0.0474421  -0.0486809  0.997677  0  -0.0776602  -0.995958  -0.0449041  0  0.99585  -0.0753509  -0.0510319  0  0.417951  -0.0437709  0.776965  1  
0.047493  -0.0486854  0.997675  0  -0.0776581  -0.995959  -0.0449048  0  0.995848  -0.0753463  -0.0510829  0  0.417965  -0.0437714  0.776936  1  
0.0475482  -0.0486927  0.997672  0  -0.0776641  -0.995958  -0.0449076  0  0.995845  -0.0753494  -0.0511387  0  0.417981  -0.043776  0.776908  1  
0.0476055  -0.048698  0.997669  0  -0.0776625  -0.995958  -0.0449087  0  0.995842  -0.075345  -0.0511961  0  0.417998  -0.0437761  0.776878  1  
0.0476618  -0.0487066  0.997666  0  -0.0776659  -0.995958  -0.0449129  0  0.995839  -0.0753454  -0.0512529  0  0.418014  -0.0437785  0.776848  1  
0.0477189  -0.0487186  0.997662  0  -0.077665  -0.995957  -0.0449206  0  0.995837  -0.0753413  -0.0513107  0  0.418031  -0.043779  0.776818  1  
0.0477805  -0.048722  0.997659  0  -0.0776641  -0.995957  -0.0449194  0  0.995834  -0.0753375  -0.0513723  0  0.418049  -0.0437789  0.776786  1  
0.0478368  -0.0487238  0.997656  0  -0.0776634  -0.995958  -0.044917  0  0.995831  -0.0753342  -0.0514285  0  0.418065  -0.0437793  0.776757  1  
0.0478977  -0.0487323  0.997653  0  -0.077667  -0.995957  -0.0449206  0  0.995828  -0.0753346  -0.0514899  0  0.418083  -0.0437827  0.776724  1  
0.0479666  -0.0487446  0.997649  0  -0.0776678  -0.995957  -0.0449277  0  0.995825  -0.0753317  -0.0515596  0  0.418103  -0.0437846  0.776689  1  
0.0480162  -0.0487496  0.997647  0  -0.0776711  -0.995957  -0.0449287  0  0.995822  -0.0753325  -0.0516094  0  0.418117  -0.043786  0.776663  1  
0.0481921  -0.0487643  0.997637  0  -0.0776722  -0.995956  -0.0449301  0  0.995813  -0.0753249  -0.0517859  0  0.418167  -0.04379  0.776571  1  
0.0482509  -0.0487701  0.997634  0  -0.0776705  -0.995956  -0.0449315  0  0.995811  -0.0753202  -0.0518448  0  0.418184  -0.043789  0.77654  1  
0.0483111  -0.0487851  0.997631  0  -0.0776759  -0.995956  -0.0449417  0  0.995807  -0.0753221  -0.0519062  0  0.418201  -0.0437944  0.776508  1  
0.0483632  -0.0487881  0.997628  0  -0.0776745  -0.995956  -0.0449408  0  0.995805  -0.0753183  -0.0519582  0  0.418216  -0.0437938  0.776481  1  
0.0484259  -0.0487918  0.997625  0  -0.0776751  -0.995956  -0.0449397  0  0.995802  -0.0753158  -0.052021  0  0.418234  -0.0437957  0.776448  1  
0.0484823  -0.0487981  0.997622  0  -0.0776797  -0.995955  -0.0449415  0  0.995799  -0.0753175  -0.0520779  0  0.418251  -0.0437975  0.776419  1  
0.0485386  -0.0488105  0.997618  0  -0.0776786  -0.995955  -0.0449497  0  0.995796  -0.0753133  -0.0521348  0  0.418266  -0.0437992  0.776389  1  
0.048595  -0.0488184  0.997615  0  -0.077682  -0.995955  -0.0449532  0  0.995793  -0.0753137  -0.0521917  0  0.418283  -0.0438021  0.776359  1  
0.0486584  -0.0488194  0.997612  0  -0.0776817  -0.995955  -0.0449494  0  0.99579  -0.0753105  -0.0522549  0  0.418301  -0.0438016  0.776326  1  
0.0487171  -0.0488209  0.997609  0  -0.0776808  -0.995955  -0.0449465  0  0.995787  -0.0753069  -0.0523135  0  0.418317  -0.0438013  0.776295  1  
0.0487766  -0.0488344  0.997606  0  -0.0776896  -0.995954  -0.0449551  0  0.995784  -0.0753123  -0.0523741  0  0.418335  -0.0438076  0.776263  1  
0.0488385  -0.0488407  0.997602  0  -0.0776923  -0.995954  -0.0449565  0  0.99578  -0.0753118  -0.0524364  0  0.418353  -0.0438098  0.776231  1  
0.048895  -0.0488502  0.997599  0  -0.0776965  -0.995953  -0.0449615  0  0.995777  -0.075313  -0.0524936  0  0.418369  -0.0438124  0.776202  1  
0.0489581  -0.0488594  0.997595  0  -0.077694  -0.995953  -0.0449661  0  0.995774  -0.0753072  -0.0525571  0  0.418387  -0.0438118  0.776169  1  
0.0490187  -0.0488605  0.997592  0  -0.0776974  -0.995953  -0.0449624  0  0.995771  -0.0753078  -0.0526176  0  0.418406  -0.0438138  0.776136  1  
0.0490865  -0.048871  0.997589  0  -0.0776989  -0.995953  -0.0449677  0  0.995768  -0.0753057  -0.052686  0  0.418424  -0.0438158  0.776101  1  
0.0491429  -0.0488739  0.997586  0  -0.0777004  -0.995953  -0.0449662  0  0.995765  -0.0753045  -0.0527426  0  0.418441  -0.0438176  0.776071  1  
0.0492011  -0.0488805  0.997582  0  -0.0777018  -0.995952  -0.0449683  0  0.995762  -0.0753029  -0.0528011  0  0.418459  -0.043817  0.77604  1  
0.0492675  -0.0488909  0.997579  0  -0.0776978  -0.995952  -0.044974  0  0.995759  -0.0752954  -0.0528678  0  0.418479  -0.0438173  0.776007  1  
0.0493346  -0.0488974  0.997575  0  -0.0777057  -0.995952  -0.0449749  0  0.995755  -0.0752999  -0.0529355  0  0.418497  -0.0438218  0.775971  1  
0.0494001  -0.0488981  0.997572  0  -0.077712  -0.995951  -0.0449704  0  0.995751  -0.0753032  -0.0530011  0  0.418517  -0.0438259  0.775936  1  
0.04946  -0.0489031  0.997569  0  -0.0777108  -0.995952  -0.0449709  0  0.995748  -0.075299  -0.053061  0  0.418533  -0.0438248  0.775905  1  
0.049521  -0.0489153  0.997565  0  -0.0777165  -0.995951  -0.0449781  0  0.995745  -0.0753013  -0.053123  0  0.41855  -0.0438291  0.775872  1  
0.0495905  -0.0489216  0.997561  0  -0.077716  -0.995951  -0.0449792  0  0.995741  -0.0752974  -0.0531927  0  0.418572  -0.043829  0.775836  1  
0.049653  -0.0489233  0.997558  0  -0.07772  -0.995951  -0.044976  0  0.995738  -0.0752985  -0.0532553  0  0.41859  -0.0438322  0.775805  1  
0.0497127  -0.0489327  0.997555  0  -0.0777208  -0.99595  -0.0449808  0  0.995735  -0.0752961  -0.0533155  0  0.418606  -0.0438343  0.775773  1  
0.0497877  -0.0489414  0.99755  0  -0.077727  -0.99595  -0.0449835  0  0.995731  -0.0752984  -0.0533912  0  0.418628  -0.0438372  0.775734  1  
0.0498477  -0.0489524  0.997547  0  -0.0777324  -0.995949  -0.0449896  0  0.995727  -0.0753005  -0.053452  0  0.418646  -0.0438422  0.775702  1  
0.0499103  -0.04896  0.997543  0  -0.0777369  -0.995949  -0.0449923  0  0.995724  -0.0753018  -0.0535151  0  0.418664  -0.0438444  0.775669  1  
0.049979  -0.0489672  0.99754  0  -0.0777361  -0.995948  -0.0449943  0  0.99572  -0.0752975  -0.0535841  0  0.418684  -0.0438445  0.775634  1  
0.0500427  -0.0489751  0.997536  0  -0.0777421  -0.995948  -0.0449971  0  0.995717  -0.0753002  -0.0536483  0  0.418702  -0.0438485  0.7756  1  
0.0501014  -0.0489782  0.997533  0  -0.0777454  -0.995948  -0.0449956  0  0.995713  -0.0753007  -0.0537072  0  0.418719  -0.0438506  0.775568  1  
0.0501694  -0.0489863  0.997529  0  -0.0777519  -0.995947  -0.0449982  0  0.99571  -0.0753037  -0.0537759  0  0.418738  -0.0438548  0.775533  1  
0.0502361  -0.0489948  0.997525  0  -0.0777548  -0.995947  -0.0450015  0  0.995706  -0.0753031  -0.0538431  0  0.418756  -0.0438568  0.775498  1  
0.0503017  -0.0490041  0.997521  0  -0.077759  -0.995946  -0.0450055  0  0.995702  -0.0753039  -0.0539094  0  0.418775  -0.0438596  0.775463  1  
0.0503653  -0.04901  0.997518  0  -0.0777673  -0.995945  -0.0450063  0  0.995698  -0.075309  -0.0539735  0  0.418792  -0.0438648  0.775429  1  
0.050438  -0.049013  0.997514  0  -0.0777651  -0.995946  -0.0450039  0  0.995695  -0.0753034  -0.0540461  0  0.418814  -0.0438639  0.77539  1  
0.0504942  -0.0490194  0.997511  0  -0.0777709  -0.995945  -0.0450057  0  0.995692  -0.0753062  -0.0541028  0  0.41883  -0.0438671  0.77536  1  
0.050566  -0.0490354  0.997507  0  -0.0777804  -0.995944  -0.0450157  0  0.995687  -0.0753116  -0.054176  0  0.418851  -0.0438732  0.775322  1  
0.0506285  -0.0490404  0.997503  0  -0.0777861  -0.995944  -0.0450156  0  0.995684  -0.0753142  -0.0542388  0  0.418868  -0.0438769  0.775288  1  
0.0507073  -0.0490401  0.997499  0  -0.077794  -0.995943  -0.045009  0  0.995679  -0.0753186  -0.0543177  0  0.41889  -0.0438816  0.775248  1  
0.0507782  -0.0490489  0.997495  0  -0.0777923  -0.995943  -0.0450125  0  0.995676  -0.0753132  -0.0543889  0  0.41891  -0.0438821  0.77521  1  
0.0508493  -0.0490545  0.997491  0  -0.0778004  -0.995943  -0.0450123  0  0.995671  -0.0753179  -0.0544605  0  0.418931  -0.0438858  0.775173  1  
0.0509155  -0.0490751  0.997487  0  -0.0778075  -0.995941  -0.0450275  0  0.995667  -0.0753208  -0.0545283  0  0.418949  -0.0438917  0.775137  1  
0.0509883  -0.0490769  0.997483  0  -0.0778084  -0.995941  -0.0450237  0  0.995664  -0.0753183  -0.054601  0  0.41897  -0.0438918  0.775099  1  
0.0510579  -0.0490812  0.997479  0  -0.0778115  -0.995941  -0.0450226  0  0.99566  -0.075318  -0.0546708  0  0.41899  -0.0438939  0.775063  1  
0.0511256  -0.0490891  0.997475  0  -0.0778248  -0.99594  -0.0450246  0  0.995655  -0.0753279  -0.0547395  0  0.41901  -0.0439019  0.775026  1  
0.0512014  -0.0490957  0.997471  0  -0.0778209  -0.99594  -0.0450257  0  0.995652  -0.0753202  -0.0548153  0  0.419032  -0.0439006  0.774986  1  
0.0512653  -0.0491063  0.997467  0  -0.077825  -0.99594  -0.0450312  0  0.995648  -0.0753208  -0.0548799  0  0.41905  -0.043902  0.774951  1  
0.0513444  -0.0491184  0.997463  0  -0.0778327  -0.995939  -0.0450369  0  0.995643  -0.0753242  -0.05496  0  0.419071  -0.0439078  0.77491  1  
0.0514185  -0.0491219  0.997459  0  -0.0778375  -0.995939  -0.0450346  0  0.995639  -0.0753255  -0.0550343  0  0.419092  -0.0439099  0.774871  1  
0.0514917  -0.0491292  0.997455  0  -0.0778436  -0.995938  -0.045036  0  0.995635  -0.0753279  -0.055108  0  0.419112  -0.0439134  0.774832  1  
0.0515653  -0.0491367  0.99745  0  -0.0778503  -0.995938  -0.0450376  0  0.995631  -0.0753309  -0.0551822  0  0.419132  -0.0439175  0.774794  1  
0.0516377  -0.0491426  0.997446  0  -0.0778524  -0.995937  -0.0450379  0  0.995627  -0.0753294  -0.0552548  0  0.419151  -0.0439188  0.774755  1  
0.0517168  -0.0491519  0.997442  0  -0.077858  -0.995937  -0.0450409  0  0.995622  -0.0753309  -0.0553346  0  0.419173  -0.0439222  0.774713  1  
0.0517908  -0.0491579  0.997438  0  -0.0778589  -0.995937  -0.0450412  0  0.995618  -0.0753281  -0.0554088  0  0.419194  -0.0439226  0.774673  1  
0.0518677  -0.0491662  0.997433  0  -0.0778624  -0.995936  -0.0450435  0  0.995614  -0.0753277  -0.0554862  0  0.419215  -0.0439255  0.774633  1  
0.0519466  -0.0491703  0.997429  0  -0.0778661  -0.995936  -0.0450414  0  0.995609  -0.0753276  -0.0555652  0  0.419236  -0.0439272  0.77459  1  
0.0520288  -0.0491765  0.997424  0  -0.0778725  -0.995936  -0.045041  0  0.995605  -0.0753299  -0.055648  0  0.419259  -0.0439305  0.774547  1  
0.0521006  -0.0491891  0.99742  0  -0.0778783  -0.995935  -0.0450479  0  0.9956  -0.0753318  -0.0557206  0  0.419277  -0.0439343  0.774508  1  
0.052177  -0.0491958  0.997416  0  -0.0778847  -0.995934  -0.0450485  0  0.995596  -0.0753343  -0.0557975  0  0.419299  -0.0439375  0.774466  1  
0.0522527  -0.0491952  0.997412  0  -0.0778911  -0.995934  -0.0450418  0  0.995592  -0.0753374  -0.0558732  0  0.419319  -0.0439414  0.774426  1  
0.0523287  -0.0492095  0.997407  0  -0.077895  -0.995934  -0.04505  0  0.995587  -0.0753371  -0.0559502  0  0.419338  -0.0439449  0.774384  1  
0.0524005  -0.0492209  0.997403  0  -0.0779025  -0.995933  -0.0450555  0  0.995583  -0.0753407  -0.0560229  0  0.419358  -0.0439491  0.774345  1  
0.0524843  -0.0492317  0.997398  0  -0.077905  -0.995932  -0.0450599  0  0.995578  -0.0753387  -0.0561073  0  0.41938  -0.0439509  0.7743  1  
0.0525603  -0.0492405  0.997393  0  -0.0779099  -0.995932  -0.0450627  0  0.995574  -0.0753398  -0.0561839  0  0.4194  -0.0439541  0.774259  1  
0.0526329  -0.04925  0.997389  0  -0.0779123  -0.995931  -0.0450665  0  0.99557  -0.0753383  -0.056257  0  0.419419  -0.0439571  0.77422  1  
0.0527121  -0.0492604  0.997384  0  -0.0779181  -0.995931  -0.0450706  0  0.995565  -0.07534  -0.0563369  0  0.419439  -0.0439607  0.774177  1  
0.0527945  -0.0492655  0.99738  0  -0.0779229  -0.99593  -0.0450692  0  0.99556  -0.0753408  -0.0564197  0  0.41946  -0.0439637  0.774132  1  
0.0528658  -0.0492747  0.997376  0  -0.0779256  -0.99593  -0.0450729  0  0.995556  -0.0753398  -0.0564915  0  0.419479  -0.0439664  0.774092  1  
0.0531135  -0.049308  0.997361  0  -0.0779482  -0.995928  -0.0450861  0  0.995541  -0.0753492  -0.0567418  0  0.419543  -0.0439816  0.773958  1  
0.0531934  -0.0493143  0.997356  0  -0.0779537  -0.995927  -0.0450861  0  0.995537  -0.0753508  -0.0568221  0  0.419564  -0.0439855  0.773915  1  
0.0532747  -0.0493271  0.997351  0  -0.0779602  -0.995927  -0.0450923  0  0.995532  -0.0753528  -0.0569043  0  0.419584  -0.0439887  0.773871  1  
0.053364  -0.0493383  0.997346  0  -0.0779675  -0.995926  -0.0450963  0  0.995527  -0.0753555  -0.0569945  0  0.419608  -0.0439934  0.773822  1  
0.0534383  -0.0493466  0.997341  0  -0.0779708  -0.995925  -0.0450988  0  0.995522  -0.0753549  -0.0570692  0  0.419627  -0.0439965  0.77378  1  
0.0535222  -0.0493574  0.997336  0  -0.0779788  -0.995925  -0.0451028  0  0.995517  -0.0753585  -0.057154  0  0.419648  -0.0440015  0.773735  1  
0.0536065  -0.0493617  0.997332  0  -0.077984  -0.995924  -0.0451004  0  0.995512  -0.0753597  -0.0572386  0  0.419669  -0.0440046  0.77369  1  
0.0536907  -0.0493776  0.997326  0  -0.0779964  -0.995923  -0.0451092  0  0.995507  -0.0753674  -0.0573242  0  0.419691  -0.0440124  0.773643  1  
0.0537735  -0.0493934  0.997321  0  -0.0780001  -0.995922  -0.0451185  0  0.995502  -0.0753665  -0.057408  0  0.419712  -0.0440142  0.773597  1  
0.053861  -0.0493971  0.997316  0  -0.0780059  -0.995922  -0.0451152  0  0.995497  -0.075368  -0.0574957  0  0.419734  -0.0440177  0.773549  1  
0.0539372  -0.0493985  0.997312  0  -0.0780095  -0.995922  -0.0451107  0  0.995492  -0.0753681  -0.0575719  0  0.419754  -0.0440187  0.773507  1  
0.0540293  -0.0494072  0.997307  0  -0.0780196  -0.995921  -0.0451118  0  0.995487  -0.0753736  -0.0576647  0  0.419777  -0.0440251  0.773457  1  
0.0541158  -0.0494191  0.997301  0  -0.0780245  -0.99592  -0.0451169  0  0.995482  -0.0753739  -0.057752  0  0.419797  -0.0440275  0.773409  1  
0.0541994  -0.0494336  0.997296  0  -0.0780334  -0.995919  -0.0451245  0  0.995476  -0.0753781  -0.0578368  0  0.419819  -0.0440337  0.773363  1  
0.0542877  -0.049439  0.997291  0  -0.0780405  -0.995919  -0.0451228  0  0.995471  -0.0753809  -0.0579255  0  0.419841  -0.044036  0.773314  1  
0.0543753  -0.049449  0.997286  0  -0.0780446  -0.995918  -0.045126  0  0.995466  -0.0753804  -0.0580137  0  0.419862  -0.0440389  0.773265  1  
0.0544667  -0.0494575  0.99728  0  -0.0780541  -0.995918  -0.045127  0  0.99546  -0.0753854  -0.0581058  0  0.419885  -0.0440446  0.773215  1  
0.054552  -0.0494623  0.997275  0  -0.0780599  -0.995917  -0.0451249  0  0.995455  -0.075387  -0.0581915  0  0.419906  -0.0440485  0.773168  1  
0.0546418  -0.049473  0.99727  0  -0.0780649  -0.995917  -0.0451286  0  0.99545  -0.0753873  -0.0582819  0  0.419928  -0.0440511  0.773118  1  
0.0547291  -0.0494843  0.997265  0  -0.0780684  -0.995916  -0.0451331  0  0.995445  -0.0753862  -0.0583698  0  0.419948  -0.0440525  0.77307  1  
0.0548165  -0.0494964  0.997259  0  -0.0780787  -0.995915  -0.0451379  0  0.995439  -0.0753918  -0.0584583  0  0.419969  -0.0440592  0.773022  1  
0.054905  -0.0495064  0.997254  0  -0.0780864  -0.995914  -0.0451407  0  0.995433  -0.075395  -0.0585476  0  0.41999  -0.0440644  0.772972  1  
0.0549927  -0.0495172  0.997249  0  -0.0780896  -0.995914  -0.0451447  0  0.995428  -0.0753936  -0.0586359  0  0.420011  -0.044067  0.772924  1  
0.0550802  -0.0495283  0.997243  0  -0.0780987  -0.995913  -0.0451487  0  0.995423  -0.075398  -0.0587243  0  0.420032  -0.0440713  0.772874  1  
0.055174  -0.0495411  0.997237  0  -0.0781044  -0.995912  -0.045154  0  0.995417  -0.0753988  -0.058819  0  0.420054  -0.0440762  0.772822  1  
0.0552642  -0.0495418  0.997232  0  -0.0781035  -0.995913  -0.0451479  0  0.995412  -0.0753938  -0.0589088  0  0.420076  -0.0440755  0.772773  1  
0.05535  -0.049555  0.997227  0  -0.0781137  -0.995912  -0.0451541  0  0.995407  -0.0753992  -0.0589958  0  0.420097  -0.0440809  0.772723  1  
0.0554367  -0.049563  0.997222  0  -0.0781212  -0.995911  -0.045155  0  0.995401  -0.0754024  -0.0590831  0  0.420117  -0.044086  0.772674  1  
0.0555248  -0.0495718  0.997216  0  -0.0781245  -0.995911  -0.045157  0  0.995396  -0.0754011  -0.0591716  0  0.420138  -0.0440883  0.772625  1  
