0.0433554  -0.0481442  0.997889  0  -0.0793166  -0.995842  -0.0445993  0  0.995906  -0.0772171  -0.0469947  0  0.416729  -0.0442735  0.779096  1  
0.0433601  -0.0481451  0.997889  0  -0.0793173  -0.995842  -0.0445999  0  0.995906  -0.0772175  -0.0469994  0  0.416731  -0.0442737  0.779094  1  
0.0433634  -0.0481489  0.997889  0  -0.0793158  -0.995841  -0.0446034  0  0.995906  -0.0772157  -0.047003  0  0.416732  -0.0442724  0.779092  1  
0.0433559  -0.0481476  0.997889  0  -0.0793143  -0.995842  -0.0446028  0  0.995906  -0.0772146  -0.0469953  0  0.41673  -0.0442714  0.779096  1  
0.0433642  -0.0481491  0.997889  0  -0.0793114  -0.995842  -0.0446038  0  0.995906  -0.0772112  -0.0470036  0  0.416731  -0.0442718  0.779091  1  
0.0433567  -0.0481446  0.997889  0  -0.0793142  -0.995842  -0.0445997  0  0.995906  -0.0772146  -0.0469958  0  0.416728  -0.0442729  0.779094  1  
0.0433624  -0.0481378  0.997889  0  -0.0793077  -0.995843  -0.0445928  0  0.995907  -0.0772081  -0.0470007  0  0.416729  -0.0442697  0.779092  1  
0.0433643  -0.0481411  0.997889  0  -0.0793078  -0.995842  -0.044596  0  0.995906  -0.077208  -0.0470029  0  0.416731  -0.0442704  0.779089  1  
0.0433663  -0.0481381  0.997889  0  -0.0793055  -0.995843  -0.044593  0  0.995907  -0.0772058  -0.0470045  0  0.416731  -0.04427  0.779086  1  
0.0433641  -0.048134  0.997889  0  -0.0792969  -0.995844  -0.0445894  0  0.995907  -0.0771974  -0.0470016  0  0.416732  -0.0442661  0.779085  1  
0.0433671  -0.0481302  0.99789  0  -0.0792883  -0.995844  -0.0445858  0  0.995908  -0.0771889  -0.047004  0  0.416734  -0.0442623  0.779083  1  
0.0433639  -0.0481309  0.99789  0  -0.0792844  -0.995845  -0.0445869  0  0.995908  -0.0771851  -0.0470007  0  0.416733  -0.0442619  0.779084  1  
0.0433635  -0.0481363  0.997889  0  -0.0792726  -0.995845  -0.0445929  0  0.995909  -0.0771731  -0.0470001  0  0.416733  -0.0442581  0.779084  1  
0.0433674  -0.0481392  0.997889  0  -0.0792638  -0.995846  -0.0445959  0  0.99591  -0.0771639  -0.0470039  0  0.416734  -0.0442539  0.779082  1  
0.0433746  -0.048137  0.997889  0  -0.0792578  -0.995847  -0.0445934  0  0.99591  -0.0771577  -0.0470106  0  0.416736  -0.0442523  0.779079  1  
0.0433773  -0.048142  0.997889  0  -0.0792492  -0.995847  -0.0445986  0  0.995911  -0.0771488  -0.0470133  0  0.416736  -0.0442508  0.779076  1  
0.0433809  -0.0481376  0.997889  0  -0.0792365  -0.995848  -0.0445946  0  0.995911  -0.0771361  -0.0470159  0  0.416737  -0.0442453  0.779074  1  
0.0433873  -0.0481351  0.997888  0  -0.0792262  -0.995849  -0.044592  0  0.995912  -0.0771257  -0.0470217  0  0.416739  -0.0442405  0.779071  1  
0.0433948  -0.0481378  0.997888  0  -0.0792163  -0.99585  -0.0445946  0  0.995912  -0.0771153  -0.0470289  0  0.41674  -0.0442373  0.779069  1  
0.0434053  -0.0481319  0.997888  0  -0.0792034  -0.995851  -0.0445885  0  0.995913  -0.0771022  -0.0470383  0  0.416743  -0.0442313  0.779063  1  
0.0434072  -0.0481192  0.997888  0  -0.0791839  -0.995853  -0.0445767  0  0.995914  -0.0770833  -0.0470384  0  0.416744  -0.0442223  0.779063  1  
0.0434115  -0.0481234  0.997888  0  -0.0791713  -0.995854  -0.0445811  0  0.995915  -0.0770702  -0.0470424  0  0.416747  -0.0442183  0.779061  1  
0.0434205  -0.0481148  0.997888  0  -0.0791528  -0.995856  -0.0445726  0  0.995916  -0.0770517  -0.0470499  0  0.41675  -0.0442091  0.779057  1  
0.0434232  -0.048121  0.997888  0  -0.0791457  -0.995856  -0.044579  0  0.995917  -0.0770442  -0.0470527  0  0.416751  -0.0442079  0.779056  1  
0.0434309  -0.0481234  0.997887  0  -0.0791257  -0.995858  -0.0445817  0  0.995918  -0.0770238  -0.0470597  0  0.416754  -0.0441987  0.779053  1  
0.043434  -0.0481233  0.997887  0  -0.0791133  -0.995859  -0.044582  0  0.995919  -0.0770112  -0.0470622  0  0.416756  -0.0441957  0.779051  1  
0.0434388  -0.048126  0.997887  0  -0.0790907  -0.99586  -0.0445854  0  0.99592  -0.0769883  -0.0470662  0  0.416759  -0.0441866  0.779049  1  
0.0434466  -0.0481277  0.997886  0  -0.0790756  -0.995861  -0.0445872  0  0.995921  -0.0769728  -0.0470734  0  0.416762  -0.044181  0.779045  1  
0.0434525  -0.0481249  0.997886  0  -0.079052  -0.995863  -0.044585  0  0.995923  -0.076949  -0.047078  0  0.416766  -0.0441701  0.779044  1  
0.0434604  -0.0481236  0.997886  0  -0.0790366  -0.995865  -0.0445839  0  0.995924  -0.0769334  -0.0470851  0  0.41677  -0.0441643  0.779041  1  
0.043464  -0.0481247  0.997886  0  -0.0790156  -0.995866  -0.0445857  0  0.995925  -0.0769121  -0.0470878  0  0.416773  -0.0441563  0.77904  1  
0.0434685  -0.0481189  0.997886  0  -0.0789934  -0.995868  -0.0445806  0  0.995927  -0.07689  -0.0470909  0  0.416776  -0.0441465  0.779039  1  
0.0434744  -0.048116  0.997886  0  -0.0789772  -0.99587  -0.044578  0  0.995928  -0.0768736  -0.0470958  0  0.41678  -0.044141  0.779037  1  
0.0434862  -0.0481134  0.997885  0  -0.0789496  -0.995872  -0.0445759  0  0.99593  -0.0768457  -0.0471061  0  0.416786  -0.0441284  0.779031  1  
0.0434902  -0.0481217  0.997885  0  -0.078931  -0.995873  -0.0445847  0  0.995931  -0.0768265  -0.0471099  0  0.416788  -0.0441225  0.779029  1  
0.0434947  -0.0481154  0.997885  0  -0.078904  -0.995875  -0.0445793  0  0.995933  -0.0767996  -0.0471127  0  0.416791  -0.0441103  0.779028  1  
0.0434997  -0.0481102  0.997885  0  -0.0788854  -0.995877  -0.0445747  0  0.995934  -0.076781  -0.0471164  0  0.416795  -0.0441037  0.779026  1  
0.0435111  -0.0481084  0.997884  0  -0.0788629  -0.995879  -0.044573  0  0.995935  -0.0767581  -0.0471266  0  0.4168  -0.0440951  0.779021  1  
0.0435217  -0.0481122  0.997884  0  -0.0788367  -0.995881  -0.0445773  0  0.995937  -0.0767312  -0.0471363  0  0.416806  -0.0440852  0.779017  1  
0.0435321  -0.0481113  0.997883  0  -0.0788093  -0.995883  -0.0445768  0  0.995939  -0.0767034  -0.0471454  0  0.416811  -0.0440736  0.779013  1  
0.0435386  -0.0481121  0.997883  0  -0.0787846  -0.995885  -0.0445783  0  0.99594  -0.0766784  -0.0471508  0  0.416815  -0.0440642  0.779011  1  
0.0435499  -0.0481115  0.997882  0  -0.0787649  -0.995886  -0.0445777  0  0.995941  -0.0766582  -0.0471611  0  0.416821  -0.044057  0.779007  1  
0.0435597  -0.0481123  0.997882  0  -0.0787417  -0.995888  -0.044579  0  0.995943  -0.0766346  -0.04717  0  0.416827  -0.0440488  0.779004  1  
0.0435848  -0.0481116  0.997881  0  -0.0787136  -0.99589  -0.0445777  0  0.995944  -0.0766054  -0.0471936  0  0.416836  -0.044037  0.778992  1  
0.0435914  -0.0481199  0.99788  0  -0.0786904  -0.995892  -0.0445865  0  0.995946  -0.0765815  -0.0471998  0  0.416841  -0.0440284  0.778991  1  
0.0436087  -0.0481171  0.99788  0  -0.0786612  -0.995894  -0.0445837  0  0.995947  -0.0765516  -0.0472155  0  0.416848  -0.044016  0.778983  1  
0.0436177  -0.0481238  0.997879  0  -0.0786422  -0.995895  -0.0445907  0  0.995948  -0.076532  -0.0472241  0  0.416854  -0.0440104  0.77898  1  
0.0436397  -0.0481173  0.997878  0  -0.0786141  -0.995898  -0.0445838  0  0.995949  -0.0765032  -0.0472443  0  0.416863  -0.0439994  0.778971  1  
0.0436533  -0.0481119  0.997878  0  -0.0785908  -0.9959  -0.0445785  0  0.995951  -0.0764795  -0.0472564  0  0.416869  -0.0439903  0.778965  1  
0.0436713  -0.0481148  0.997877  0  -0.0785618  -0.995902  -0.0445814  0  0.995952  -0.0764495  -0.0472733  0  0.416877  -0.043978  0.778957  1  
0.0436894  -0.0481202  0.997876  0  -0.0785379  -0.995904  -0.0445865  0  0.995953  -0.0764246  -0.0472907  0  0.416885  -0.0439701  0.778949  1  
0.0436997  -0.0481229  0.997875  0  -0.0785129  -0.995906  -0.0445896  0  0.995955  -0.076399  -0.0472999  0  0.416892  -0.0439605  0.778946  1  
0.0437255  -0.0481176  0.997875  0  -0.0784856  -0.995908  -0.0445837  0  0.995956  -0.0763708  -0.047324  0  0.416901  -0.0439483  0.778935  1  
0.0437447  -0.048115  0.997874  0  -0.0784586  -0.99591  -0.0445809  0  0.995957  -0.0763431  -0.0473417  0  0.41691  -0.0439377  0.778927  1  
0.0437631  -0.0481203  0.997873  0  -0.0784378  -0.995912  -0.0445857  0  0.995958  -0.0763212  -0.0473595  0  0.416918  -0.0439317  0.778919  1  
0.0437836  -0.0481211  0.997872  0  -0.0784046  -0.995914  -0.0445866  0  0.99596  -0.076287  -0.0473785  0  0.416928  -0.0439172  0.778911  1  
0.0438064  -0.0481252  0.997871  0  -0.0783807  -0.995916  -0.04459  0  0.99596  -0.076262  -0.0474005  0  0.416937  -0.0439096  0.778901  1  
0.0438224  -0.048124  0.99787  0  -0.0783577  -0.995918  -0.0445887  0  0.995962  -0.0762383  -0.0474153  0  0.416944  -0.0439007  0.778894  1  
0.0438471  -0.0481202  0.997869  0  -0.0783274  -0.995921  -0.0445845  0  0.995963  -0.076207  -0.0474382  0  0.416954  -0.0438876  0.778884  1  
0.0438647  -0.0481289  0.997868  0  -0.0783012  -0.995922  -0.0445931  0  0.995964  -0.0761796  -0.0474553  0  0.416962  -0.0438783  0.778876  1  
0.0438928  -0.0481314  0.997866  0  -0.0782786  -0.995924  -0.0445944  0  0.995965  -0.0761557  -0.0474825  0  0.416974  -0.0438694  0.778864  1  
0.0439121  -0.0481312  0.997866  0  -0.0782459  -0.995927  -0.0445943  0  0.995966  -0.0761221  -0.0475002  0  0.416982  -0.0438565  0.778856  1  
0.0439453  -0.0481272  0.997864  0  -0.078224  -0.995929  -0.0445889  0  0.995967  -0.076099  -0.047532  0  0.416995  -0.0438473  0.77884  1  
0.0439599  -0.0481266  0.997864  0  -0.078198  -0.995931  -0.0445884  0  0.995968  -0.0760723  -0.0475453  0  0.417002  -0.0438371  0.778835  1  
0.0439871  -0.0481384  0.997862  0  -0.0781726  -0.995932  -0.0445993  0  0.995969  -0.0760452  -0.0475722  0  0.417013  -0.0438289  0.778822  1  
0.0440108  -0.0481397  0.997861  0  -0.0781474  -0.995934  -0.0446  0  0.99597  -0.0760188  -0.0475948  0  0.417023  -0.0438195  0.778812  1  
0.0440401  -0.0481352  0.99786  0  -0.0781195  -0.995936  -0.0445946  0  0.995971  -0.0759898  -0.0476224  0  0.417035  -0.0438067  0.7788  1  
0.0440701  -0.0481327  0.997859  0  -0.0780936  -0.995939  -0.0445911  0  0.995971  -0.0759627  -0.0476509  0  0.417048  -0.0437967  0.778787  1  
0.044097  -0.0481306  0.997858  0  -0.0780685  -0.995941  -0.0445882  0  0.995972  -0.0759365  -0.0476764  0  0.417059  -0.0437869  0.778775  1  
0.0441268  -0.0481407  0.997856  0  -0.0780479  -0.995942  -0.044597  0  0.995972  -0.0759141  -0.0477059  0  0.417072  -0.0437801  0.778762  1  
0.0441609  -0.0481408  0.997854  0  -0.0780206  -0.995944  -0.0445957  0  0.995973  -0.0758852  -0.0477386  0  0.417086  -0.0437673  0.778747  1  
0.0441924  -0.0481451  0.997853  0  -0.0779988  -0.995946  -0.0445988  0  0.995973  -0.0758618  -0.0477694  0  0.417098  -0.0437593  0.778732  1  
0.0442231  -0.0481379  0.997852  0  -0.0779699  -0.995948  -0.0445906  0  0.995974  -0.0758319  -0.0477981  0  0.417111  -0.0437473  0.77872  1  
0.0442551  -0.0481369  0.99785  0  -0.0779421  -0.995951  -0.0445885  0  0.995975  -0.0758027  -0.0478287  0  0.417124  -0.0437354  0.778705  1  
0.0442931  -0.0481459  0.997848  0  -0.0779194  -0.995952  -0.0445957  0  0.995975  -0.0757779  -0.0478662  0  0.417139  -0.043727  0.778688  1  
0.0443244  -0.0481431  0.997847  0  -0.0778948  -0.995954  -0.0445917  0  0.995976  -0.075752  -0.0478961  0  0.417152  -0.0437155  0.778674  1  
0.044363  -0.0481508  0.997845  0  -0.0778693  -0.995956  -0.0445977  0  0.995976  -0.0757244  -0.047934  0  0.417167  -0.0437061  0.778656  1  
0.0443954  -0.0481484  0.997843  0  -0.0778503  -0.995958  -0.0445937  0  0.995976  -0.0757041  -0.0479652  0  0.417181  -0.0436986  0.778642  1  
0.0444356  -0.048147  0.997842  0  -0.0778268  -0.99596  -0.0445905  0  0.995976  -0.0756789  -0.0480041  0  0.417196  -0.0436888  0.778624  1  
0.0444743  -0.048151  0.99784  0  -0.0778091  -0.995961  -0.0445923  0  0.995976  -0.0756593  -0.0480422  0  0.417211  -0.0436831  0.778606  1  
0.0445107  -0.0481598  0.997838  0  -0.0777882  -0.995962  -0.0445994  0  0.995976  -0.0756363  -0.0480782  0  0.417228  -0.0436755  0.778591  1  
0.0445492  -0.0481578  0.997836  0  -0.0777653  -0.995964  -0.0445955  0  0.995976  -0.0756118  -0.0481154  0  0.417242  -0.0436651  0.778573  1  
0.0445969  -0.0481554  0.997834  0  -0.0777424  -0.995966  -0.0445906  0  0.995975  -0.0755869  -0.0481616  0  0.41726  -0.0436553  0.778552  1  
0.0446383  -0.0481585  0.997832  0  -0.0777207  -0.995968  -0.0445917  0  0.995975  -0.0755632  -0.0482022  0  0.417276  -0.0436478  0.778533  1  
0.0446836  -0.0481612  0.99783  0  -0.077696  -0.99597  -0.0445921  0  0.995975  -0.0755363  -0.0482463  0  0.417295  -0.0436359  0.778513  1  
0.0447243  -0.0481695  0.997828  0  -0.0776787  -0.995971  -0.0445981  0  0.995975  -0.0755168  -0.0482868  0  0.417311  -0.0436297  0.778495  1  
0.0447648  -0.0481621  0.997826  0  -0.0776577  -0.995973  -0.0445887  0  0.995975  -0.0754943  -0.0483256  0  0.417328  -0.0436196  0.778475  1  
0.0448082  -0.0481572  0.997825  0  -0.0776382  -0.995975  -0.0445815  0  0.995974  -0.0754732  -0.0483676  0  0.417345  -0.0436126  0.778456  1  
0.0448535  -0.0481637  0.997822  0  -0.0776229  -0.995976  -0.0445853  0  0.995973  -0.0754555  -0.0484126  0  0.417362  -0.0436069  0.778436  1  
0.0449065  -0.04816  0.99782  0  -0.0776  -0.995978  -0.0445787  0  0.995973  -0.0754304  -0.048464  0  0.417382  -0.0435965  0.778412  1  
0.0449391  -0.048166  0.997818  0  -0.0775862  -0.995979  -0.0445829  0  0.995972  -0.0754149  -0.0484963  0  0.417396  -0.0435909  0.778397  1  
0.0449801  -0.0481731  0.997816  0  -0.0775713  -0.99598  -0.0445876  0  0.995972  -0.0753978  -0.048537  0  0.417413  -0.043586  0.778378  1  
0.0450358  -0.0481717  0.997814  0  -0.0775556  -0.995981  -0.0445828  0  0.99597  -0.0753797  -0.0485917  0  0.417434  -0.0435797  0.778353  1  
0.0450847  -0.0481764  0.997811  0  -0.0775379  -0.995982  -0.0445847  0  0.995969  -0.0753595  -0.04864  0  0.417452  -0.0435734  0.778332  1  
0.0451306  -0.0481763  0.997809  0  -0.0775247  -0.995983  -0.0445817  0  0.995968  -0.0753444  -0.0486851  0  0.41747  -0.0435691  0.77831  1  
0.0451775  -0.048183  0.997807  0  -0.077507  -0.995985  -0.0445857  0  0.995968  -0.0753242  -0.0487316  0  0.417489  -0.043562  0.778289  1  
0.0452284  -0.0481917  0.997804  0  -0.0774934  -0.995986  -0.0445913  0  0.995966  -0.0753079  -0.0487823  0  0.417509  -0.043557  0.778264  1  
0.0452741  -0.048194  0.997802  0  -0.0774821  -0.995986  -0.0445907  0  0.995965  -0.0752944  -0.0488275  0  0.417527  -0.0435532  0.778243  1  
0.0453241  -0.0481925  0.9978  0  -0.0774676  -0.995988  -0.0445861  0  0.995964  -0.0752778  -0.0488766  0  0.417548  -0.0435478  0.778221  1  
0.0453785  -0.0481957  0.997797  0  -0.0774557  -0.995989  -0.0445858  0  0.995962  -0.0752632  -0.0489305  0  0.417569  -0.0435432  0.778196  1  
0.0454229  -0.0481987  0.997795  0  -0.0774422  -0.99599  -0.0445861  0  0.995962  -0.0752476  -0.0489743  0  0.417586  -0.0435376  0.778175  1  
0.0454727  -0.0482083  0.997792  0  -0.0774295  -0.99599  -0.0445925  0  0.99596  -0.0752322  -0.049024  0  0.417607  -0.0435333  0.778152  1  
0.0455311  -0.0482112  0.997789  0  -0.0774154  -0.995992  -0.0445918  0  0.995959  -0.0752154  -0.0490818  0  0.417629  -0.0435275  0.778126  1  
0.0455832  -0.0482104  0.997787  0  -0.0774053  -0.995993  -0.0445875  0  0.995957  -0.075203  -0.0491332  0  0.41765  -0.0435239  0.778102  1  
0.0456414  -0.0482083  0.997784  0  -0.0773892  -0.995994  -0.0445818  0  0.995956  -0.0751844  -0.0491904  0  0.417672  -0.043518  0.778076  1  
0.0456979  -0.0482176  0.997781  0  -0.0773821  -0.995994  -0.0445872  0  0.995954  -0.0751743  -0.0492469  0  0.417694  -0.0435163  0.77805  1  
0.0457502  -0.0482252  0.997779  0  -0.0773668  -0.995995  -0.0445916  0  0.995952  -0.0751563  -0.0492989  0  0.417715  -0.0435107  0.778026  1  
0.0458088  -0.0482286  0.997776  0  -0.0773567  -0.995996  -0.0445911  0  0.99595  -0.0751434  -0.0493571  0  0.417738  -0.0435083  0.777998  1  
0.0458673  -0.0482305  0.997773  0  -0.0773408  -0.995997  -0.0445894  0  0.995949  -0.0751248  -0.0494148  0  0.417762  -0.0435015  0.777972  1  
0.045931  -0.0482389  0.99777  0  -0.0773273  -0.995998  -0.0445936  0  0.995947  -0.0751081  -0.0494784  0  0.417786  -0.0434965  0.777943  1  
0.0459931  -0.0482374  0.997767  0  -0.0773168  -0.995999  -0.044588  0  0.995945  -0.0750948  -0.0495396  0  0.417811  -0.043493  0.777915  1  
0.0460526  -0.0482412  0.997764  0  -0.0773013  -0.996001  -0.0445881  0  0.995944  -0.0750765  -0.0495984  0  0.417835  -0.0434866  0.777887  1  
0.0461117  -0.0482545  0.99776  0  -0.0773058  -0.996  -0.0445967  0  0.99594  -0.0750777  -0.0496586  0  0.417858  -0.0434903  0.777858  1  
0.0461782  -0.0482577  0.997757  0  -0.0772916  -0.996001  -0.0445956  0  0.995938  -0.0750604  -0.0497244  0  0.417884  -0.0434857  0.777828  1  
0.0462342  -0.0482589  0.997755  0  -0.0772851  -0.996002  -0.0445928  0  0.995936  -0.0750513  -0.04978  0  0.417907  -0.0434841  0.777801  1  
0.0463018  -0.048258  0.997752  0  -0.0772734  -0.996003  -0.0445874  0  0.995934  -0.0750366  -0.0498467  0  0.417935  -0.0434799  0.777769  1  
0.0463605  -0.0482724  0.997748  0  -0.0772658  -0.996003  -0.0445978  0  0.995932  -0.0750257  -0.0499059  0  0.417958  -0.0434782  0.777742  1  
0.0464143  -0.048281  0.997745  0  -0.0772595  -0.996003  -0.0446026  0  0.99593  -0.0750166  -0.0499599  0  0.41798  -0.0434781  0.777716  1  
0.0464772  -0.048281  0.997742  0  -0.0772477  -0.996004  -0.0445985  0  0.995928  -0.0750019  -0.0500221  0  0.418007  -0.0434734  0.777686  1  
0.0465408  -0.0482831  0.997739  0  -0.0772368  -0.996005  -0.0445964  0  0.995926  -0.0749881  -0.0500851  0  0.418032  -0.0434696  0.777655  1  
0.0466024  -0.0482971  0.997736  0  -0.0772318  -0.996005  -0.044606  0  0.995923  -0.0749796  -0.0501472  0  0.418057  -0.0434697  0.777626  1  
0.0466608  -0.0483048  0.997733  0  -0.0772236  -0.996006  -0.0446097  0  0.995921  -0.0749684  -0.0502057  0  0.418081  -0.0434682  0.777598  1  
0.046727  -0.0483084  0.997729  0  -0.077217  -0.996006  -0.0446086  0  0.995919  -0.0749587  -0.0502716  0  0.418106  -0.0434653  0.777567  1  
0.0467932  -0.048322  0.997725  0  -0.0772143  -0.996006  -0.0446174  0  0.995916  -0.0749524  -0.0503385  0  0.418131  -0.0434684  0.777536  1  
0.0468608  -0.0483142  0.997723  0  -0.0772075  -0.996007  -0.0446048  0  0.995913  -0.0749429  -0.0504049  0  0.418157  -0.0434647  0.777505  1  
0.0469306  -0.0483233  0.997719  0  -0.0771987  -0.996008  -0.0446092  0  0.99591  -0.0749305  -0.0504747  0  0.418185  -0.0434627  0.777473  1  
0.047  -0.0483343  0.997715  0  -0.0771943  -0.996008  -0.0446151  0  0.995908  -0.0749225  -0.0505445  0  0.418211  -0.043462  0.77744  1  
0.04707  -0.0483368  0.997712  0  -0.0771847  -0.996009  -0.0446129  0  0.995905  -0.0749096  -0.050614  0  0.418238  -0.0434592  0.777407  1  
0.0471438  -0.0483427  0.997708  0  -0.0771774  -0.996009  -0.0446136  0  0.995902  -0.0748987  -0.0506876  0  0.418266  -0.0434577  0.777373  1  
0.047217  -0.0483474  0.997704  0  -0.0771626  -0.99601  -0.0446136  0  0.9959  -0.0748804  -0.0507602  0  0.418293  -0.0434525  0.777339  1  
0.0472903  -0.0483567  0.9977  0  -0.0771587  -0.99601  -0.0446175  0  0.995897  -0.0748727  -0.0508338  0  0.418322  -0.043452  0.777304  1  
0.0473654  -0.0483661  0.997696  0  -0.0771545  -0.99601  -0.0446215  0  0.995893  -0.0748647  -0.0509091  0  0.418352  -0.0434523  0.777269  1  
0.047437  -0.0483775  0.997692  0  -0.077147  -0.996011  -0.0446279  0  0.995891  -0.0748534  -0.0509809  0  0.418379  -0.0434495  0.777236  1  
0.0475141  -0.0483821  0.997688  0  -0.0771373  -0.996012  -0.0446272  0  0.995888  -0.0748401  -0.0510577  0  0.418409  -0.0434465  0.777199  1  
0.0475934  -0.0483834  0.997685  0  -0.0771292  -0.996012  -0.044623  0  0.995884  -0.0748283  -0.0511364  0  0.418439  -0.0434449  0.777162  1  
0.0476699  -0.048384  0.997681  0  -0.0771242  -0.996013  -0.0446181  0  0.995881  -0.0748198  -0.0512124  0  0.418468  -0.0434441  0.777125  1  
0.0477515  -0.0484011  0.997676  0  -0.0771194  -0.996013  -0.0446292  0  0.995878  -0.0748105  -0.0512948  0  0.418499  -0.0434449  0.777087  1  
0.0478227  -0.0484022  0.997673  0  -0.077107  -0.996014  -0.0446256  0  0.995875  -0.0747949  -0.0513652  0  0.418528  -0.0434398  0.777053  1  
0.0478994  -0.0484132  0.997669  0  -0.0771037  -0.996014  -0.0446311  0  0.995872  -0.0747876  -0.0514423  0  0.418558  -0.0434404  0.777016  1  
0.0479778  -0.0484177  0.997665  0  -0.0771005  -0.996014  -0.0446298  0  0.995868  -0.0747806  -0.0515205  0  0.418589  -0.0434412  0.776979  1  
0.0480522  -0.0484245  0.997661  0  -0.0770947  -0.996015  -0.0446313  0  0.995865  -0.0747712  -0.051595  0  0.418617  -0.0434407  0.776943  1  
0.0481298  -0.0484345  0.997656  0  -0.0770895  -0.996015  -0.0446358  0  0.995862  -0.0747619  -0.0516728  0  0.418648  -0.0434399  0.776905  1  
0.0482136  -0.0484416  0.997652  0  -0.0770777  -0.996016  -0.0446372  0  0.995859  -0.0747461  -0.0517563  0  0.41868  -0.0434357  0.776867  1  
0.0482871  -0.0484572  0.997648  0  -0.0770772  -0.996015  -0.0446473  0  0.995855  -0.0747414  -0.0518307  0  0.418709  -0.0434388  0.776831  1  
0.0483738  -0.0484535  0.997644  0  -0.0770714  -0.996016  -0.0446374  0  0.995851  -0.074732  -0.0519165  0  0.41874  -0.0434376  0.77679  1  
0.0484542  -0.0484602  0.997639  0  -0.0770688  -0.996016  -0.0446382  0  0.995848  -0.0747255  -0.051997  0  0.418772  -0.0434394  0.776752  1  
0.0485348  -0.0484696  0.997635  0  -0.0770642  -0.996017  -0.0446418  0  0.995844  -0.0747167  -0.0520777  0  0.418804  -0.0434387  0.776713  1  
0.0486184  -0.0484803  0.997631  0  -0.0770587  -0.996017  -0.0446465  0  0.99584  -0.0747069  -0.0521616  0  0.418837  -0.0434389  0.776672  1  
0.0486956  -0.0484945  0.997626  0  -0.0770563  -0.996017  -0.044655  0  0.995837  -0.0747003  -0.0522394  0  0.418867  -0.0434406  0.776636  1  
0.0487811  -0.0485022  0.997622  0  -0.0770534  -0.996017  -0.0446565  0  0.995833  -0.0746932  -0.0523251  0  0.418901  -0.0434414  0.776595  1  
0.0488647  -0.0485071  0.997617  0  -0.0770505  -0.996017  -0.0446552  0  0.995829  -0.0746862  -0.0524086  0  0.418933  -0.0434425  0.776555  1  
0.0489475  -0.0485194  0.997613  0  -0.0770429  -0.996017  -0.0446617  0  0.995825  -0.0746743  -0.0524917  0  0.418965  -0.0434409  0.776515  1  
0.0490306  -0.0485316  0.997608  0  -0.0770432  -0.996017  -0.0446677  0  0.995821  -0.0746703  -0.0525754  0  0.418998  -0.0434434  0.776475  1  
0.0491037  -0.0485406  0.997604  0  -0.0770372  -0.996017  -0.0446715  0  0.995818  -0.0746605  -0.0526485  0  0.419029  -0.0434441  0.776438  1  
0.0491924  -0.0485468  0.997599  0  -0.0770368  -0.996017  -0.0446711  0  0.995814  -0.0746558  -0.0527374  0  0.419063  -0.0434445  0.776395  1  
0.0492716  -0.0485599  0.997595  0  -0.0770287  -0.996018  -0.0446787  0  0.995811  -0.0746435  -0.0528169  0  0.419095  -0.043444  0.776356  1  
0.0493608  -0.0485674  0.99759  0  -0.0770302  -0.996017  -0.0446794  0  0.995806  -0.0746406  -0.0529064  0  0.419131  -0.0434473  0.776313  1  
0.0494423  -0.0485759  0.997585  0  -0.0770298  -0.996017  -0.0446818  0  0.995802  -0.0746361  -0.0529882  0  0.419164  -0.0434511  0.776273  1  
0.0495234  -0.0485857  0.997581  0  -0.0770261  -0.996018  -0.0446857  0  0.995798  -0.0746282  -0.0530696  0  0.419197  -0.043452  0.776232  1  
0.0496019  -0.0485968  0.997576  0  -0.0770251  -0.996017  -0.044691  0  0.995794  -0.0746231  -0.0531486  0  0.41923  -0.0434542  0.776192  1  
0.0496873  -0.0486077  0.997572  0  -0.0770267  -0.996017  -0.0446954  0  0.99579  -0.0746203  -0.0532345  0  0.419265  -0.0434583  0.776149  1  
0.0497735  -0.0486196  0.997567  0  -0.0770228  -0.996017  -0.044701  0  0.995786  -0.0746119  -0.0533211  0  0.4193  -0.04346  0.776107  1  
0.0498497  -0.0486282  0.997563  0  -0.0770208  -0.996017  -0.044704  0  0.995782  -0.074606  -0.0533975  0  0.419333  -0.0434611  0.776068  1  
0.0499389  -0.0486353  0.997558  0  -0.0770161  -0.996017  -0.0447047  0  0.995778  -0.074597  -0.0534867  0  0.419369  -0.0434604  0.776023  1  
0.05002  -0.0486524  0.997553  0  -0.077018  -0.996017  -0.0447156  0  0.995774  -0.0745943  -0.0535689  0  0.419404  -0.0434648  0.775982  1  
0.0501056  -0.0486545  0.997548  0  -0.0770144  -0.996017  -0.0447115  0  0.99577  -0.0745867  -0.0536541  0  0.419439  -0.0434649  0.77594  1  
0.0501966  -0.0486661  0.997543  0  -0.0770149  -0.996017  -0.0447163  0  0.995765  -0.0745825  -0.0537458  0  0.419476  -0.0434679  0.775895  1  
0.0502752  -0.0486791  0.997539  0  -0.0770195  -0.996016  -0.0447231  0  0.995761  -0.0745829  -0.0538252  0  0.419509  -0.0434749  0.775855  1  
0.0503666  -0.0486866  0.997534  0  -0.0770118  -0.996017  -0.0447242  0  0.995757  -0.0745707  -0.0539165  0  0.419546  -0.0434735  0.77581  1  
0.0504511  -0.0487002  0.997529  0  -0.0770132  -0.996016  -0.0447314  0  0.995753  -0.0745676  -0.0540017  0  0.41958  -0.0434779  0.775768  1  
0.0505443  -0.0487135  0.997523  0  -0.0770161  -0.996016  -0.0447375  0  0.995748  -0.0745655  -0.0540957  0  0.419617  -0.0434809  0.775723  1  
0.0506393  -0.0487246  0.997518  0  -0.0770123  -0.996016  -0.0447416  0  0.995743  -0.0745569  -0.0541909  0  0.419655  -0.0434825  0.775676  1  
0.0507251  -0.0487308  0.997513  0  -0.0770129  -0.996016  -0.0447415  0  0.995739  -0.0745533  -0.054277  0  0.41969  -0.0434854  0.775634  1  
0.0508284  -0.0487464  0.997507  0  -0.0770099  -0.996016  -0.0447494  0  0.995734  -0.0745448  -0.0543809  0  0.41973  -0.0434872  0.775584  1  
0.0509157  -0.0487605  0.997502  0  -0.0770103  -0.996016  -0.044757  0  0.995729  -0.0745405  -0.054469  0  0.419766  -0.0434906  0.775541  1  
0.0510094  -0.0487744  0.997497  0  -0.0770126  -0.996015  -0.0447637  0  0.995724  -0.0745379  -0.0545634  0  0.419803  -0.0434946  0.775496  1  
0.0511036  -0.048788  0.997491  0  -0.077012  -0.996015  -0.0447703  0  0.99572  -0.0745324  -0.0546582  0  0.419841  -0.0434983  0.77545  1  
0.0512007  -0.0487927  0.997486  0  -0.0770095  -0.996015  -0.0447679  0  0.995715  -0.0745252  -0.0547552  0  0.419878  -0.0434996  0.775401  1  
0.0512942  -0.0488038  0.997481  0  -0.0770075  -0.996015  -0.044772  0  0.99571  -0.0745184  -0.0548492  0  0.419917  -0.0435011  0.775357  1  
0.051381  -0.0488187  0.997476  0  -0.0770117  -0.996014  -0.0447802  0  0.995705  -0.0745179  -0.0549369  0  0.419951  -0.0435072  0.775314  1  
0.0514771  -0.0488322  0.99747  0  -0.0770107  -0.996014  -0.0447866  0  0.9957  -0.0745118  -0.0550336  0  0.419991  -0.0435088  0.775267  1  
0.0515685  -0.0488414  0.997465  0  -0.0770103  -0.996014  -0.044789  0  0.995696  -0.0745068  -0.0551254  0  0.420028  -0.0435118  0.775222  1  
0.0516662  -0.0488518  0.997459  0  -0.0770076  -0.996014  -0.0447922  0  0.995691  -0.0744991  -0.0552233  0  0.420069  -0.0435131  0.775175  1  
0.0517611  -0.0488591  0.997454  0  -0.0770048  -0.996014  -0.0447926  0  0.995686  -0.0744916  -0.0553182  0  0.420107  -0.0435163  0.775128  1  
0.0518643  -0.0488749  0.997448  0  -0.0770026  -0.996014  -0.0448008  0  0.995681  -0.074484  -0.0554221  0  0.420149  -0.0435177  0.775079  1  
0.0519678  -0.0488819  0.997442  0  -0.0770047  -0.996014  -0.0447999  0  0.995675  -0.074481  -0.0555259  0  0.420189  -0.0435211  0.77503  1  
0.0520647  -0.0488988  0.997436  0  -0.0770067  -0.996013  -0.0448094  0  0.99567  -0.0744777  -0.0556238  0  0.42023  -0.0435252  0.774982  1  
0.0521665  -0.0489145  0.99743  0  -0.0770064  -0.996013  -0.0448175  0  0.995665  -0.074472  -0.0557264  0  0.42027  -0.0435297  0.774933  1  
0.0522641  -0.0489269  0.997424  0  -0.0770092  -0.996013  -0.0448225  0  0.99566  -0.0744697  -0.0558246  0  0.420309  -0.0435337  0.774884  1  
0.0523653  -0.048939  0.997418  0  -0.0770072  -0.996013  -0.044827  0  0.995654  -0.0744625  -0.0559263  0  0.420349  -0.0435364  0.774836  1  
0.0524719  -0.0489483  0.997412  0  -0.0770094  -0.996012  -0.0448283  0  0.995649  -0.0744593  -0.0560332  0  0.420391  -0.0435406  0.774786  1  
0.0525713  -0.0489578  0.997407  0  -0.0770078  -0.996012  -0.0448304  0  0.995643  -0.0744527  -0.0561329  0  0.420431  -0.0435416  0.774739  1  
0.05268  -0.0489765  0.9974  0  -0.0770106  -0.996012  -0.0448409  0  0.995637  -0.0744496  -0.0562427  0  0.420475  -0.0435467  0.774686  1  
0.0527722  -0.0489877  0.997395  0  -0.0770129  -0.996011  -0.044845  0  0.995632  -0.0744471  -0.0563355  0  0.420513  -0.0435517  0.77464  1  
0.0528753  -0.0490004  0.997389  0  -0.0770142  -0.996011  -0.04485  0  0.995627  -0.074443  -0.0564392  0  0.420554  -0.0435556  0.77459  1  
0.0529698  -0.0490133  0.997383  0  -0.0770127  -0.996011  -0.0448558  0  0.995622  -0.0744366  -0.0565343  0  0.420593  -0.043558  0.774543  1  
0.0530663  -0.0490328  0.997377  0  -0.0770188  -0.99601  -0.0448678  0  0.995616  -0.0744372  -0.0566321  0  0.420633  -0.0435647  0.774497  1  
0.0531732  -0.0490376  0.997371  0  -0.0770146  -0.99601  -0.0448648  0  0.995611  -0.074428  -0.0567387  0  0.420675  -0.043566  0.774446  1  
0.0532681  -0.0490467  0.997365  0  -0.0770186  -0.99601  -0.0448666  0  0.995606  -0.0744272  -0.0568341  0  0.420714  -0.0435709  0.7744  1  
0.0533617  -0.0490513  0.99736  0  -0.0770179  -0.99601  -0.0448643  0  0.995601  -0.0744219  -0.0569278  0  0.420753  -0.0435721  0.774355  1  
0.0534685  -0.0490676  0.997354  0  -0.0770175  -0.99601  -0.0448725  0  0.995595  -0.0744158  -0.0570353  0  0.420796  -0.043575  0.774304  1  
0.0535712  -0.0490846  0.997347  0  -0.0770202  -0.996009  -0.0448817  0  0.995589  -0.074413  -0.057139  0  0.420839  -0.0435801  0.774253  1  
0.053673  -0.049099  0.997341  0  -0.0770197  -0.996009  -0.0448885  0  0.995584  -0.074407  -0.0572415  0  0.420881  -0.0435822  0.774204  1  
0.0537806  -0.0491078  0.997335  0  -0.0770225  -0.996009  -0.0448891  0  0.995578  -0.0744045  -0.0573494  0  0.420924  -0.0435871  0.774153  1  
0.053888  -0.0491166  0.997329  0  -0.0770272  -0.996008  -0.0448897  0  0.995572  -0.0744039  -0.0574573  0  0.420967  -0.0435927  0.774101  1  
0.0539961  -0.0491325  0.997322  0  -0.0770308  -0.996008  -0.0448972  0  0.995565  -0.0744017  -0.0575664  0  0.42101  -0.0435981  0.774051  1  
0.0541009  -0.0491463  0.997316  0  -0.0770304  -0.996007  -0.0449032  0  0.99556  -0.0743958  -0.0576717  0  0.421053  -0.0436005  0.774001  1  
0.0542093  -0.0491611  0.997309  0  -0.077035  -0.996007  -0.0449097  0  0.995554  -0.0743946  -0.057781  0  0.421096  -0.0436071  0.77395  1  
0.0543198  -0.0491696  0.997303  0  -0.0770449  -0.996006  -0.0449093  0  0.995547  -0.0743991  -0.0578922  0  0.42114  -0.0436149  0.773898  1  
0.0544333  -0.0491845  0.997296  0  -0.0770383  -0.996006  -0.0449161  0  0.995541  -0.0743865  -0.0580061  0  0.421186  -0.0436149  0.773845  1  
0.0545492  -0.0491938  0.997289  0  -0.0770474  -0.996006  -0.0449162  0  0.995534  -0.0743898  -0.0581227  0  0.421232  -0.0436218  0.77379  1  
0.0546554  -0.0492172  0.997282  0  -0.0770551  -0.996004  -0.0449312  0  0.995528  -0.0743914  -0.0582306  0  0.421277  -0.0436298  0.77374  1  
0.0547657  -0.0492348  0.997275  0  -0.0770592  -0.996004  -0.0449403  0  0.995521  -0.0743895  -0.0583419  0  0.421322  -0.0436366  0.773687  1  
0.0548752  -0.0492435  0.997269  0  -0.0770645  -0.996003  -0.0449405  0  0.995515  -0.0743893  -0.0584519  0  0.421368  -0.0436414  0.773634  1  
0.0549827  -0.0492552  0.997262  0  -0.0770714  -0.996002  -0.0449438  0  0.995508  -0.0743907  -0.0585602  0  0.421413  -0.0436478  0.773583  1  
0.0550824  -0.0492651  0.997256  0  -0.0770785  -0.996002  -0.0449458  0  0.995502  -0.0743927  -0.0586606  0  0.421456  -0.0436557  0.773536  1  
0.0551964  -0.0492875  0.997249  0  -0.077082  -0.996001  -0.0449595  0  0.995496  -0.0743897  -0.058776  0  0.421502  -0.04366  0.773481  1  
0.0552969  -0.0492921  0.997243  0  -0.0770858  -0.996001  -0.0449563  0  0.99549  -0.0743887  -0.0588766  0  0.421546  -0.0436636  0.773433  1  
0.0554065  -0.0493088  0.997236  0  -0.0770961  -0.996  -0.0449642  0  0.995483  -0.0743931  -0.0589875  0  0.421594  -0.0436731  0.773381  1  
0.0555101  -0.0493187  0.99723  0  -0.0770981  -0.995999  -0.0449662  0  0.995477  -0.0743899  -0.0590915  0  0.42164  -0.0436763  0.773329  1  
0.0556082  -0.0493348  0.997223  0  -0.0771091  -0.995998  -0.0449743  0  0.995471  -0.0743955  -0.0591909  0  0.421682  -0.0436857  0.773281  1  
0.0557069  -0.0493471  0.997217  0  -0.0771141  -0.995998  -0.044979  0  0.995465  -0.0743954  -0.0592904  0  0.421726  -0.043691  0.773232  1  
0.0558077  -0.0493636  0.997211  0  -0.0771229  -0.995996  -0.0449874  0  0.995458  -0.0743985  -0.0593924  0  0.421772  -0.0436984  0.773183  1  
0.0559104  -0.0493735  0.997205  0  -0.0771285  -0.995996  -0.0449893  0  0.995452  -0.0743989  -0.0594958  0  0.421818  -0.0437039  0.773132  1  
0.0560128  -0.0493813  0.997198  0  -0.0771307  -0.995996  -0.0449893  0  0.995446  -0.074396  -0.0595985  0  0.421864  -0.043708  0.773082  1  
0.0561119  -0.0493882  0.997193  0  -0.07714  -0.995995  -0.0449882  0  0.99544  -0.0744005  -0.0596981  0  0.421908  -0.0437144  0.773034  1  
0.0562139  -0.0494059  0.997186  0  -0.0771471  -0.995994  -0.0449979  0  0.995434  -0.0744019  -0.0598014  0  0.421954  -0.0437221  0.772984  1  
0.0563202  -0.0494213  0.997179  0  -0.0771569  -0.995993  -0.0450047  0  0.995427  -0.074406  -0.0599089  0  0.422002  -0.043729  0.772931  1  
0.0564204  -0.0494352  0.997173  0  -0.0771643  -0.995992  -0.0450107  0  0.995421  -0.074408  -0.06001  0  0.422048  -0.0437367  0.772882  1  
0.0565305  -0.0494439  0.997166  0  -0.0771775  -0.995991  -0.0450103  0  0.995413  -0.0744158  -0.0601209  0  0.422097  -0.0437471  0.772828  1  
0.0566325  -0.0494594  0.99716  0  -0.0771867  -0.99599  -0.0450177  0  0.995407  -0.0744194  -0.0602241  0  0.422144  -0.0437546  0.772779  1  
0.0567376  -0.0494667  0.997153  0  -0.0771925  -0.99599  -0.0450167  0  0.9954  -0.07442  -0.0603297  0  0.422191  -0.0437604  0.772728  1  
0.0568412  -0.0494836  0.997147  0  -0.0772019  -0.995989  -0.0450253  0  0.995394  -0.0744237  -0.0604346  0  0.422238  -0.0437671  0.772679  1  
0.0569451  -0.0494993  0.99714  0  -0.0772096  -0.995988  -0.0450328  0  0.995387  -0.0744258  -0.0605396  0  0.422286  -0.0437746  0.772627  1  
0.0570539  -0.049508  0.997133  0  -0.0772236  -0.995987  -0.0450325  0  0.99538  -0.0744344  -0.0606493  0  0.422337  -0.0437838  0.772575  1  
0.0571598  -0.04952  0.997127  0  -0.0772324  -0.995986  -0.045036  0  0.995373  -0.0744377  -0.0607561  0  0.422386  -0.0437914  0.772523  1  
0.05727  -0.049533  0.99712  0  -0.0772425  -0.995985  -0.0450402  0  0.995366  -0.074442  -0.0608673  0  0.422437  -0.0437991  0.772469  1  
0.057379  -0.049546  0.997113  0  -0.0772495  -0.995984  -0.0450446  0  0.995359  -0.0744432  -0.0609771  0  0.422487  -0.0438048  0.772417  1  
0.0574822  -0.0495606  0.997106  0  -0.0772596  -0.995983  -0.0450508  0  0.995352  -0.0744478  -0.0610815  0  0.422537  -0.0438142  0.772366  1  
0.0575816  -0.0495745  0.9971  0  -0.0772679  -0.995982  -0.0450568  0  0.995346  -0.0744508  -0.0611819  0  0.422584  -0.0438207  0.772318  1  
0.0576958  -0.049578  0.997093  0  -0.0772754  -0.995982  -0.0450513  0  0.995339  -0.0744529  -0.0612963  0  0.422636  -0.0438259  0.772263  1  
0.057807  -0.0495918  0.997086  0  -0.0772859  -0.995981  -0.0450561  0  0.995332  -0.0744576  -0.0614086  0  0.422686  -0.0438347  0.77221  1  
0.0579197  -0.0496097  0.997078  0  -0.0772996  -0.995979  -0.0450647  0  0.995324  -0.074465  -0.0615228  0  0.422738  -0.0438444  0.772155  1  
0.0580329  -0.0496258  0.997071  0  -0.0773068  -0.995978  -0.0450719  0  0.995317  -0.0744661  -0.0616371  0  0.422789  -0.0438507  0.772101  1  
0.0581454  -0.0496311  0.997064  0  -0.0773172  -0.995978  -0.0450682  0  0.995309  -0.0744711  -0.06175  0  0.42284  -0.0438582  0.772048  1  
0.0582631  -0.0496386  0.997057  0  -0.0773233  -0.995977  -0.0450664  0  0.995302  -0.0744714  -0.0618681  0  0.422893  -0.043864  0.771993  1  
0.0583665  -0.0496566  0.99705  0  -0.0773371  -0.995976  -0.0450758  0  0.995295  -0.0744795  -0.0619732  0  0.422942  -0.0438746  0.771943  1  
0.0584812  -0.0496733  0.997042  0  -0.0773491  -0.995975  -0.0450832  0  0.995287  -0.0744852  -0.0620892  0  0.422995  -0.0438841  0.771889  1  
0.0586002  -0.04969  0.997034  0  -0.0773611  -0.995973  -0.0450902  0  0.995279  -0.0744908  -0.0622096  0  0.423049  -0.0438925  0.771832  1  
0.0587167  -0.0497005  0.997027  0  -0.0773717  -0.995972  -0.0450914  0  0.995272  -0.0744955  -0.0623268  0  0.423103  -0.0439012  0.771776  1  
0.0588328  -0.0497106  0.99702  0  -0.0773795  -0.995972  -0.0450923  0  0.995264  -0.0744974  -0.0624436  0  0.423156  -0.0439071  0.771722  1  
0.0589499  -0.0497263  0.997012  0  -0.0773939  -0.99597  -0.0450983  0  0.995256  -0.0745056  -0.0625621  0  0.42321  -0.0439172  0.771667  1  
0.059065  -0.0497406  0.997004  0  -0.0774061  -0.995969  -0.0451032  0  0.995248  -0.0745117  -0.0626783  0  0.423263  -0.0439271  0.771613  1  
0.0591785  -0.0497501  0.996997  0  -0.0774172  -0.995968  -0.0451035  0  0.995241  -0.074517  -0.0627927  0  0.423316  -0.0439348  0.771559  1  
0.0592899  -0.0497637  0.99699  0  -0.0774301  -0.995967  -0.0451079  0  0.995233  -0.074524  -0.0629052  0  0.423369  -0.0439437  0.771507  1  
0.0594154  -0.049781  0.996982  0  -0.0774459  -0.995966  -0.0451148  0  0.995224  -0.0745331  -0.0630323  0  0.423426  -0.0439547  0.771447  1  
0.0595393  -0.049786  0.996974  0  -0.0774553  -0.995965  -0.04511  0  0.995216  -0.0745366  -0.0631565  0  0.423483  -0.0439621  0.77139  1  
0.0596517  -0.0498044  0.996966  0  -0.0774695  -0.995964  -0.045119  0  0.995209  -0.0745445  -0.0632705  0  0.423538  -0.0439723  0.771337  1  
0.0597611  -0.049817  0.996959  0  -0.0774835  -0.995962  -0.0451226  0  0.995201  -0.0745527  -0.063381  0  0.423592  -0.0439824  0.771284  1  
0.0598819  -0.0498358  0.996951  0  -0.0774971  -0.995961  -0.0451314  0  0.995193  -0.0745597  -0.0635034  0  0.423648  -0.0439927  0.771227  1  
0.0599963  -0.049846  0.996944  0  -0.0775036  -0.99596  -0.0451326  0  0.995185  -0.0745603  -0.0636184  0  0.423703  -0.0439996  0.771174  1  
0.0601187  -0.0498606  0.996936  0  -0.0775196  -0.995959  -0.045137  0  0.995177  -0.0745699  -0.0637422  0  0.423761  -0.04401  0.771116  1  
0.060228  -0.0498737  0.996928  0  -0.0775348  -0.995958  -0.045141  0  0.995169  -0.0745794  -0.0638527  0  0.423817  -0.044021  0.771064  1  
0.0603512  -0.0498941  0.99692  0  -0.0775466  -0.995956  -0.0451514  0  0.99516  -0.0745842  -0.0639775  0  0.423876  -0.0440297  0.771005  1  
0.060463  -0.0499104  0.996912  0  -0.0775651  -0.995954  -0.0451581  0  0.995152  -0.0745966  -0.064091  0  0.423932  -0.0440429  0.770953  1  
0.0605801  -0.0499191  0.996905  0  -0.0775781  -0.995953  -0.0451572  0  0.995144  -0.0746037  -0.0642089  0  0.423988  -0.0440522  0.770897  1  
0.0606932  -0.0499254  0.996897  0  -0.0775927  -0.995952  -0.045154  0  0.995136  -0.0746129  -0.0643226  0  0.424044  -0.0440618  0.770844  1  
0.0608169  -0.0499473  0.996889  0  -0.0776052  -0.995951  -0.0451659  0  0.995127  -0.0746183  -0.064448  0  0.424104  -0.0440721  0.770787  1  
0.0609341  -0.0499609  0.996881  0  -0.0776154  -0.99595  -0.04517  0  0.995119  -0.0746224  -0.0645663  0  0.424163  -0.0440811  0.770733  1  
0.0610608  -0.0499749  0.996873  0  -0.0776295  -0.995949  -0.0451735  0  0.995111  -0.0746298  -0.0646942  0  0.424223  -0.0440906  0.770674  1  
0.0611796  -0.0499859  0.996865  0  -0.0776455  -0.995947  -0.0451747  0  0.995102  -0.0746397  -0.0648141  0  0.424282  -0.0441018  0.77062  1  
0.0612915  -0.050001  0.996857  0  -0.0776636  -0.995946  -0.0451801  0  0.995094  -0.0746518  -0.0649275  0  0.42434  -0.0441136  0.770566  1  
0.0614095  -0.050015  0.996849  0  -0.0776702  -0.995945  -0.0451849  0  0.995086  -0.0746521  -0.0650464  0  0.424398  -0.0441216  0.770512  1  
0.0615288  -0.0500278  0.996841  0  -0.0776901  -0.995943  -0.0451874  0  0.995077  -0.0746658  -0.0651672  0  0.424457  -0.0441341  0.770457  1  
