0.043295  -0.0484879  0.997875  0  -0.0797182  -0.995795  -0.0449281  0  0.995877  -0.0776051  -0.0469792  0  0.416699  -0.0444678  0.779107  1  
0.0432987  -0.0484859  0.997875  0  -0.0797214  -0.995795  -0.0449256  0  0.995876  -0.0776082  -0.0469829  0  0.416699  -0.0444692  0.779104  1  
0.0432997  -0.0484891  0.997875  0  -0.0797219  -0.995794  -0.0449287  0  0.995876  -0.0776086  -0.0469841  0  0.4167  -0.0444691  0.779104  1  
0.0432948  -0.0484887  0.997875  0  -0.0797203  -0.995795  -0.0449287  0  0.995877  -0.0776072  -0.0469792  0  0.416699  -0.044469  0.779106  1  
0.0433022  -0.0484822  0.997875  0  -0.0797198  -0.995795  -0.0449218  0  0.995876  -0.0776067  -0.046986  0  0.416701  -0.0444684  0.779103  1  
0.0433028  -0.0484836  0.997875  0  -0.0797211  -0.995795  -0.044923  0  0.995876  -0.0776079  -0.0469868  0  0.416701  -0.0444694  0.779101  1  
0.0433007  -0.0484862  0.997875  0  -0.0797205  -0.995795  -0.0449258  0  0.995876  -0.0776073  -0.0469849  0  0.4167  -0.0444696  0.779102  1  
0.0433048  -0.0484811  0.997875  0  -0.0797192  -0.995795  -0.0449204  0  0.995876  -0.077606  -0.0469885  0  0.416701  -0.044469  0.779098  1  
0.0433019  -0.0484765  0.997876  0  -0.0797197  -0.995795  -0.044916  0  0.995876  -0.0776069  -0.0469853  0  0.416701  -0.0444691  0.779098  1  
0.0433028  -0.0484721  0.997876  0  -0.0797139  -0.995796  -0.0449118  0  0.995877  -0.0776013  -0.0469856  0  0.416702  -0.0444654  0.779096  1  
0.04331  -0.0484662  0.997876  0  -0.07971  -0.995796  -0.0449056  0  0.995877  -0.0775973  -0.0469921  0  0.416705  -0.0444626  0.779093  1  
0.043308  -0.0484727  0.997876  0  -0.079709  -0.995796  -0.0449123  0  0.995877  -0.0775961  -0.0469905  0  0.416704  -0.0444656  0.779092  1  
0.0433101  -0.0484732  0.997875  0  -0.0797013  -0.995797  -0.044913  0  0.995877  -0.0775883  -0.0469923  0  0.416705  -0.0444609  0.779091  1  
0.0433115  -0.0484784  0.997875  0  -0.0797036  -0.995796  -0.044918  0  0.995877  -0.0775903  -0.0469942  0  0.416705  -0.0444632  0.77909  1  
0.0433153  -0.0484782  0.997875  0  -0.0796968  -0.995797  -0.0449178  0  0.995878  -0.0775833  -0.0469977  0  0.416706  -0.0444604  0.779088  1  
0.0433234  -0.0484783  0.997875  0  -0.0796905  -0.995797  -0.0449175  0  0.995878  -0.0775767  -0.0470055  0  0.416707  -0.0444587  0.779083  1  
0.0433257  -0.0484856  0.997874  0  -0.0796904  -0.995797  -0.0449247  0  0.995878  -0.077576  -0.0470083  0  0.416708  -0.0444587  0.779082  1  
0.0433321  -0.04848  0.997874  0  -0.0796818  -0.995798  -0.044919  0  0.995878  -0.0775674  -0.0470139  0  0.416709  -0.0444547  0.779079  1  
0.0433267  -0.0484774  0.997874  0  -0.0796766  -0.995799  -0.0449171  0  0.995879  -0.0775627  -0.0470081  0  0.416706  -0.044453  0.779082  1  
0.0433369  -0.0484761  0.997874  0  -0.0796649  -0.9958  -0.0449155  0  0.995879  -0.0775506  -0.0470176  0  0.41671  -0.0444488  0.779077  1  
0.0433418  -0.0484746  0.997874  0  -0.0796544  -0.995801  -0.0449142  0  0.99588  -0.0775399  -0.0470219  0  0.416711  -0.0444441  0.779074  1  
0.0433486  -0.0484751  0.997874  0  -0.0796443  -0.995801  -0.0449146  0  0.99588  -0.0775295  -0.0470282  0  0.416714  -0.0444397  0.779071  1  
0.0433512  -0.0484709  0.997874  0  -0.0796293  -0.995803  -0.0449109  0  0.995881  -0.0775145  -0.0470298  0  0.416716  -0.0444332  0.779069  1  
0.0433545  -0.0484683  0.997874  0  -0.0796238  -0.995803  -0.0449083  0  0.995882  -0.077509  -0.0470327  0  0.416718  -0.0444308  0.779067  1  
0.04336  -0.0484663  0.997874  0  -0.0796086  -0.995805  -0.0449066  0  0.995883  -0.0774937  -0.0470374  0  0.41672  -0.0444256  0.779064  1  
0.0433642  -0.048463  0.997874  0  -0.0795945  -0.995806  -0.0449037  0  0.995884  -0.0774796  -0.0470406  0  0.416722  -0.0444185  0.779062  1  
0.0433707  -0.0484636  0.997873  0  -0.0795882  -0.995806  -0.0449041  0  0.995884  -0.0774729  -0.0470468  0  0.416724  -0.044417  0.77906  1  
0.0433764  -0.0484655  0.997873  0  -0.0795751  -0.995807  -0.0449061  0  0.995885  -0.0774595  -0.047052  0  0.416727  -0.0444129  0.779057  1  
0.0433849  -0.0484691  0.997872  0  -0.0795631  -0.995808  -0.0449096  0  0.995885  -0.0774469  -0.0470603  0  0.416731  -0.0444081  0.779055  1  
0.0433927  -0.0484633  0.997872  0  -0.0795517  -0.995809  -0.0449038  0  0.995886  -0.0774355  -0.0470671  0  0.416734  -0.0444032  0.779051  1  
0.0434055  -0.0484595  0.997872  0  -0.079531  -0.995811  -0.0449  0  0.995887  -0.0774143  -0.0470786  0  0.41674  -0.0443939  0.779046  1  
0.0434131  -0.0484601  0.997872  0  -0.0795172  -0.995812  -0.0449006  0  0.995888  -0.0774002  -0.0470856  0  0.416743  -0.044388  0.779043  1  
0.0434231  -0.0484601  0.997871  0  -0.079503  -0.995813  -0.0449005  0  0.995888  -0.0773855  -0.0470949  0  0.416748  -0.0443808  0.779039  1  
0.0434328  -0.0484592  0.997871  0  -0.0794891  -0.995814  -0.0448995  0  0.995889  -0.0773712  -0.0471039  0  0.416752  -0.0443755  0.779035  1  
0.0434353  -0.0484526  0.997871  0  -0.079472  -0.995816  -0.0448935  0  0.99589  -0.0773543  -0.0471051  0  0.416755  -0.0443678  0.779034  1  
0.043451  -0.0484485  0.99787  0  -0.0794615  -0.995817  -0.0448887  0  0.99589  -0.0773433  -0.04712  0  0.416761  -0.0443633  0.779027  1  
0.043456  -0.0484559  0.99787  0  -0.0794474  -0.995818  -0.0448965  0  0.995891  -0.0773286  -0.0471249  0  0.416764  -0.0443581  0.779025  1  
0.0434667  -0.048454  0.99787  0  -0.0794302  -0.995819  -0.0448945  0  0.995892  -0.077311  -0.0471346  0  0.416769  -0.0443504  0.77902  1  
0.0434706  -0.0484536  0.997869  0  -0.0794157  -0.99582  -0.0448945  0  0.995893  -0.0772964  -0.0471377  0  0.416772  -0.044344  0.779019  1  
0.0434809  -0.0484481  0.997869  0  -0.0794001  -0.995822  -0.044889  0  0.995894  -0.0772806  -0.0471469  0  0.416777  -0.0443377  0.779015  1  
0.0434958  -0.0484462  0.997869  0  -0.0793849  -0.995823  -0.0448866  0  0.995895  -0.0772648  -0.0471609  0  0.416783  -0.0443306  0.779009  1  
0.0435044  -0.048448  0.997868  0  -0.0793708  -0.995824  -0.0448884  0  0.995895  -0.0772502  -0.047169  0  0.416787  -0.0443253  0.779006  1  
0.0435172  -0.0484506  0.997867  0  -0.079355  -0.995825  -0.0448908  0  0.995896  -0.0772338  -0.0471812  0  0.416793  -0.0443188  0.779001  1  
0.0435305  -0.0484453  0.997867  0  -0.0793409  -0.995827  -0.0448851  0  0.995897  -0.0772193  -0.0471934  0  0.416798  -0.0443127  0.778996  1  
0.0435464  -0.0484439  0.997867  0  -0.0793195  -0.995829  -0.0448835  0  0.995898  -0.0771972  -0.0472082  0  0.416805  -0.0443036  0.778989  1  
0.0435566  -0.0484427  0.997866  0  -0.0793041  -0.99583  -0.0448822  0  0.995898  -0.0771815  -0.0472176  0  0.41681  -0.0442973  0.778985  1  
0.0435737  -0.0484452  0.997865  0  -0.0792921  -0.995831  -0.0448839  0  0.995899  -0.0771685  -0.0472343  0  0.416817  -0.0442937  0.778977  1  
0.0435829  -0.04845  0.997865  0  -0.0792778  -0.995832  -0.0448888  0  0.995899  -0.0771536  -0.0472432  0  0.416822  -0.0442881  0.778973  1  
0.0436004  -0.048446  0.997864  0  -0.0792585  -0.995833  -0.0448843  0  0.9959  -0.0771338  -0.0472594  0  0.416831  -0.0442796  0.778967  1  
0.0436186  -0.0484483  0.997863  0  -0.0792432  -0.995835  -0.0448859  0  0.9959  -0.0771175  -0.047277  0  0.416838  -0.0442741  0.778958  1  
0.043628  -0.0484455  0.997863  0  -0.0792285  -0.995836  -0.0448832  0  0.995901  -0.0771025  -0.0472855  0  0.416843  -0.0442685  0.778955  1  
0.0436464  -0.0484454  0.997862  0  -0.0792128  -0.995837  -0.0448824  0  0.995902  -0.0770859  -0.0473032  0  0.416851  -0.0442609  0.778946  1  
0.043663  -0.048448  0.997861  0  -0.0791944  -0.995839  -0.0448845  0  0.995902  -0.0770667  -0.047319  0  0.416859  -0.0442534  0.77894  1  
0.0436842  -0.0484449  0.99786  0  -0.07918  -0.99584  -0.0448805  0  0.995903  -0.0770516  -0.0473392  0  0.416867  -0.0442476  0.77893  1  
0.0437015  -0.0484443  0.99786  0  -0.0791674  -0.995841  -0.0448792  0  0.995903  -0.0770382  -0.0473559  0  0.416874  -0.0442421  0.778923  1  
0.0437179  -0.0484412  0.997859  0  -0.0791506  -0.995842  -0.0448756  0  0.995903  -0.0770208  -0.0473712  0  0.416881  -0.0442353  0.778915  1  
0.0437433  -0.048451  0.997858  0  -0.0791386  -0.995843  -0.044884  0  0.995903  -0.0770072  -0.0473967  0  0.416892  -0.0442315  0.778904  1  
0.0437664  -0.0484507  0.997857  0  -0.0791246  -0.995844  -0.0448826  0  0.995903  -0.0769921  -0.047419  0  0.416902  -0.0442248  0.778895  1  
0.0437915  -0.0484456  0.997856  0  -0.079104  -0.995846  -0.0448765  0  0.995904  -0.0769707  -0.0474427  0  0.41691  -0.0442146  0.778884  1  
0.0438112  -0.0484421  0.997855  0  -0.0790873  -0.995848  -0.0448723  0  0.995904  -0.0769532  -0.0474613  0  0.416921  -0.0442079  0.778875  1  
0.0438369  -0.0484483  0.997854  0  -0.0790789  -0.995848  -0.0448768  0  0.995904  -0.0769434  -0.0474871  0  0.416931  -0.0442056  0.778863  1  
0.0438627  -0.0484453  0.997853  0  -0.079059  -0.99585  -0.0448729  0  0.995904  -0.0769225  -0.0475116  0  0.416943  -0.0441964  0.778852  1  
0.0438861  -0.0484467  0.997852  0  -0.0790445  -0.995851  -0.0448732  0  0.995905  -0.0769069  -0.0475343  0  0.416953  -0.0441897  0.778841  1  
0.0439134  -0.0484428  0.997851  0  -0.0790302  -0.995852  -0.0448678  0  0.995904  -0.0768915  -0.0475607  0  0.416964  -0.0441833  0.778829  1  
0.0439427  -0.0484412  0.997849  0  -0.0790172  -0.995854  -0.0448646  0  0.995904  -0.0768773  -0.0475891  0  0.416975  -0.0441785  0.778816  1  
0.0439712  -0.0484405  0.997848  0  -0.0789998  -0.995855  -0.0448625  0  0.995904  -0.0768586  -0.0476166  0  0.416986  -0.0441706  0.778803  1  
0.0440069  -0.0484405  0.997847  0  -0.0789835  -0.995856  -0.0448606  0  0.995904  -0.0768407  -0.0476515  0  0.417  -0.044164  0.778787  1  
0.0440306  -0.0484462  0.997845  0  -0.0789684  -0.995857  -0.0448651  0  0.995904  -0.0768242  -0.0476748  0  0.41701  -0.0441581  0.778777  1  
0.0440636  -0.0484458  0.997844  0  -0.0789513  -0.995859  -0.0448631  0  0.995904  -0.0768057  -0.0477069  0  0.417021  -0.0441502  0.778761  1  
0.0440941  -0.0484488  0.997842  0  -0.0789342  -0.99586  -0.0448645  0  0.995904  -0.0767871  -0.0477368  0  0.417035  -0.0441427  0.778748  1  
0.0441333  -0.0484504  0.99784  0  -0.0789218  -0.995861  -0.0448637  0  0.995903  -0.0767729  -0.0477754  0  0.417048  -0.0441397  0.778731  1  
0.0441604  -0.0484408  0.99784  0  -0.0789048  -0.995863  -0.0448528  0  0.995903  -0.0767551  -0.0478008  0  0.41706  -0.0441297  0.778718  1  
0.0441942  -0.0484467  0.997838  0  -0.0788904  -0.995864  -0.0448568  0  0.995903  -0.0767389  -0.0478344  0  0.417073  -0.0441234  0.778703  1  
0.0442248  -0.0484477  0.997837  0  -0.0788686  -0.995866  -0.0448565  0  0.995903  -0.0767157  -0.0478639  0  0.417086  -0.0441146  0.77869  1  
0.0442561  -0.0484514  0.997835  0  -0.078859  -0.995866  -0.0448582  0  0.995903  -0.0767045  -0.0478949  0  0.417098  -0.0441116  0.778675  1  
0.0442888  -0.0484456  0.997834  0  -0.0788384  -0.995868  -0.0448509  0  0.995903  -0.0766827  -0.0479261  0  0.417111  -0.0441021  0.778661  1  
0.0443289  -0.0484479  0.997832  0  -0.0788254  -0.995869  -0.0448508  0  0.995902  -0.0766678  -0.0479657  0  0.417126  -0.0440969  0.778643  1  
0.0443682  -0.0484494  0.99783  0  -0.0788064  -0.995871  -0.0448502  0  0.995902  -0.0766469  -0.048004  0  0.417141  -0.0440877  0.778625  1  
0.044397  -0.0484542  0.997829  0  -0.0787951  -0.995872  -0.0448533  0  0.995902  -0.0766341  -0.0480326  0  0.417153  -0.0440836  0.778612  1  
0.0444335  -0.0484525  0.997827  0  -0.0787782  -0.995873  -0.0448496  0  0.995901  -0.0766157  -0.0480681  0  0.417167  -0.0440766  0.778594  1  
0.0444685  -0.0484501  0.997826  0  -0.0787591  -0.995875  -0.0448454  0  0.995901  -0.0765951  -0.0481019  0  0.417181  -0.0440689  0.778579  1  
0.0445128  -0.0484493  0.997824  0  -0.078743  -0.995876  -0.044842  0  0.995901  -0.076577  -0.0481452  0  0.417198  -0.0440617  0.77856  1  
0.0445455  -0.0484556  0.997822  0  -0.0787331  -0.995877  -0.0448463  0  0.9959  -0.0765654  -0.0481779  0  0.417212  -0.0440581  0.778545  1  
0.0445901  -0.0484547  0.99782  0  -0.0787127  -0.995879  -0.0448429  0  0.9959  -0.076543  -0.0482212  0  0.41723  -0.0440484  0.778525  1  
0.0446293  -0.0484578  0.997818  0  -0.0786988  -0.99588  -0.0448437  0  0.995899  -0.0765272  -0.0482599  0  0.417245  -0.0440433  0.778507  1  
0.0446695  -0.0484545  0.997816  0  -0.0786858  -0.995881  -0.044838  0  0.995898  -0.0765125  -0.0482991  0  0.417261  -0.044038  0.778489  1  
0.0447093  -0.0484571  0.997814  0  -0.0786664  -0.995882  -0.0448385  0  0.995898  -0.0764912  -0.048338  0  0.417277  -0.0440295  0.778471  1  
0.0447611  -0.048464  0.997812  0  -0.0786582  -0.995883  -0.0448418  0  0.995896  -0.0764804  -0.0483898  0  0.417297  -0.0440281  0.778447  1  
0.0448034  -0.0484685  0.99781  0  -0.0786417  -0.995884  -0.0448438  0  0.995896  -0.0764618  -0.0484316  0  0.417315  -0.0440202  0.778429  1  
0.0448526  -0.0484668  0.997808  0  -0.0786231  -0.995886  -0.0448392  0  0.995895  -0.076441  -0.0484796  0  0.417334  -0.0440121  0.778407  1  
0.0448894  -0.0484673  0.997806  0  -0.0786066  -0.995887  -0.0448377  0  0.995894  -0.0764228  -0.0485156  0  0.417349  -0.0440054  0.77839  1  
0.0449436  -0.0484717  0.997803  0  -0.0785971  -0.995888  -0.0448384  0  0.995893  -0.0764108  -0.0485694  0  0.417369  -0.0440022  0.778365  1  
0.04499  -0.0484733  0.997801  0  -0.0785828  -0.995889  -0.0448372  0  0.995892  -0.0763942  -0.0486151  0  0.417387  -0.0439965  0.778344  1  
0.0450417  -0.0484776  0.997799  0  -0.0785669  -0.99589  -0.0448383  0  0.995891  -0.0763758  -0.0486662  0  0.417407  -0.0439897  0.77832  1  
0.0450873  -0.0484808  0.997796  0  -0.0785486  -0.995892  -0.0448389  0  0.99589  -0.0763553  -0.0487111  0  0.417426  -0.0439822  0.7783  1  
0.0451451  -0.0484828  0.997794  0  -0.0785337  -0.995893  -0.0448372  0  0.995889  -0.0763377  -0.0487681  0  0.417448  -0.043975  0.778273  1  
0.0451943  -0.0484809  0.997791  0  -0.0785199  -0.995894  -0.0448322  0  0.995888  -0.0763218  -0.0488164  0  0.417467  -0.0439707  0.778251  1  
0.0452527  -0.048485  0.997789  0  -0.0785068  -0.995895  -0.0448324  0  0.995886  -0.0763058  -0.0488743  0  0.41749  -0.0439654  0.778224  1  
0.0453063  -0.0484933  0.997786  0  -0.0784937  -0.995896  -0.0448373  0  0.995884  -0.0762899  -0.0489277  0  0.41751  -0.0439606  0.7782  1  
0.0453585  -0.0484966  0.997783  0  -0.0784767  -0.995897  -0.0448374  0  0.995883  -0.0762705  -0.0489792  0  0.417531  -0.0439536  0.778177  1  
0.045415  -0.0484928  0.997781  0  -0.0784632  -0.995899  -0.04483  0  0.995882  -0.0762546  -0.0490346  0  0.417553  -0.0439474  0.77815  1  
0.0454755  -0.0484993  0.997778  0  -0.0784513  -0.9959  -0.0448325  0  0.99588  -0.0762396  -0.0490949  0  0.417576  -0.0439446  0.778123  1  
0.0455298  -0.0485008  0.997775  0  -0.0784363  -0.995901  -0.0448305  0  0.995879  -0.0762222  -0.0491484  0  0.417598  -0.0439376  0.778098  1  
0.0455866  -0.0485103  0.997772  0  -0.0784191  -0.995902  -0.0448365  0  0.995878  -0.076202  -0.0492049  0  0.417621  -0.0439316  0.778072  1  
0.0456433  -0.0485104  0.99777  0  -0.0784058  -0.995903  -0.044833  0  0.995876  -0.0761861  -0.0492608  0  0.417642  -0.0439256  0.778046  1  
0.0457022  -0.048512  0.997767  0  -0.0783889  -0.995905  -0.0448309  0  0.995875  -0.0761664  -0.0493188  0  0.417665  -0.0439187  0.778019  1  
0.0457596  -0.0485133  0.997764  0  -0.0783811  -0.995905  -0.0448282  0  0.995873  -0.0761559  -0.0493758  0  0.417687  -0.0439173  0.777993  1  
0.0458251  -0.0485194  0.997761  0  -0.07837  -0.995906  -0.0448298  0  0.99587  -0.0761417  -0.0494409  0  0.417711  -0.043913  0.777962  1  
0.0458859  -0.0485251  0.997758  0  -0.0783563  -0.995907  -0.0448315  0  0.995869  -0.0761249  -0.0495013  0  0.417735  -0.043908  0.777935  1  
0.0459497  -0.0485307  0.997755  0  -0.0783407  -0.995908  -0.044833  0  0.995867  -0.0761062  -0.0495646  0  0.417759  -0.0439005  0.777905  1  
0.0460109  -0.0485333  0.997752  0  -0.0783319  -0.995909  -0.0448314  0  0.995865  -0.0760945  -0.0496254  0  0.417782  -0.043898  0.777878  1  
0.0460683  -0.0485279  0.997749  0  -0.0783183  -0.995911  -0.0448223  0  0.995863  -0.0760786  -0.0496815  0  0.417806  -0.0438919  0.777851  1  
0.0461289  -0.0485354  0.997746  0  -0.0783095  -0.995911  -0.0448257  0  0.995861  -0.0760667  -0.049742  0  0.417829  -0.0438895  0.777822  1  
0.0461957  -0.0485403  0.997743  0  -0.0782946  -0.995912  -0.0448262  0  0.995859  -0.0760485  -0.0498082  0  0.417854  -0.043883  0.777793  1  
0.0462596  -0.0485472  0.997739  0  -0.0782814  -0.995913  -0.0448289  0  0.995857  -0.0760322  -0.0498718  0  0.417879  -0.0438787  0.777764  1  
0.0463237  -0.0485501  0.997736  0  -0.0782752  -0.995914  -0.0448272  0  0.995855  -0.0760229  -0.0499356  0  0.417903  -0.0438772  0.777734  1  
0.0463928  -0.0485536  0.997733  0  -0.0782627  -0.995915  -0.044826  0  0.995853  -0.0760071  -0.0500042  0  0.41793  -0.0438727  0.777702  1  
0.0464564  -0.0485589  0.99773  0  -0.0782499  -0.995916  -0.0448272  0  0.995851  -0.0759912  -0.0500673  0  0.417954  -0.0438666  0.777672  1  
0.0465317  -0.0485625  0.997726  0  -0.0782388  -0.995917  -0.0448256  0  0.995848  -0.0759766  -0.0501422  0  0.417983  -0.0438628  0.777638  1  
0.0465997  -0.0485742  0.997722  0  -0.0782269  -0.995917  -0.0448327  0  0.995846  -0.075961  -0.0502102  0  0.418009  -0.0438586  0.777606  1  
0.0466727  -0.0485681  0.997719  0  -0.0782194  -0.995918  -0.0448214  0  0.995843  -0.0759505  -0.0502822  0  0.418036  -0.0438551  0.777572  1  
0.0467367  -0.048575  0.997716  0  -0.0782165  -0.995919  -0.0448236  0  0.99584  -0.0759444  -0.0503462  0  0.418062  -0.0438565  0.777542  1  
0.0468072  -0.0485789  0.997712  0  -0.078198  -0.99592  -0.044823  0  0.995838  -0.0759225  -0.050416  0  0.418088  -0.0438477  0.77751  1  
0.0468797  -0.0485877  0.997709  0  -0.0781946  -0.99592  -0.0448265  0  0.995835  -0.0759154  -0.0504887  0  0.418116  -0.0438475  0.777476  1  
0.0469522  -0.0485957  0.997705  0  -0.0781884  -0.995921  -0.0448293  0  0.995832  -0.0759056  -0.0505612  0  0.418143  -0.0438462  0.777441  1  
0.0470258  -0.0485985  0.997701  0  -0.0781757  -0.995922  -0.044827  0  0.99583  -0.0758894  -0.0506342  0  0.418171  -0.0438414  0.777408  1  
0.0470997  -0.0486052  0.997697  0  -0.0781685  -0.995922  -0.0448286  0  0.995827  -0.0758785  -0.050708  0  0.418198  -0.0438387  0.777373  1  
0.0471735  -0.0486075  0.997694  0  -0.0781613  -0.995923  -0.0448256  0  0.995824  -0.0758679  -0.0507813  0  0.418225  -0.0438362  0.777339  1  
0.04725  -0.0486183  0.99769  0  -0.0781581  -0.995923  -0.0448307  0  0.995821  -0.0758607  -0.0508583  0  0.418254  -0.0438353  0.777303  1  
0.0473286  -0.0486232  0.997686  0  -0.0781468  -0.995924  -0.0448302  0  0.995818  -0.0758457  -0.0509365  0  0.418283  -0.0438301  0.777266  1  
0.0474053  -0.0486246  0.997682  0  -0.0781404  -0.995924  -0.0448261  0  0.995815  -0.0758357  -0.0510126  0  0.418313  -0.0438285  0.777231  1  
0.0474908  -0.0486294  0.997678  0  -0.0781374  -0.995925  -0.0448246  0  0.995811  -0.0758286  -0.051098  0  0.418343  -0.0438287  0.777191  1  
0.0475731  -0.0486351  0.997673  0  -0.0781299  -0.995925  -0.0448243  0  0.995807  -0.0758172  -0.0511801  0  0.418375  -0.0438257  0.777151  1  
0.047653  -0.0486392  0.997669  0  -0.0781226  -0.995926  -0.0448227  0  0.995804  -0.0758061  -0.0512597  0  0.418405  -0.0438223  0.777114  1  
0.0477327  -0.0486484  0.997665  0  -0.078112  -0.995927  -0.0448264  0  0.995801  -0.0757914  -0.0513393  0  0.418435  -0.0438188  0.777076  1  
0.0478189  -0.0486563  0.997661  0  -0.0781113  -0.995927  -0.0448277  0  0.995797  -0.0757864  -0.0514257  0  0.418467  -0.0438199  0.777036  1  
0.0479096  -0.0486549  0.997656  0  -0.0781076  -0.995927  -0.0448197  0  0.995793  -0.0757787  -0.0515158  0  0.4185  -0.0438187  0.776994  1  
0.0479846  -0.0486608  0.997652  0  -0.0780986  -0.995928  -0.0448204  0  0.99579  -0.075766  -0.0515905  0  0.418528  -0.0438157  0.776958  1  
0.0480661  -0.048667  0.997648  0  -0.0780913  -0.995929  -0.0448207  0  0.995787  -0.0757548  -0.0516719  0  0.418559  -0.0438124  0.776919  1  
0.048147  -0.0486758  0.997644  0  -0.0780892  -0.995929  -0.0448235  0  0.995783  -0.0757486  -0.0517531  0  0.41859  -0.0438129  0.776881  1  
0.0482241  -0.048681  0.99764  0  -0.0780811  -0.995929  -0.0448232  0  0.99578  -0.0757367  -0.0518298  0  0.418619  -0.0438089  0.776844  1  
0.0483115  -0.0486843  0.997635  0  -0.0780795  -0.995929  -0.04482  0  0.995776  -0.075731  -0.0519171  0  0.418653  -0.0438097  0.776802  1  
0.0483865  -0.0486838  0.997632  0  -0.0780696  -0.995931  -0.0448142  0  0.995773  -0.0757178  -0.0519913  0  0.418682  -0.0438061  0.776765  1  
0.0484728  -0.0486981  0.997627  0  -0.0780695  -0.99593  -0.0448221  0  0.995769  -0.0757131  -0.0520784  0  0.418713  -0.043808  0.776724  1  
0.0485559  -0.0487052  0.997623  0  -0.0780617  -0.995931  -0.0448232  0  0.995765  -0.0757011  -0.0521613  0  0.418745  -0.0438046  0.776685  1  
0.0486428  -0.0487047  0.997618  0  -0.0780565  -0.995931  -0.0448164  0  0.995761  -0.075692  -0.0522476  0  0.418779  -0.043802  0.776643  1  
0.0487244  -0.0487157  0.997614  0  -0.0780514  -0.995932  -0.0448215  0  0.995758  -0.0756827  -0.0523295  0  0.41881  -0.0438011  0.776604  1  
0.0488107  -0.0487185  0.99761  0  -0.0780493  -0.995932  -0.0448178  0  0.995754  -0.0756766  -0.0524156  0  0.418842  -0.0438006  0.776563  1  
0.0489014  -0.0487234  0.997605  0  -0.0780375  -0.995933  -0.0448165  0  0.99575  -0.0756605  -0.0525057  0  0.418876  -0.0437956  0.77652  1  
0.048985  -0.0487303  0.9976  0  -0.0780373  -0.995933  -0.044817  0  0.995746  -0.0756561  -0.0525896  0  0.418908  -0.0437956  0.77648  1  
0.0490742  -0.0487344  0.997596  0  -0.0780329  -0.995933  -0.0448146  0  0.995742  -0.0756475  -0.0526785  0  0.418941  -0.043795  0.776439  1  
0.0491689  -0.0487389  0.997591  0  -0.0780266  -0.995934  -0.0448122  0  0.995738  -0.0756368  -0.0527729  0  0.418976  -0.0437922  0.776395  1  
0.0492561  -0.04874  0.997587  0  -0.0780279  -0.995934  -0.0448066  0  0.995734  -0.075634  -0.0528599  0  0.419008  -0.0437941  0.776354  1  
0.0493545  -0.0487541  0.997581  0  -0.0780284  -0.995934  -0.0448132  0  0.995729  -0.0756293  -0.0529591  0  0.419045  -0.0437961  0.776307  1  
0.0494421  -0.0487563  0.997577  0  -0.0780239  -0.995934  -0.044809  0  0.995725  -0.0756209  -0.0530463  0  0.419078  -0.0437933  0.776266  1  
0.0495397  -0.0487643  0.997571  0  -0.0780227  -0.995934  -0.0448096  0  0.99572  -0.0756148  -0.053144  0  0.419115  -0.043794  0.77622  1  
0.0496294  -0.0487687  0.997567  0  -0.0780166  -0.995935  -0.0448076  0  0.995716  -0.0756044  -0.0532334  0  0.419149  -0.0437916  0.776177  1  
0.0497221  -0.0487703  0.997562  0  -0.0780193  -0.995935  -0.044802  0  0.995711  -0.0756029  -0.0533261  0  0.419184  -0.0437928  0.776133  1  
0.049819  -0.0487807  0.997557  0  -0.078017  -0.995935  -0.0448052  0  0.995706  -0.0755957  -0.0534233  0  0.419221  -0.0437924  0.776087  1  
0.0499172  -0.048792  0.997551  0  -0.0780124  -0.995935  -0.0448093  0  0.995702  -0.0755861  -0.0535217  0  0.419258  -0.0437909  0.77604  1  
0.0500147  -0.0487935  0.997546  0  -0.078018  -0.995935  -0.0448031  0  0.995697  -0.0755872  -0.0536192  0  0.419293  -0.0437938  0.775994  1  
0.050114  -0.0488  0.997541  0  -0.0780151  -0.995935  -0.0448022  0  0.995692  -0.0755795  -0.0537185  0  0.41933  -0.0437931  0.775947  1  
0.0502059  -0.048806  0.997536  0  -0.078013  -0.995936  -0.0448013  0  0.995687  -0.0755729  -0.0538104  0  0.419366  -0.0437925  0.775903  1  
0.0503032  -0.0488198  0.99753  0  -0.0780178  -0.995935  -0.0448074  0  0.995682  -0.0755726  -0.0539085  0  0.419403  -0.0437966  0.775857  1  
0.0504049  -0.0488253  0.997525  0  -0.078016  -0.995935  -0.0448053  0  0.995677  -0.0755659  -0.0540102  0  0.41944  -0.0437952  0.775809  1  
0.0505006  -0.0488331  0.99752  0  -0.078016  -0.995935  -0.0448059  0  0.995672  -0.0755612  -0.0541061  0  0.419477  -0.0437959  0.775763  1  
0.0505984  -0.0488313  0.997515  0  -0.0780181  -0.995935  -0.0447965  0  0.995667  -0.075559  -0.0542035  0  0.419512  -0.0437971  0.775718  1  
0.0506979  -0.0488415  0.997509  0  -0.0780219  -0.995935  -0.044799  0  0.995662  -0.0755578  -0.0543035  0  0.419549  -0.0437997  0.77567  1  
0.0507945  -0.0488416  0.997504  0  -0.0780196  -0.995935  -0.0447918  0  0.995657  -0.0755511  -0.0543997  0  0.419587  -0.0437992  0.775623  1  
0.0508885  -0.0488592  0.997499  0  -0.0780261  -0.995934  -0.044802  0  0.995652  -0.0755525  -0.0544949  0  0.419623  -0.0438042  0.775578  1  
0.0509837  -0.0488639  0.997494  0  -0.0780255  -0.995935  -0.0447995  0  0.995647  -0.0755473  -0.0545901  0  0.419661  -0.0438033  0.775533  1  
0.0510814  -0.0488708  0.997488  0  -0.0780259  -0.995935  -0.044799  0  0.995642  -0.075543  -0.054688  0  0.419699  -0.0438049  0.775486  1  
0.0511778  -0.0488723  0.997483  0  -0.0780279  -0.995935  -0.044793  0  0.995637  -0.0755406  -0.0547842  0  0.419736  -0.0438048  0.775439  1  
0.0512707  -0.0488799  0.997478  0  -0.0780275  -0.995935  -0.0447936  0  0.995632  -0.0755356  -0.0548773  0  0.419774  -0.0438061  0.775395  1  
0.0513617  -0.0488848  0.997473  0  -0.0780301  -0.995935  -0.0447915  0  0.995627  -0.0755339  -0.0549684  0  0.41981  -0.0438081  0.77535  1  
0.0514554  -0.0488961  0.997468  0  -0.078034  -0.995934  -0.0447954  0  0.995622  -0.0755329  -0.0550628  0  0.419847  -0.0438106  0.775304  1  
0.0515449  -0.0488981  0.997463  0  -0.0780345  -0.995934  -0.0447907  0  0.995617  -0.0755293  -0.0551522  0  0.419884  -0.0438112  0.77526  1  
0.0516445  -0.0489044  0.997458  0  -0.0780435  -0.995934  -0.0447889  0  0.995611  -0.0755334  -0.0552523  0  0.419921  -0.0438163  0.775212  1  
0.051739  -0.048908  0.997453  0  -0.0780397  -0.995934  -0.0447856  0  0.995607  -0.0755252  -0.0553464  0  0.419959  -0.0438143  0.775166  1  
0.051837  -0.0489157  0.997447  0  -0.0780448  -0.995934  -0.0447855  0  0.995601  -0.0755255  -0.0554449  0  0.419998  -0.0438174  0.77512  1  
0.0519442  -0.0489297  0.997441  0  -0.0780501  -0.995933  -0.0447911  0  0.995595  -0.0755252  -0.055553  0  0.420038  -0.0438206  0.775068  1  
0.0520563  -0.0489309  0.997435  0  -0.0780533  -0.995933  -0.0447836  0  0.995589  -0.0755233  -0.0556649  0  0.42008  -0.0438216  0.775016  1  
0.0521527  -0.0489445  0.997429  0  -0.0780576  -0.995933  -0.0447897  0  0.995584  -0.0755225  -0.0557622  0  0.420118  -0.0438258  0.774971  1  
0.0522648  -0.04895  0.997423  0  -0.0780619  -0.995932  -0.0447864  0  0.995578  -0.0755214  -0.0558744  0  0.420162  -0.0438289  0.774919  1  
0.0523762  -0.0489605  0.997417  0  -0.0780687  -0.995932  -0.0447881  0  0.995571  -0.0755226  -0.0559865  0  0.420204  -0.0438316  0.774867  1  
0.0524959  -0.0489709  0.99741  0  -0.0780731  -0.995931  -0.0447892  0  0.995564  -0.0755211  -0.0561067  0  0.420249  -0.0438349  0.774811  1  
0.0525971  -0.0489789  0.997404  0  -0.0780754  -0.995931  -0.0447894  0  0.995559  -0.0755184  -0.0562082  0  0.420287  -0.0438373  0.774766  1  
0.0526998  -0.0489858  0.997399  0  -0.0780832  -0.995931  -0.044788  0  0.995553  -0.0755212  -0.0563114  0  0.420326  -0.0438403  0.774717  1  
0.0528103  -0.0489875  0.997393  0  -0.0780853  -0.995931  -0.0447812  0  0.995547  -0.0755183  -0.0564217  0  0.420368  -0.0438426  0.774665  1  
0.0529257  -0.0489954  0.997386  0  -0.0780886  -0.995931  -0.0447802  0  0.99554  -0.0755159  -0.0565374  0  0.420412  -0.0438439  0.774611  1  
0.0530364  -0.0490071  0.99738  0  -0.0780989  -0.99593  -0.0447829  0  0.995534  -0.0755206  -0.056649  0  0.420455  -0.0438504  0.774559  1  
0.0531456  -0.0490184  0.997373  0  -0.0780975  -0.99593  -0.0447859  0  0.995528  -0.0755136  -0.0567586  0  0.420497  -0.0438499  0.774507  1  
0.0532517  -0.0490277  0.997367  0  -0.0781056  -0.995929  -0.0447868  0  0.995522  -0.0755164  -0.0568653  0  0.420538  -0.0438554  0.774457  1  
0.0533605  -0.0490273  0.997361  0  -0.0781046  -0.995929  -0.0447782  0  0.995516  -0.0755106  -0.0569737  0  0.42058  -0.0438545  0.774406  1  
0.0534648  -0.0490387  0.997355  0  -0.0781081  -0.995929  -0.0447815  0  0.99551  -0.0755088  -0.0570785  0  0.420621  -0.0438574  0.774356  1  
0.05357  -0.0490454  0.997349  0  -0.0781166  -0.995928  -0.0447797  0  0.995504  -0.0755122  -0.0571843  0  0.420662  -0.0438616  0.774306  1  
0.0536753  -0.0490552  0.997343  0  -0.078117  -0.995928  -0.0447815  0  0.995498  -0.0755072  -0.0572899  0  0.420704  -0.0438624  0.774255  1  
0.0537756  -0.0490629  0.997337  0  -0.0781265  -0.995928  -0.0447811  0  0.995492  -0.0755118  -0.0573908  0  0.420744  -0.043868  0.774207  1  
0.0538825  -0.0490679  0.997331  0  -0.0781324  -0.995927  -0.0447776  0  0.995486  -0.0755126  -0.057498  0  0.420785  -0.0438716  0.774156  1  
0.0539829  -0.0490773  0.997325  0  -0.0781319  -0.995927  -0.0447794  0  0.99548  -0.0755071  -0.0575987  0  0.420827  -0.0438722  0.774109  1  
0.054097  -0.0490914  0.997319  0  -0.0781389  -0.995926  -0.0447844  0  0.995474  -0.0755082  -0.0577137  0  0.420871  -0.0438757  0.774053  1  
0.0542029  -0.049101  0.997312  0  -0.0781467  -0.995926  -0.0447855  0  0.995467  -0.0755106  -0.0578203  0  0.420914  -0.0438821  0.774003  1  
0.0543061  -0.0491058  0.997306  0  -0.0781514  -0.995926  -0.0447823  0  0.995461  -0.0755104  -0.0579236  0  0.420955  -0.0438848  0.773955  1  
0.0544066  -0.0491149  0.997301  0  -0.0781608  -0.995925  -0.0447831  0  0.995455  -0.0755147  -0.0580248  0  0.420997  -0.0438905  0.773907  1  
0.0545148  -0.0491262  0.997294  0  -0.0781665  -0.995924  -0.0447859  0  0.995449  -0.0755149  -0.0581337  0  0.42104  -0.0438937  0.773855  1  
0.0546182  -0.0491306  0.997288  0  -0.0781744  -0.995924  -0.044782  0  0.995442  -0.0755179  -0.0582375  0  0.421082  -0.0438989  0.773806  1  
0.0547227  -0.0491457  0.997282  0  -0.0781825  -0.995923  -0.0447887  0  0.995436  -0.0755205  -0.0583431  0  0.421124  -0.0439044  0.773756  1  
0.054828  -0.0491515  0.997276  0  -0.0781855  -0.995923  -0.0447863  0  0.99543  -0.0755184  -0.0584485  0  0.421169  -0.0439059  0.773706  1  
0.0549465  -0.0491581  0.997269  0  -0.0781948  -0.995922  -0.0447834  0  0.995423  -0.075522  -0.0585674  0  0.421216  -0.0439128  0.773649  1  
0.0550563  -0.0491692  0.997262  0  -0.0782014  -0.995921  -0.0447858  0  0.995416  -0.075523  -0.058678  0  0.421262  -0.0439169  0.773598  1  
0.0551683  -0.0491789  0.997256  0  -0.0782148  -0.99592  -0.0447862  0  0.995409  -0.0755308  -0.0587909  0  0.421309  -0.0439242  0.773544  1  
0.0552773  -0.0491917  0.997249  0  -0.0782191  -0.99592  -0.0447905  0  0.995402  -0.0755295  -0.0589006  0  0.421354  -0.0439276  0.773494  1  
0.0553933  -0.0492  0.997242  0  -0.0782222  -0.99592  -0.0447898  0  0.995396  -0.0755268  -0.059017  0  0.4214  -0.0439314  0.773439  1  
0.0555026  -0.0492072  0.997236  0  -0.078231  -0.995919  -0.0447882  0  0.995389  -0.0755304  -0.0591268  0  0.421447  -0.0439366  0.773386  1  
0.0556101  -0.0492192  0.997229  0  -0.0782446  -0.995918  -0.0447912  0  0.995382  -0.0755384  -0.0592354  0  0.421492  -0.0439454  0.773335  1  
0.0557149  -0.049232  0.997223  0  -0.078244  -0.995918  -0.0447961  0  0.995376  -0.0755323  -0.0593407  0  0.421537  -0.0439464  0.773286  1  
0.055833  -0.0492395  0.997216  0  -0.0782542  -0.995917  -0.044794  0  0.995369  -0.0755368  -0.0594594  0  0.421586  -0.043952  0.773228  1  
0.0559419  -0.049249  0.997209  0  -0.0782625  -0.995916  -0.0447948  0  0.995362  -0.0755396  -0.059569  0  0.421633  -0.0439576  0.773176  1  
0.0560539  -0.0492583  0.997202  0  -0.0782696  -0.995916  -0.0447951  0  0.995355  -0.0755411  -0.0596815  0  0.42168  -0.0439632  0.773123  1  
0.0561561  -0.0492649  0.997196  0  -0.0782819  -0.995915  -0.0447932  0  0.995348  -0.0755485  -0.0597844  0  0.421725  -0.0439705  0.773074  1  
0.0562701  -0.0492807  0.997189  0  -0.0782862  -0.995914  -0.0448001  0  0.995342  -0.0755466  -0.0598994  0  0.421775  -0.0439733  0.773019  1  
0.0563747  -0.0492898  0.997183  0  -0.0782949  -0.995913  -0.0448008  0  0.995335  -0.0755502  -0.0600046  0  0.421818  -0.0439791  0.772969  1  
0.056484  -0.0492937  0.997176  0  -0.0782974  -0.995913  -0.0447962  0  0.995329  -0.0755475  -0.0601139  0  0.421864  -0.04398  0.772918  1  
0.0566034  -0.0493075  0.997169  0  -0.0783064  -0.995913  -0.0448004  0  0.995321  -0.0755503  -0.0602343  0  0.421913  -0.0439863  0.772862  1  
0.0567114  -0.0493205  0.997162  0  -0.0783106  -0.995912  -0.0448049  0  0.995315  -0.0755489  -0.060343  0  0.421959  -0.0439903  0.772812  1  
0.0568213  -0.0493264  0.997155  0  -0.0783278  -0.995911  -0.0448015  0  0.995307  -0.0755608  -0.0604537  0  0.422006  -0.0439991  0.77276  1  
0.0569365  -0.0493387  0.997148  0  -0.0783349  -0.99591  -0.0448046  0  0.9953  -0.0755619  -0.0605697  0  0.422056  -0.0440045  0.772706  1  
0.0570484  -0.0493444  0.997142  0  -0.0783368  -0.99591  -0.0448017  0  0.995293  -0.0755585  -0.0606817  0  0.422104  -0.044006  0.772654  1  
0.0571632  -0.0493533  0.997135  0  -0.0783498  -0.995909  -0.0448011  0  0.995286  -0.0755658  -0.0607973  0  0.422152  -0.0440143  0.7726  1  
0.0572751  -0.049359  0.997128  0  -0.0783544  -0.995909  -0.044798  0  0.995279  -0.075565  -0.0609094  0  0.422201  -0.0440166  0.772549  1  
0.0573799  -0.0493732  0.997121  0  -0.0783631  -0.995908  -0.0448037  0  0.995272  -0.0755681  -0.0610153  0  0.422247  -0.0440231  0.772499  1  
0.057495  -0.049381  0.997114  0  -0.0783741  -0.995907  -0.0448021  0  0.995265  -0.0755735  -0.061131  0  0.422295  -0.0440295  0.772446  1  
0.0576132  -0.0493883  0.997107  0  -0.0783791  -0.995907  -0.0448001  0  0.995257  -0.0755727  -0.0612496  0  0.422346  -0.0440331  0.772392  1  
0.0577313  -0.0494015  0.997099  0  -0.0783895  -0.995906  -0.0448037  0  0.99525  -0.075577  -0.0613687  0  0.422398  -0.0440397  0.772336  1  
0.0578392  -0.0494075  0.997093  0  -0.0783973  -0.995905  -0.0448009  0  0.995243  -0.0755796  -0.061477  0  0.422445  -0.0440452  0.772286  1  
0.0579531  -0.0494188  0.997086  0  -0.0784009  -0.995905  -0.0448034  0  0.995236  -0.0755773  -0.0615915  0  0.422495  -0.0440468  0.772233  1  
0.0580674  -0.0494295  0.997079  0  -0.0784095  -0.995904  -0.0448049  0  0.995229  -0.0755801  -0.0617065  0  0.422546  -0.0440529  0.77218  1  
0.0581804  -0.0494367  0.997072  0  -0.0784218  -0.995903  -0.0448028  0  0.995221  -0.075587  -0.0618202  0  0.422595  -0.0440603  0.772127  1  
0.0582941  -0.0494433  0.997065  0  -0.0784285  -0.995903  -0.0448003  0  0.995214  -0.0755882  -0.0619342  0  0.422645  -0.0440653  0.772074  1  
0.0584161  -0.049461  0.997057  0  -0.0784343  -0.995902  -0.0448084  0  0.995206  -0.0755873  -0.0620573  0  0.422698  -0.0440701  0.772017  1  
0.0585325  -0.0494683  0.997049  0  -0.0784431  -0.995902  -0.0448063  0  0.995199  -0.0755904  -0.0621743  0  0.42275  -0.0440751  0.771964  1  
0.0586483  -0.0494817  0.997042  0  -0.0784534  -0.995901  -0.0448103  0  0.995191  -0.0755948  -0.062291  0  0.422801  -0.0440825  0.77191  1  
0.0587626  -0.049483  0.997035  0  -0.0784585  -0.9959  -0.0448026  0  0.995184  -0.0755946  -0.0624053  0  0.422853  -0.0440856  0.771857  1  
0.0588844  -0.0494975  0.997027  0  -0.0784656  -0.9959  -0.0448074  0  0.995176  -0.0755953  -0.062528  0  0.422906  -0.044091  0.7718  1  
0.059  -0.0495064  0.99702  0  -0.0784781  -0.995899  -0.0448067  0  0.995168  -0.0756021  -0.0626444  0  0.422957  -0.0440998  0.771748  1  
0.059124  -0.049522  0.997012  0  -0.0784848  -0.995898  -0.0448124  0  0.99516  -0.0756023  -0.0627694  0  0.423012  -0.0441052  0.77169  1  
0.0592468  -0.0495285  0.997004  0  -0.0784925  -0.995897  -0.0448091  0  0.995153  -0.075604  -0.0628926  0  0.423067  -0.0441096  0.771634  1  
0.0593671  -0.0495366  0.996997  0  -0.0785026  -0.995897  -0.0448075  0  0.995145  -0.0756082  -0.0630134  0  0.42312  -0.0441165  0.771579  1  
0.0594938  -0.0495445  0.996989  0  -0.0785082  -0.995896  -0.0448054  0  0.995137  -0.0756076  -0.0631406  0  0.423177  -0.0441216  0.771521  1  
0.0596171  -0.0495539  0.996981  0  -0.0785171  -0.995896  -0.0448048  0  0.995128  -0.0756104  -0.0632645  0  0.423231  -0.0441275  0.771465  1  
0.0597359  -0.0495759  0.996973  0  -0.0785313  -0.995894  -0.0448169  0  0.99512  -0.0756178  -0.0633851  0  0.423285  -0.0441378  0.771409  1  
0.0598632  -0.0495872  0.996965  0  -0.0785382  -0.995893  -0.044818  0  0.995112  -0.0756183  -0.063513  0  0.423341  -0.0441423  0.77135  1  
0.0599781  -0.0495897  0.996957  0  -0.0785495  -0.995893  -0.0448111  0  0.995104  -0.0756243  -0.0636282  0  0.423395  -0.04415  0.771297  1  
0.0600981  -0.0496025  0.99695  0  -0.07856  -0.995892  -0.0448141  0  0.995096  -0.0756286  -0.0637492  0  0.423451  -0.0441576  0.771242  1  
0.060221  -0.0496119  0.996942  0  -0.0785693  -0.995891  -0.0448136  0  0.995088  -0.0756317  -0.0638727  0  0.423507  -0.0441634  0.771184  1  
0.0603427  -0.0496372  0.996933  0  -0.0785776  -0.99589  -0.0448291  0  0.99508  -0.075633  -0.0639963  0  0.423565  -0.0441707  0.771127  1  
0.0604594  -0.0496408  0.996926  0  -0.0785888  -0.995889  -0.0448231  0  0.995072  -0.0756386  -0.0641133  0  0.42362  -0.0441776  0.771074  1  
0.0605733  -0.049657  0.996918  0  -0.0786024  -0.995888  -0.0448298  0  0.995064  -0.0756461  -0.0642286  0  0.423674  -0.0441884  0.771021  1  
0.0606963  -0.049661  0.99691  0  -0.078617  -0.995887  -0.0448235  0  0.995055  -0.0756549  -0.0643521  0  0.423732  -0.0441966  0.770964  1  
0.0608186  -0.0496831  0.996902  0  -0.0786309  -0.995885  -0.0448354  0  0.995047  -0.0756619  -0.0644763  0  0.423788  -0.0442062  0.770907  1  
0.0609328  -0.0496904  0.996895  0  -0.0786425  -0.995885  -0.0448333  0  0.995039  -0.0756679  -0.0645911  0  0.423844  -0.0442144  0.770854  1  
0.0610552  -0.0497011  0.996887  0  -0.0786497  -0.995884  -0.0448341  0  0.995031  -0.0756689  -0.0647141  0  0.423903  -0.0442203  0.770798  1  
0.0611735  -0.0497093  0.996879  0  -0.0786614  -0.995883  -0.0448326  0  0.995023  -0.0756748  -0.0648332  0  0.42396  -0.0442282  0.770744  1  
0.0612884  -0.0497238  0.996871  0  -0.0786729  -0.995882  -0.0448376  0  0.995015  -0.0756802  -0.0649492  0  0.424015  -0.0442368  0.770692  1  
0.0614095  -0.0497327  0.996863  0  -0.0786847  -0.995881  -0.0448365  0  0.995006  -0.075686  -0.065071  0  0.424074  -0.0442447  0.770636  1  
0.0615374  -0.0497501  0.996854  0  -0.0786972  -0.99588  -0.0448434  0  0.994997  -0.0756915  -0.0652003  0  0.424134  -0.0442534  0.770578  1  
0.0616584  -0.0497638  0.996846  0  -0.0787107  -0.995879  -0.044847  0  0.994989  -0.0756988  -0.0653225  0  0.424192  -0.0442628  0.770522  1  
0.0617882  -0.0497714  0.996838  0  -0.0787232  -0.995878  -0.0448438  0  0.99498  -0.0757049  -0.0654529  0  0.424252  -0.0442711  0.770463  1  
0.0619061  -0.0497837  0.99683  0  -0.0787304  -0.995877  -0.0448467  0  0.994972  -0.075706  -0.0655716  0  0.424311  -0.0442773  0.77041  1  
0.0620252  -0.0497935  0.996822  0  -0.0787446  -0.995876  -0.0448466  0  0.994963  -0.0757142  -0.0656916  0  0.42437  -0.0442864  0.770356  1  
0.0621434  -0.0498109  0.996814  0  -0.078753  -0.995875  -0.0448543  0  0.994955  -0.0757162  -0.065811  0  0.424428  -0.0442937  0.770301  1  
0.0622629  -0.049825  0.996806  0  -0.0787637  -0.995874  -0.0448587  0  0.994947  -0.0757206  -0.0659317  0  0.424487  -0.0443009  0.770247  1  
0.0623804  -0.0498342  0.996798  0  -0.0787769  -0.995873  -0.044858  0  0.994939  -0.0757278  -0.06605  0  0.424545  -0.0443093  0.770194  1  
0.0625082  -0.0498447  0.996789  0  -0.0787922  -0.995872  -0.0448578  0  0.994929  -0.0757367  -0.0661788  0  0.424605  -0.0443201  0.770135  1  
