0.0433471  -0.0481326  0.99789  0  -0.0793492  -0.99584  -0.0445869  0  0.995904  -0.0772506  -0.046987  0  0.41672  -0.0442865  0.779102  1  
0.0433452  -0.0481347  0.99789  0  -0.0793455  -0.99584  -0.0445892  0  0.995904  -0.0772469  -0.0469851  0  0.416719  -0.0442846  0.779102  1  
0.0433457  -0.0481352  0.99789  0  -0.0793482  -0.99584  -0.0445896  0  0.995904  -0.0772495  -0.0469857  0  0.416719  -0.0442857  0.779101  1  
0.0433411  -0.0481268  0.997891  0  -0.0793446  -0.99584  -0.0445817  0  0.995905  -0.0772466  -0.0469803  0  0.416718  -0.0442837  0.779105  1  
0.043339  -0.0481278  0.997891  0  -0.0793442  -0.99584  -0.0445829  0  0.995905  -0.0772461  -0.0469783  0  0.416716  -0.0442849  0.779105  1  
0.043342  -0.0481279  0.997891  0  -0.0793439  -0.99584  -0.0445828  0  0.995905  -0.0772457  -0.0469813  0  0.416716  -0.0442849  0.779102  1  
0.0433494  -0.0481217  0.997891  0  -0.0793424  -0.995841  -0.0445761  0  0.995904  -0.0772442  -0.0469881  0  0.416718  -0.0442838  0.779098  1  
0.0433529  -0.0481135  0.997891  0  -0.0793389  -0.995841  -0.0445678  0  0.995904  -0.0772409  -0.0469907  0  0.41672  -0.0442827  0.779095  1  
0.0433502  -0.0481102  0.997891  0  -0.0793401  -0.995841  -0.0445647  0  0.995904  -0.0772424  -0.0469879  0  0.416719  -0.0442849  0.779095  1  
0.0433463  -0.0481109  0.997891  0  -0.0793318  -0.995842  -0.044566  0  0.995905  -0.0772343  -0.0469837  0  0.416719  -0.044281  0.779094  1  
0.0433491  -0.048114  0.997891  0  -0.0793244  -0.995842  -0.0445693  0  0.995906  -0.0772265  -0.0469864  0  0.416721  -0.0442775  0.779093  1  
0.0433502  -0.0481106  0.997891  0  -0.0793195  -0.995843  -0.0445661  0  0.995906  -0.0772218  -0.046987  0  0.416721  -0.0442757  0.779092  1  
0.0433593  -0.0481128  0.997891  0  -0.0793062  -0.995844  -0.0445681  0  0.995907  -0.077208  -0.0469956  0  0.416724  -0.0442705  0.779087  1  
0.0433668  -0.0481187  0.99789  0  -0.0793018  -0.995844  -0.0445737  0  0.995907  -0.077203  -0.0470033  0  0.416726  -0.0442701  0.779084  1  
0.0433689  -0.0481159  0.99789  0  -0.0792889  -0.995845  -0.0445714  0  0.995908  -0.0771901  -0.0470047  0  0.416726  -0.0442654  0.779084  1  
0.0433657  -0.0481184  0.99789  0  -0.0792788  -0.995846  -0.0445746  0  0.995909  -0.07718  -0.0470012  0  0.416726  -0.044262  0.779084  1  
0.0433761  -0.0481173  0.99789  0  -0.0792713  -0.995846  -0.0445731  0  0.995909  -0.0771721  -0.0470111  0  0.416728  -0.0442578  0.77908  1  
0.0433845  -0.0481159  0.997889  0  -0.0792589  -0.995847  -0.0445716  0  0.995909  -0.0771594  -0.0470188  0  0.41673  -0.0442541  0.779076  1  
0.0433944  -0.0481084  0.997889  0  -0.0792471  -0.995849  -0.0445638  0  0.99591  -0.0771476  -0.0470276  0  0.416732  -0.0442487  0.779071  1  
0.0433933  -0.0481048  0.99789  0  -0.0792352  -0.99585  -0.0445609  0  0.995911  -0.0771359  -0.0470257  0  0.416732  -0.0442434  0.779072  1  
0.0434011  -0.0480975  0.99789  0  -0.0792169  -0.995852  -0.0445539  0  0.995912  -0.0771175  -0.0470321  0  0.416733  -0.0442348  0.779068  1  
0.0434094  -0.0481032  0.997889  0  -0.0792077  -0.995852  -0.0445594  0  0.995912  -0.0771077  -0.0470404  0  0.416738  -0.0442321  0.779063  1  
0.0434097  -0.0480925  0.997889  0  -0.0791936  -0.995854  -0.0445493  0  0.995914  -0.077094  -0.0470393  0  0.416739  -0.0442251  0.779063  1  
0.0434147  -0.0480851  0.99789  0  -0.0791738  -0.995856  -0.0445425  0  0.995915  -0.0770744  -0.0470428  0  0.416741  -0.0442166  0.77906  1  
0.0434239  -0.0480891  0.997889  0  -0.0791626  -0.995856  -0.0445463  0  0.995915  -0.0770626  -0.0470517  0  0.416745  -0.0442123  0.779057  1  
0.0434288  -0.0480893  0.997889  0  -0.0791463  -0.995858  -0.0445469  0  0.995916  -0.0770461  -0.0470559  0  0.416748  -0.0442054  0.779054  1  
0.043436  -0.0480882  0.997889  0  -0.0791316  -0.995859  -0.044546  0  0.995917  -0.0770311  -0.0470624  0  0.416749  -0.0442005  0.779051  1  
0.0434443  -0.0480814  0.997889  0  -0.0791102  -0.995861  -0.0445396  0  0.995919  -0.0770096  -0.0470691  0  0.416753  -0.044191  0.779048  1  
0.0434466  -0.0480799  0.997889  0  -0.0790946  -0.995862  -0.0445386  0  0.99592  -0.076994  -0.0470706  0  0.416756  -0.0441846  0.779047  1  
0.0434611  -0.0480868  0.997888  0  -0.0790767  -0.995863  -0.0445452  0  0.995921  -0.0769751  -0.0470847  0  0.41676  -0.044178  0.779041  1  
0.0434577  -0.0480844  0.997888  0  -0.0790574  -0.995865  -0.044544  0  0.995922  -0.0769561  -0.0470803  0  0.416761  -0.0441698  0.779043  1  
0.0434657  -0.0480799  0.997888  0  -0.0790403  -0.995866  -0.0445396  0  0.995923  -0.0769389  -0.0470871  0  0.416765  -0.0441636  0.77904  1  
0.0434829  -0.0480812  0.997887  0  -0.0790242  -0.995868  -0.0445404  0  0.995924  -0.0769219  -0.0471037  0  0.416772  -0.044157  0.779032  1  
0.0434834  -0.0480781  0.997887  0  -0.0789975  -0.99587  -0.0445386  0  0.995926  -0.0768954  -0.0471028  0  0.416775  -0.0441452  0.779032  1  
0.0434887  -0.048078  0.997887  0  -0.078978  -0.995871  -0.044539  0  0.995927  -0.0768756  -0.0471072  0  0.416778  -0.0441371  0.77903  1  
0.0434932  -0.0480825  0.997886  0  -0.0789594  -0.995872  -0.044544  0  0.995929  -0.0768567  -0.0471111  0  0.416782  -0.0441312  0.779026  1  
0.0435024  -0.0480754  0.997886  0  -0.0789377  -0.995875  -0.0445372  0  0.99593  -0.0768348  -0.0471188  0  0.416787  -0.0441222  0.779023  1  
0.0434989  -0.0480741  0.997886  0  -0.0789198  -0.995876  -0.0445371  0  0.995931  -0.0768172  -0.0471145  0  0.416788  -0.0441165  0.779024  1  
0.0435114  -0.0480729  0.997886  0  -0.078897  -0.995878  -0.0445359  0  0.995933  -0.0767939  -0.0471257  0  0.416793  -0.044107  0.779018  1  
0.043524  -0.0480768  0.997885  0  -0.0788725  -0.99588  -0.04454  0  0.995934  -0.0767686  -0.0471375  0  0.416798  -0.0440967  0.779013  1  
0.0435308  -0.0480763  0.997885  0  -0.078851  -0.995881  -0.04454  0  0.995935  -0.0767468  -0.0471432  0  0.416802  -0.0440875  0.77901  1  
0.043541  -0.0480755  0.997885  0  -0.0788297  -0.995883  -0.0445395  0  0.995937  -0.0767251  -0.0471525  0  0.416807  -0.0440807  0.779006  1  
0.043551  -0.0480721  0.997884  0  -0.0788077  -0.995885  -0.0445364  0  0.995938  -0.0767028  -0.0471611  0  0.416812  -0.0440715  0.779002  1  
0.0435648  -0.0480739  0.997884  0  -0.0787822  -0.995887  -0.0445383  0  0.995939  -0.0766767  -0.0471738  0  0.416818  -0.0440607  0.778998  1  
0.0435815  -0.0480803  0.997883  0  -0.0787664  -0.995888  -0.0445441  0  0.99594  -0.0766598  -0.0471903  0  0.416826  -0.0440561  0.77899  1  
0.0435956  -0.0480776  0.997882  0  -0.0787405  -0.99589  -0.0445416  0  0.995941  -0.0766334  -0.047203  0  0.416832  -0.0440459  0.778984  1  
0.0436123  -0.0480789  0.997881  0  -0.07872  -0.995891  -0.0445425  0  0.995942  -0.0766121  -0.0472188  0  0.416839  -0.0440384  0.778977  1  
0.0436243  -0.0480819  0.997881  0  -0.0786951  -0.995893  -0.0445458  0  0.995944  -0.0765865  -0.0472299  0  0.416846  -0.0440283  0.778972  1  
0.0436415  -0.0480823  0.99788  0  -0.0786722  -0.995895  -0.044546  0  0.995945  -0.0765628  -0.047246  0  0.416854  -0.0440196  0.778965  1  
0.0436671  -0.0480753  0.997879  0  -0.0786496  -0.995897  -0.0445381  0  0.995945  -0.0765394  -0.0472699  0  0.416863  -0.0440108  0.778954  1  
0.0436744  -0.0480762  0.997879  0  -0.0786259  -0.995899  -0.0445396  0  0.995947  -0.0765154  -0.0472763  0  0.416867  -0.0440014  0.77895  1  
0.0436956  -0.0480757  0.997878  0  -0.0786032  -0.995901  -0.0445385  0  0.995948  -0.0764917  -0.0472963  0  0.416877  -0.0439935  0.778941  1  
0.0437086  -0.0480743  0.997877  0  -0.07858  -0.995903  -0.0445372  0  0.995949  -0.076468  -0.0473081  0  0.416883  -0.0439846  0.778935  1  
0.0437344  -0.0480795  0.997876  0  -0.0785616  -0.995904  -0.0445413  0  0.995949  -0.0764482  -0.0473333  0  0.416893  -0.0439761  0.778924  1  
0.0437547  -0.0480764  0.997875  0  -0.0785343  -0.995906  -0.044538  0  0.995951  -0.0764201  -0.0473522  0  0.416902  -0.0439657  0.778916  1  
0.0437724  -0.0480711  0.997875  0  -0.0785123  -0.995908  -0.0445323  0  0.995952  -0.0763976  -0.0473684  0  0.416909  -0.0439569  0.778909  1  
0.0437939  -0.0480803  0.997873  0  -0.0784893  -0.99591  -0.044541  0  0.995952  -0.0763732  -0.0473895  0  0.416918  -0.0439491  0.778899  1  
0.0438172  -0.0480847  0.997872  0  -0.0784622  -0.995912  -0.0445449  0  0.995954  -0.0763449  -0.0474118  0  0.416928  -0.0439384  0.778889  1  
0.0438392  -0.0480863  0.997871  0  -0.0784353  -0.995914  -0.0445461  0  0.995955  -0.0763169  -0.0474327  0  0.416937  -0.0439275  0.77888  1  
0.0438612  -0.0480861  0.99787  0  -0.0784126  -0.995916  -0.0445453  0  0.995956  -0.0762932  -0.0474535  0  0.416946  -0.0439192  0.77887  1  
0.0438915  -0.0480862  0.997869  0  -0.0783874  -0.995918  -0.0445443  0  0.995956  -0.0762667  -0.0474826  0  0.416958  -0.0439098  0.778856  1  
0.0439123  -0.0480935  0.997867  0  -0.0783666  -0.995919  -0.044551  0  0.995957  -0.0762446  -0.047503  0  0.416966  -0.0439016  0.778847  1  
0.0439341  -0.0480962  0.997866  0  -0.0783419  -0.995921  -0.0445532  0  0.995958  -0.0762188  -0.0475238  0  0.416976  -0.043892  0.778837  1  
0.0439567  -0.0480873  0.997866  0  -0.0783185  -0.995923  -0.0445437  0  0.995959  -0.0761948  -0.0475445  0  0.416986  -0.0438824  0.778827  1  
0.0439856  -0.048082  0.997865  0  -0.0782895  -0.995926  -0.0445376  0  0.99596  -0.0761648  -0.0475716  0  0.416997  -0.0438695  0.778814  1  
0.0440058  -0.0480953  0.997863  0  -0.0782743  -0.995926  -0.04455  0  0.99596  -0.0761481  -0.0475921  0  0.417005  -0.043866  0.778806  1  
0.0440283  -0.0480902  0.997863  0  -0.0782444  -0.995929  -0.0445447  0  0.995961  -0.0761174  -0.0476128  0  0.417015  -0.0438521  0.778796  1  
0.0440582  -0.0480924  0.997861  0  -0.0782242  -0.99593  -0.0445456  0  0.995962  -0.0760958  -0.0476418  0  0.417027  -0.0438449  0.778782  1  
0.0440837  -0.0480986  0.99786  0  -0.0782046  -0.995932  -0.0445507  0  0.995962  -0.0760748  -0.0476668  0  0.417038  -0.0438384  0.778771  1  
0.0441188  -0.0480939  0.997858  0  -0.0781805  -0.995934  -0.0445445  0  0.995962  -0.0760493  -0.0477004  0  0.41705  -0.0438286  0.778755  1  
0.0441462  -0.0480992  0.997857  0  -0.0781593  -0.995935  -0.0445487  0  0.995963  -0.0760266  -0.0477271  0  0.417063  -0.04382  0.778743  1  
0.0441819  -0.0481005  0.997855  0  -0.0781377  -0.995937  -0.0445483  0  0.995963  -0.0760033  -0.0477618  0  0.417076  -0.0438114  0.778728  1  
0.0442022  -0.0480989  0.997854  0  -0.0781157  -0.995939  -0.0445463  0  0.995964  -0.0759805  -0.0477809  0  0.417085  -0.0438031  0.778718  1  
0.0442417  -0.0480996  0.997853  0  -0.0780945  -0.995941  -0.0445449  0  0.995964  -0.0759575  -0.0478194  0  0.4171  -0.0437949  0.7787  1  
0.0442669  -0.0481  0.997851  0  -0.0780708  -0.995943  -0.0445446  0  0.995964  -0.0759327  -0.0478434  0  0.417112  -0.0437839  0.778689  1  
0.0443101  -0.0481069  0.997849  0  -0.0780499  -0.995944  -0.0445491  0  0.995964  -0.0759095  -0.047886  0  0.417128  -0.0437761  0.77867  1  
0.044343  -0.0481023  0.997848  0  -0.0780269  -0.995946  -0.0445432  0  0.995965  -0.0758853  -0.0479175  0  0.417141  -0.0437656  0.778655  1  
0.0443743  -0.0481053  0.997846  0  -0.0780101  -0.995947  -0.0445446  0  0.995964  -0.0758669  -0.0479481  0  0.417154  -0.0437603  0.778641  1  
0.0444146  -0.0481051  0.997845  0  -0.0779842  -0.995949  -0.0445426  0  0.995965  -0.0758393  -0.047987  0  0.41717  -0.0437495  0.778623  1  
0.0444472  -0.0481143  0.997843  0  -0.077974  -0.99595  -0.0445498  0  0.995964  -0.0758271  -0.0480198  0  0.417184  -0.0437472  0.778608  1  
0.044485  -0.0481168  0.997841  0  -0.0779496  -0.995952  -0.0445506  0  0.995964  -0.0758009  -0.0480565  0  0.417198  -0.0437368  0.778591  1  
0.0445221  -0.0481133  0.997839  0  -0.0779293  -0.995954  -0.0445453  0  0.995964  -0.0757791  -0.0480923  0  0.417213  -0.0437289  0.778575  1  
0.0445592  -0.0481138  0.997838  0  -0.0779086  -0.995955  -0.044544  0  0.995964  -0.0757568  -0.0481284  0  0.417228  -0.0437203  0.778558  1  
0.0445991  -0.0481182  0.997836  0  -0.0778909  -0.995957  -0.0445462  0  0.995964  -0.0757371  -0.0481677  0  0.417245  -0.043712  0.77854  1  
0.0446459  -0.0481243  0.997833  0  -0.0778723  -0.995958  -0.0445497  0  0.995963  -0.0757161  -0.0482139  0  0.417262  -0.0437056  0.778519  1  
0.0446889  -0.0481215  0.997832  0  -0.0778551  -0.995959  -0.0445444  0  0.995963  -0.0756971  -0.0482557  0  0.417279  -0.0436992  0.778499  1  
0.0447299  -0.0481221  0.99783  0  -0.0778389  -0.995961  -0.0445427  0  0.995962  -0.0756791  -0.0482959  0  0.417295  -0.0436914  0.778481  1  
0.0447771  -0.0481234  0.997828  0  -0.0778231  -0.995962  -0.0445412  0  0.995961  -0.0756611  -0.0483424  0  0.417313  -0.043686  0.778459  1  
0.0448151  -0.048129  0.997826  0  -0.0778096  -0.995963  -0.0445445  0  0.99596  -0.0756456  -0.0483801  0  0.417328  -0.0436811  0.778442  1  
0.0448669  -0.0481324  0.997823  0  -0.0777944  -0.995964  -0.0445447  0  0.995959  -0.0756279  -0.0484312  0  0.417348  -0.0436744  0.778419  1  
0.0449098  -0.0481287  0.997821  0  -0.0777768  -0.995966  -0.0445387  0  0.995959  -0.0756086  -0.0484729  0  0.417365  -0.0436664  0.778399  1  
0.0449591  -0.0481279  0.997819  0  -0.0777636  -0.995967  -0.0445347  0  0.995958  -0.0755933  -0.0485213  0  0.417384  -0.0436625  0.778376  1  
0.0450087  -0.0481355  0.997817  0  -0.0777482  -0.995968  -0.0445393  0  0.995956  -0.0755753  -0.0485706  0  0.417404  -0.043657  0.778353  1  
0.0450558  -0.048143  0.997814  0  -0.0777295  -0.995969  -0.0445441  0  0.995956  -0.0755541  -0.0486173  0  0.417422  -0.043649  0.778331  1  
0.0451033  -0.0481459  0.997812  0  -0.0777226  -0.99597  -0.0445437  0  0.995954  -0.0755449  -0.0486645  0  0.417439  -0.0436478  0.77831  1  
0.0451564  -0.0481464  0.997809  0  -0.0777048  -0.995971  -0.0445411  0  0.995953  -0.0755248  -0.0487166  0  0.41746  -0.0436408  0.778285  1  
0.0452014  -0.0481524  0.997807  0  -0.0776932  -0.995972  -0.0445443  0  0.995952  -0.0755108  -0.0487614  0  0.417478  -0.0436373  0.778265  1  
0.0452508  -0.0481562  0.997805  0  -0.0776791  -0.995973  -0.0445451  0  0.995951  -0.0754943  -0.0488102  0  0.417498  -0.0436303  0.778243  1  
0.0453054  -0.0481598  0.997802  0  -0.077669  -0.995974  -0.044545  0  0.995949  -0.0754816  -0.0488645  0  0.417518  -0.0436275  0.778218  1  
0.0453523  -0.0481616  0.9978  0  -0.0776584  -0.995975  -0.0445437  0  0.995948  -0.0754688  -0.0489109  0  0.417537  -0.0436235  0.778195  1  
0.0454123  -0.0481612  0.997797  0  -0.0776505  -0.995976  -0.0445392  0  0.995946  -0.0754582  -0.0489702  0  0.417558  -0.0436198  0.778168  1  
0.0454604  -0.0481758  0.997794  0  -0.077643  -0.995976  -0.0445505  0  0.995944  -0.0754479  -0.0490189  0  0.417577  -0.0436192  0.778145  1  
0.0455143  -0.0481784  0.997792  0  -0.0776296  -0.995977  -0.0445497  0  0.995943  -0.075432  -0.0490722  0  0.417598  -0.0436138  0.778121  1  
0.0455702  -0.048177  0.997789  0  -0.0776213  -0.995978  -0.0445445  0  0.995941  -0.0754212  -0.0491274  0  0.417619  -0.0436104  0.778095  1  
0.0456227  -0.0481825  0.997786  0  -0.0776104  -0.995978  -0.0445465  0  0.995939  -0.0754077  -0.0491797  0  0.417639  -0.0436062  0.77807  1  
0.045678  -0.0481807  0.997784  0  -0.0776005  -0.995979  -0.044541  0  0.995938  -0.0753954  -0.0492342  0  0.41766  -0.0436027  0.778045  1  
0.0457299  -0.0481872  0.997781  0  -0.0775852  -0.99598  -0.0445443  0  0.995936  -0.0753775  -0.0492857  0  0.417681  -0.043597  0.778021  1  
0.0457877  -0.0481965  0.997778  0  -0.0775806  -0.995981  -0.0445495  0  0.995934  -0.0753698  -0.0493437  0  0.417704  -0.0435967  0.777994  1  
0.0458429  -0.048205  0.997775  0  -0.0775759  -0.995981  -0.044554  0  0.995932  -0.0753623  -0.0493991  0  0.417725  -0.0435959  0.777968  1  
0.0458998  -0.0482028  0.997773  0  -0.077566  -0.995982  -0.044548  0  0.99593  -0.07535  -0.0494552  0  0.417747  -0.0435923  0.777941  1  
0.0459622  -0.0482104  0.99777  0  -0.0775627  -0.995982  -0.0445511  0  0.995927  -0.0753435  -0.0495178  0  0.41777  -0.0435924  0.777912  1  
0.0460177  -0.048214  0.997767  0  -0.0775495  -0.995983  -0.0445511  0  0.995926  -0.0753276  -0.0495728  0  0.417792  -0.0435861  0.777886  1  
0.0460767  -0.0482206  0.997764  0  -0.0775469  -0.995983  -0.0445534  0  0.995923  -0.0753221  -0.0496319  0  0.417815  -0.0435862  0.777859  1  
0.046132  -0.0482208  0.997761  0  -0.077536  -0.995984  -0.04455  0  0.995922  -0.0753087  -0.0496865  0  0.417837  -0.0435821  0.777833  1  
0.046196  -0.0482253  0.997758  0  -0.0775341  -0.995984  -0.0445497  0  0.995919  -0.0753037  -0.0497506  0  0.417861  -0.0435828  0.777803  1  
0.0462574  -0.0482267  0.997755  0  -0.0775238  -0.995985  -0.044547  0  0.995917  -0.0752906  -0.0498114  0  0.417886  -0.043579  0.777775  1  
0.0463213  -0.0482313  0.997752  0  -0.0775186  -0.995986  -0.0445471  0  0.995914  -0.0752823  -0.0498752  0  0.41791  -0.0435766  0.777745  1  
0.046393  -0.0482372  0.997748  0  -0.0775109  -0.995986  -0.044548  0  0.995911  -0.0752711  -0.0499467  0  0.417938  -0.0435743  0.777711  1  
0.0464542  -0.0482422  0.997745  0  -0.077504  -0.995987  -0.0445487  0  0.995909  -0.0752612  -0.0500077  0  0.417961  -0.0435726  0.777683  1  
0.0465193  -0.0482493  0.997742  0  -0.077502  -0.995987  -0.044551  0  0.995906  -0.0752559  -0.050073  0  0.417987  -0.0435728  0.777653  1  
0.0465889  -0.0482512  0.997738  0  -0.0774965  -0.995987  -0.0445478  0  0.995903  -0.0752472  -0.0501422  0  0.418012  -0.0435709  0.777621  1  
0.0466556  -0.0482604  0.997735  0  -0.0774888  -0.995988  -0.0445524  0  0.995901  -0.0752362  -0.050209  0  0.418038  -0.0435687  0.77759  1  
0.046734  -0.0482689  0.997731  0  -0.0774832  -0.995988  -0.0445553  0  0.995898  -0.0752266  -0.0502875  0  0.418067  -0.0435661  0.777553  1  
0.0468075  -0.0482708  0.997727  0  -0.077475  -0.995989  -0.044552  0  0.995895  -0.075215  -0.0503605  0  0.418096  -0.0435638  0.777519  1  
0.0468779  -0.0482678  0.997724  0  -0.0774702  -0.995989  -0.0445439  0  0.995892  -0.0752072  -0.0504302  0  0.418122  -0.043562  0.777485  1  
0.0469561  -0.0482754  0.99772  0  -0.0774695  -0.995989  -0.0445457  0  0.995888  -0.0752027  -0.0505086  0  0.418152  -0.0435618  0.777448  1  
0.0470201  -0.0482848  0.997717  0  -0.0774576  -0.99599  -0.0445508  0  0.995886  -0.0751874  -0.0505725  0  0.418177  -0.0435578  0.777418  1  
0.0470908  -0.0482893  0.997713  0  -0.0774525  -0.995991  -0.0445503  0  0.995883  -0.0751789  -0.050643  0  0.418204  -0.0435563  0.777384  1  
0.0471596  -0.0482898  0.99771  0  -0.077445  -0.995991  -0.0445459  0  0.995881  -0.0751683  -0.0507113  0  0.418232  -0.0435538  0.777352  1  
0.0472221  -0.0482984  0.997706  0  -0.0774424  -0.995991  -0.04455  0  0.995878  -0.0751624  -0.0507741  0  0.418256  -0.0435551  0.777321  1  
0.0472954  -0.0483081  0.997702  0  -0.0774348  -0.995992  -0.0445545  0  0.995875  -0.0751511  -0.0508475  0  0.418284  -0.0435524  0.777286  1  
0.0473651  -0.0483176  0.997699  0  -0.0774262  -0.995992  -0.0445592  0  0.995872  -0.0751389  -0.0509173  0  0.41831  -0.0435505  0.777252  1  
0.047432  -0.0483198  0.997695  0  -0.0774236  -0.995992  -0.0445565  0  0.995869  -0.0751332  -0.050984  0  0.418336  -0.0435506  0.777219  1  
0.0475072  -0.0483221  0.997692  0  -0.0774169  -0.995993  -0.0445534  0  0.995866  -0.0751231  -0.0510588  0  0.418365  -0.0435483  0.777184  1  
0.0475733  -0.048329  0.997688  0  -0.0774104  -0.995994  -0.0445557  0  0.995864  -0.0751132  -0.0511249  0  0.418392  -0.0435473  0.777152  1  
0.0476449  -0.0483339  0.997685  0  -0.0774069  -0.995994  -0.0445554  0  0.99586  -0.0751062  -0.0511964  0  0.41842  -0.043546  0.777117  1  
0.0477135  -0.048336  0.997681  0  -0.0774021  -0.995994  -0.0445525  0  0.995858  -0.0750983  -0.0512647  0  0.418448  -0.0435448  0.777083  1  
0.0477877  -0.0483416  0.997677  0  -0.0773944  -0.995995  -0.044553  0  0.995855  -0.075087  -0.0513387  0  0.418477  -0.0435435  0.777047  1  
0.0478604  -0.04835  0.997673  0  -0.0773871  -0.995995  -0.0445562  0  0.995852  -0.075076  -0.0514114  0  0.418506  -0.0435411  0.777012  1  
0.0479304  -0.0483552  0.99767  0  -0.0773844  -0.995996  -0.0445563  0  0.995848  -0.0750699  -0.0514814  0  0.418534  -0.0435408  0.776979  1  
0.0479997  -0.0483641  0.997666  0  -0.0773781  -0.995996  -0.0445603  0  0.995846  -0.07506  -0.0515508  0  0.418562  -0.0435389  0.776945  1  
0.0480714  -0.0483681  0.997662  0  -0.0773741  -0.995996  -0.0445591  0  0.995842  -0.0750526  -0.0516224  0  0.41859  -0.0435392  0.77691  1  
0.0481463  -0.0483778  0.997658  0  -0.0773716  -0.995996  -0.0445633  0  0.995839  -0.0750463  -0.0516976  0  0.41862  -0.0435407  0.776873  1  
0.0482268  -0.0483815  0.997654  0  -0.077372  -0.995996  -0.0445609  0  0.995835  -0.075043  -0.0517781  0  0.418652  -0.0435426  0.776833  1  
0.0482995  -0.0483954  0.99765  0  -0.0773659  -0.995996  -0.0445696  0  0.995832  -0.0750328  -0.0518512  0  0.418681  -0.0435409  0.776796  1  
0.0483806  -0.0484027  0.997646  0  -0.0773628  -0.995997  -0.044571  0  0.995828  -0.0750257  -0.0519325  0  0.418713  -0.0435411  0.776758  1  
0.0484639  -0.0484033  0.997642  0  -0.0773572  -0.995997  -0.0445656  0  0.995825  -0.0750164  -0.0520153  0  0.418745  -0.0435389  0.776718  1  
0.0485431  -0.0484048  0.997638  0  -0.0773543  -0.995998  -0.0445613  0  0.995821  -0.0750099  -0.0520942  0  0.418777  -0.043539  0.77668  1  
0.0486296  -0.0484206  0.997633  0  -0.0773483  -0.995998  -0.0445709  0  0.995817  -0.0749992  -0.0521813  0  0.418811  -0.0435383  0.776637  1  
0.0487096  -0.0484235  0.997629  0  -0.0773465  -0.995998  -0.0445679  0  0.995814  -0.0749937  -0.0522611  0  0.418845  -0.0435381  0.776599  1  
0.048793  -0.0484307  0.997624  0  -0.0773395  -0.995998  -0.0445692  0  0.99581  -0.0749825  -0.0523443  0  0.418877  -0.0435359  0.776558  1  
0.0488741  -0.0484381  0.99762  0  -0.0773366  -0.995999  -0.0445706  0  0.995806  -0.0749756  -0.0524255  0  0.418911  -0.0435367  0.776517  1  
0.0489529  -0.0484465  0.997616  0  -0.0773335  -0.995999  -0.0445733  0  0.995803  -0.0749685  -0.0525046  0  0.418944  -0.0435369  0.776478  1  
0.0490346  -0.0484576  0.997611  0  -0.0773349  -0.995998  -0.0445781  0  0.995799  -0.0749658  -0.0525869  0  0.418977  -0.0435401  0.776437  1  
0.049118  -0.0484637  0.997607  0  -0.0773278  -0.995999  -0.0445783  0  0.995795  -0.0749546  -0.05267  0  0.41901  -0.0435383  0.776395  1  
0.0492027  -0.048467  0.997603  0  -0.0773257  -0.995999  -0.0445753  0  0.995791  -0.0749485  -0.0527547  0  0.419045  -0.0435381  0.776354  1  
0.0492845  -0.0484723  0.997598  0  -0.0773233  -0.995999  -0.0445746  0  0.995787  -0.0749422  -0.0528364  0  0.419077  -0.043539  0.776314  1  
0.0493673  -0.0484841  0.997594  0  -0.0773234  -0.995999  -0.0445802  0  0.995783  -0.0749379  -0.0529197  0  0.41911  -0.0435412  0.776273  1  
0.0494538  -0.048491  0.997589  0  -0.0773205  -0.995999  -0.0445808  0  0.995779  -0.0749309  -0.0530063  0  0.419144  -0.0435422  0.77623  1  
0.0495434  -0.048505  0.997584  0  -0.0773178  -0.995999  -0.0445881  0  0.995775  -0.0749234  -0.0530965  0  0.419179  -0.0435428  0.776185  1  
0.0496248  -0.0485112  0.997579  0  -0.0773129  -0.996  -0.0445885  0  0.995771  -0.0749145  -0.0531778  0  0.419213  -0.0435423  0.776145  1  
0.0497065  -0.0485151  0.997575  0  -0.0773114  -0.996  -0.0445863  0  0.995767  -0.0749091  -0.0532595  0  0.419246  -0.0435432  0.776105  1  
0.0497972  -0.0485203  0.99757  0  -0.0773092  -0.996  -0.0445847  0  0.995763  -0.0749026  -0.0533501  0  0.419281  -0.0435436  0.77606  1  
0.0498761  -0.0485331  0.997566  0  -0.0773129  -0.996  -0.0445914  0  0.995758  -0.0749021  -0.0534298  0  0.419316  -0.0435482  0.77602  1  
0.049966  -0.0485447  0.997561  0  -0.0773048  -0.996  -0.0445967  0  0.995755  -0.0748893  -0.0535199  0  0.419351  -0.043546  0.775976  1  
0.0500591  -0.048548  0.997556  0  -0.0773079  -0.996  -0.0445928  0  0.99575  -0.0748881  -0.053613  0  0.419389  -0.0435503  0.77593  1  
0.0501425  -0.0485551  0.997551  0  -0.0773067  -0.996  -0.0445937  0  0.995746  -0.0748828  -0.0536966  0  0.419423  -0.0435512  0.775887  1  
0.0502216  -0.0485606  0.997547  0  -0.077305  -0.996  -0.0445934  0  0.995742  -0.0748773  -0.0537757  0  0.419457  -0.0435518  0.775847  1  
0.0503101  -0.0485786  0.997542  0  -0.0773083  -0.995999  -0.0446045  0  0.995737  -0.0748757  -0.0538653  0  0.419491  -0.0435563  0.775804  1  
0.0503934  -0.04859  0.997537  0  -0.0773088  -0.995999  -0.0446096  0  0.995733  -0.0748718  -0.0539493  0  0.419524  -0.043558  0.775762  1  
0.0504722  -0.0485953  0.997533  0  -0.07731  -0.995999  -0.0446089  0  0.995729  -0.0748692  -0.0540282  0  0.419556  -0.0435621  0.775723  1  
0.0505705  -0.0486039  0.997527  0  -0.0773093  -0.995999  -0.0446102  0  0.995724  -0.0748636  -0.0541268  0  0.419595  -0.0435631  0.775675  1  
0.0506554  -0.0486127  0.997523  0  -0.0773084  -0.995999  -0.0446127  0  0.995719  -0.0748584  -0.054212  0  0.41963  -0.0435634  0.775633  1  
0.0507461  -0.0486226  0.997518  0  -0.07731  -0.995999  -0.0446156  0  0.995715  -0.0748555  -0.0543031  0  0.419666  -0.0435664  0.775588  1  
0.0508381  -0.0486348  0.997512  0  -0.0773143  -0.995998  -0.0446206  0  0.99571  -0.074855  -0.0543959  0  0.419704  -0.0435708  0.775543  1  
0.0509299  -0.0486408  0.997507  0  -0.0773161  -0.995998  -0.0446197  0  0.995705  -0.0748524  -0.0544879  0  0.41974  -0.0435747  0.775498  1  
0.0510262  -0.0486519  0.997502  0  -0.0773138  -0.995998  -0.0446237  0  0.9957  -0.0748452  -0.0545845  0  0.419778  -0.0435752  0.775452  1  
0.0511147  -0.048656  0.997497  0  -0.0773118  -0.995998  -0.0446212  0  0.995696  -0.074839  -0.0546729  0  0.419814  -0.0435742  0.77541  1  
0.0512112  -0.0486721  0.997491  0  -0.0773169  -0.995998  -0.0446297  0  0.99569  -0.0748388  -0.0547705  0  0.419852  -0.0435798  0.775365  1  
0.0513159  -0.0486812  0.997486  0  -0.0773175  -0.995997  -0.044631  0  0.995685  -0.0748343  -0.0548755  0  0.419892  -0.0435819  0.775314  1  
0.0514124  -0.0486839  0.997481  0  -0.0773162  -0.995998  -0.0446264  0  0.99568  -0.0748285  -0.0549717  0  0.419929  -0.0435825  0.775269  1  
0.0515149  -0.0486966  0.997475  0  -0.077322  -0.995997  -0.0446311  0  0.995674  -0.074829  -0.0550751  0  0.419967  -0.0435874  0.77522  1  
0.051623  -0.0487067  0.997469  0  -0.0773202  -0.995997  -0.0446332  0  0.995669  -0.0748218  -0.0551835  0  0.420009  -0.0435874  0.775171  1  
0.0517287  -0.0487184  0.997462  0  -0.0773268  -0.995996  -0.0446366  0  0.995663  -0.074823  -0.0552899  0  0.420049  -0.0435924  0.775121  1  
0.0518346  -0.0487203  0.997457  0  -0.0773278  -0.995997  -0.0446305  0  0.995657  -0.0748191  -0.0553956  0  0.420089  -0.0435954  0.775072  1  
0.0519427  -0.0487342  0.997451  0  -0.0773336  -0.995996  -0.0446359  0  0.995651  -0.0748193  -0.0555045  0  0.42013  -0.0436001  0.775022  1  
0.0520518  -0.0487487  0.997444  0  -0.0773401  -0.995995  -0.0446419  0  0.995645  -0.0748202  -0.0556146  0  0.420172  -0.0436046  0.77497  1  
0.0521561  -0.0487594  0.997438  0  -0.077343  -0.995995  -0.0446446  0  0.995639  -0.0748178  -0.0557195  0  0.420213  -0.0436087  0.774921  1  
0.05226  -0.0487667  0.997432  0  -0.0773458  -0.995995  -0.0446439  0  0.995634  -0.0748155  -0.0558236  0  0.420253  -0.0436117  0.774872  1  
0.0523659  -0.04878  0.997426  0  -0.0773533  -0.995994  -0.0446489  0  0.995627  -0.0748176  -0.0559305  0  0.420294  -0.0436177  0.774822  1  
0.0524604  -0.0487898  0.997421  0  -0.0773592  -0.995993  -0.0446512  0  0.995622  -0.0748187  -0.0560256  0  0.420331  -0.0436214  0.774778  1  
0.0525647  -0.0488046  0.997415  0  -0.0773592  -0.995993  -0.0446582  0  0.995617  -0.0748132  -0.0561306  0  0.420372  -0.0436236  0.774727  1  
0.0526652  -0.0488161  0.997409  0  -0.0773641  -0.995992  -0.0446619  0  0.995611  -0.074813  -0.0562318  0  0.420411  -0.0436281  0.77468  1  
0.0527673  -0.0488214  0.997403  0  -0.0773708  -0.995992  -0.044659  0  0.995605  -0.0748148  -0.0563342  0  0.420451  -0.0436351  0.77463  1  
0.0528682  -0.0488278  0.997397  0  -0.0773779  -0.995992  -0.0446575  0  0.995599  -0.074817  -0.0564355  0  0.420492  -0.0436392  0.774582  1  
0.0529665  -0.0488408  0.997392  0  -0.0773818  -0.995991  -0.0446628  0  0.995594  -0.0748158  -0.0565346  0  0.420532  -0.0436439  0.774533  1  
0.0530522  -0.0488568  0.997386  0  -0.0773862  -0.99599  -0.0446722  0  0.995589  -0.0748154  -0.0566214  0  0.420569  -0.0436487  0.77449  1  
0.053151  -0.048866  0.99738  0  -0.0773889  -0.99599  -0.0446738  0  0.995583  -0.0748131  -0.0567207  0  0.420609  -0.0436516  0.774443  1  
0.0532421  -0.0488773  0.997375  0  -0.0773966  -0.995989  -0.0446778  0  0.995578  -0.0748162  -0.0568126  0  0.420647  -0.0436574  0.774397  1  
0.053337  -0.0488843  0.99737  0  -0.0774022  -0.995989  -0.0446773  0  0.995572  -0.0748171  -0.0569079  0  0.420686  -0.0436636  0.77435  1  
0.0534328  -0.048894  0.997364  0  -0.0774042  -0.995988  -0.0446797  0  0.995567  -0.0748143  -0.0570041  0  0.420727  -0.0436652  0.774302  1  
0.0535268  -0.0489066  0.997358  0  -0.0774098  -0.995988  -0.044685  0  0.995561  -0.0748149  -0.0570989  0  0.420766  -0.0436701  0.774256  1  
0.0536186  -0.0489125  0.997353  0  -0.0774139  -0.995988  -0.0446837  0  0.995556  -0.0748145  -0.057191  0  0.420807  -0.043674  0.774211  1  
0.0537127  -0.0489249  0.997348  0  -0.0774256  -0.995986  -0.0446883  0  0.99555  -0.0748213  -0.0572863  0  0.420846  -0.0436826  0.774163  1  
0.0538187  -0.0489414  0.997341  0  -0.0774283  -0.995986  -0.0446967  0  0.995544  -0.0748184  -0.0573932  0  0.42089  -0.0436868  0.774111  1  
0.0539158  -0.0489506  0.997335  0  -0.0774309  -0.995986  -0.0446984  0  0.995539  -0.0748161  -0.0574908  0  0.420932  -0.0436881  0.774063  1  
0.0540181  -0.0489579  0.997329  0  -0.0774392  -0.995985  -0.0446976  0  0.995533  -0.0748194  -0.0575936  0  0.420974  -0.0436957  0.774014  1  
0.0541241  -0.0489667  0.997323  0  -0.0774435  -0.995985  -0.0446982  0  0.995526  -0.0748184  -0.0577  0  0.421018  -0.0436993  0.773963  1  
0.0542218  -0.0489769  0.997317  0  -0.0774514  -0.995984  -0.0447006  0  0.995521  -0.0748214  -0.0577984  0  0.421061  -0.0437051  0.773915  1  
0.0543291  -0.0489894  0.997311  0  -0.0774562  -0.995983  -0.0447047  0  0.995514  -0.0748206  -0.0579065  0  0.421105  -0.0437099  0.773864  1  
0.0544372  -0.0490013  0.997304  0  -0.0774648  -0.995983  -0.0447079  0  0.995508  -0.0748237  -0.0580155  0  0.42115  -0.0437163  0.773812  1  
0.0545441  -0.0490082  0.997298  0  -0.0774675  -0.995982  -0.0447067  0  0.995502  -0.0748211  -0.0581226  0  0.421196  -0.0437188  0.77376  1  
0.0546588  -0.0490135  0.997292  0  -0.0774737  -0.995982  -0.044703  0  0.995495  -0.074822  -0.0582375  0  0.421243  -0.0437248  0.773707  1  
0.0547683  -0.049031  0.997285  0  -0.0774857  -0.995981  -0.0447115  0  0.995488  -0.0748279  -0.0583485  0  0.421289  -0.0437335  0.773654  1  
0.0548796  -0.0490449  0.997278  0  -0.0774925  -0.99598  -0.0447167  0  0.995481  -0.074829  -0.0584607  0  0.421335  -0.0437383  0.773602  1  
0.0549984  -0.0490553  0.997271  0  -0.0775036  -0.995979  -0.0447175  0  0.995474  -0.0748341  -0.0585804  0  0.421384  -0.0437466  0.773545  1  
0.0551008  -0.0490734  0.997264  0  -0.0775133  -0.995978  -0.0447273  0  0.995467  -0.0748382  -0.0586841  0  0.421427  -0.0437546  0.773496  1  
0.0552121  -0.0490817  0.997258  0  -0.0775201  -0.995977  -0.0447268  0  0.995461  -0.0748395  -0.0587959  0  0.421474  -0.0437599  0.773442  1  
0.0553269  -0.0490961  0.997251  0  -0.0775294  -0.995976  -0.0447321  0  0.995454  -0.0748428  -0.0589118  0  0.421522  -0.0437678  0.773388  1  
0.0554389  -0.049107  0.997244  0  -0.0775393  -0.995976  -0.044734  0  0.995447  -0.0748471  -0.0590247  0  0.421568  -0.0437739  0.773334  1  
0.0555509  -0.0491186  0.997237  0  -0.077544  -0.995975  -0.0447368  0  0.99544  -0.074846  -0.0591373  0  0.421616  -0.0437792  0.773281  1  
0.0556551  -0.0491318  0.997231  0  -0.0775573  -0.995974  -0.0447414  0  0.995433  -0.0748539  -0.0592427  0  0.421661  -0.0437882  0.773231  1  
0.0557611  -0.049138  0.997225  0  -0.077563  -0.995973  -0.0447393  0  0.995427  -0.0748545  -0.059349  0  0.421707  -0.0437918  0.77318  1  
0.0558631  -0.049157  0.997218  0  -0.0775687  -0.995973  -0.0447503  0  0.995421  -0.0748544  -0.0594523  0  0.421752  -0.0437988  0.77313  1  
0.0559634  -0.0491683  0.997212  0  -0.0775786  -0.995972  -0.0447534  0  0.995414  -0.0748592  -0.0595535  0  0.421796  -0.0438049  0.77308  1  
0.0560666  -0.0491761  0.997206  0  -0.077588  -0.995971  -0.0447529  0  0.995408  -0.0748635  -0.0596573  0  0.421842  -0.0438119  0.77303  1  
0.0561686  -0.0491886  0.997199  0  -0.0775974  -0.99597  -0.0447572  0  0.995401  -0.0748675  -0.0597603  0  0.421887  -0.0438196  0.77298  1  
0.0562668  -0.0491987  0.997193  0  -0.0776069  -0.995969  -0.0447594  0  0.995395  -0.074872  -0.0598593  0  0.42193  -0.0438258  0.772932  1  
0.0563698  -0.0492105  0.997187  0  -0.0776135  -0.995968  -0.044763  0  0.995389  -0.0748734  -0.0599631  0  0.421977  -0.043831  0.772882  1  
0.0564749  -0.0492241  0.99718  0  -0.0776262  -0.995967  -0.0447679  0  0.995382  -0.0748805  -0.0600694  0  0.422024  -0.0438403  0.772832  1  
0.0565767  -0.0492363  0.997174  0  -0.0776378  -0.995966  -0.0447718  0  0.995375  -0.0748868  -0.0601722  0  0.42207  -0.0438482  0.772781  1  
0.0566751  -0.0492383  0.997168  0  -0.0776461  -0.995966  -0.0447658  0  0.995369  -0.0748906  -0.0602707  0  0.422116  -0.0438542  0.772734  1  
0.0567805  -0.049251  0.997162  0  -0.0776518  -0.995965  -0.0447703  0  0.995362  -0.0748908  -0.060377  0  0.422164  -0.0438596  0.772684  1  
0.0568922  -0.0492608  0.997155  0  -0.0776601  -0.995964  -0.0447711  0  0.995355  -0.0748935  -0.0604894  0  0.422213  -0.0438654  0.77263  1  
0.0569948  -0.0492743  0.997148  0  -0.0776697  -0.995963  -0.0447764  0  0.995349  -0.0748976  -0.0605931  0  0.422259  -0.0438724  0.772582  1  
0.0571046  -0.0492846  0.997141  0  -0.0776825  -0.995962  -0.0447776  0  0.995341  -0.0749049  -0.0607037  0  0.422308  -0.0438817  0.772529  1  
0.0572184  -0.0492934  0.997134  0  -0.0776931  -0.995962  -0.0447772  0  0.995334  -0.0749098  -0.0608183  0  0.422359  -0.0438889  0.772476  1  
0.0573348  -0.0493152  0.997127  0  -0.0777031  -0.99596  -0.0447896  0  0.995326  -0.0749133  -0.0609363  0  0.42241  -0.0438966  0.77242  1  
0.0574429  -0.0493233  0.99712  0  -0.0777147  -0.995959  -0.0447889  0  0.995319  -0.0749195  -0.0610452  0  0.42246  -0.0439045  0.772369  1  
0.0575584  -0.0493366  0.997113  0  -0.0777252  -0.995958  -0.0447928  0  0.995312  -0.074924  -0.0611617  0  0.422511  -0.0439121  0.772314  1  
0.0576725  -0.0493477  0.997106  0  -0.0777341  -0.995958  -0.0447948  0  0.995305  -0.0749271  -0.0612766  0  0.422561  -0.0439195  0.772261  1  
0.0577864  -0.049362  0.997098  0  -0.0777459  -0.995956  -0.0447997  0  0.995297  -0.0749329  -0.0613917  0  0.422611  -0.0439271  0.772208  1  
0.0579079  -0.0493769  0.99709  0  -0.0777571  -0.995955  -0.0448048  0  0.995289  -0.0749378  -0.0615143  0  0.422664  -0.0439349  0.772151  1  
0.0580239  -0.0493825  0.997083  0  -0.077766  -0.995955  -0.0448011  0  0.995282  -0.0749411  -0.0616306  0  0.422716  -0.0439413  0.772097  1  
0.0581486  -0.0493921  0.997076  0  -0.0777784  -0.995954  -0.0448006  0  0.995273  -0.0749473  -0.0617562  0  0.422771  -0.0439503  0.772039  1  
0.0582696  -0.0494024  0.997068  0  -0.0777904  -0.995953  -0.044801  0  0.995265  -0.0749532  -0.061878  0  0.422824  -0.0439582  0.771982  1  
0.0583849  -0.04942  0.99706  0  -0.077799  -0.995952  -0.0448094  0  0.995258  -0.0749556  -0.0619945  0  0.422876  -0.043964  0.771928  1  
0.0585079  -0.0494389  0.997052  0  -0.0778099  -0.995951  -0.0448184  0  0.99525  -0.0749598  -0.062119  0  0.42293  -0.0439721  0.771871  1  
0.058632  -0.0494437  0.997045  0  -0.0778184  -0.99595  -0.0448132  0  0.995242  -0.0749624  -0.0622433  0  0.422984  -0.0439777  0.771815  1  
0.0587551  -0.0494563  0.997037  0  -0.0778297  -0.995949  -0.0448159  0  0.995234  -0.0749673  -0.0623674  0  0.423039  -0.0439859  0.771757  1  
0.05888  -0.0494714  0.997029  0  -0.0778401  -0.995948  -0.0448209  0  0.995226  -0.0749712  -0.0624935  0  0.423093  -0.0439932  0.771699  1  
0.0590041  -0.0494818  0.997021  0  -0.0778543  -0.995947  -0.044821  0  0.995217  -0.0749792  -0.0626185  0  0.423148  -0.0440035  0.77164  1  
0.0591216  -0.0494992  0.997013  0  -0.0778673  -0.995946  -0.0448288  0  0.995209  -0.0749858  -0.0627375  0  0.423202  -0.0440119  0.771586  1  
0.0592456  -0.049507  0.997005  0  -0.0778758  -0.995945  -0.0448267  0  0.995201  -0.0749882  -0.062862  0  0.423257  -0.044018  0.771528  1  
0.0593658  -0.0495167  0.996998  0  -0.0778845  -0.995944  -0.0448268  0  0.995193  -0.0749909  -0.0629828  0  0.423312  -0.044025  0.771472  1  
0.0594827  -0.0495259  0.99699  0  -0.0778935  -0.995944  -0.0448266  0  0.995186  -0.0749941  -0.0631004  0  0.423366  -0.0440316  0.771418  1  
0.0596038  -0.0495444  0.996982  0  -0.0779088  -0.995942  -0.044835  0  0.995177  -0.0750028  -0.0632231  0  0.423422  -0.0440424  0.771361  1  
0.059721  -0.0495543  0.996975  0  -0.077915  -0.995942  -0.0448357  0  0.99517  -0.0750031  -0.0633409  0  0.423476  -0.0440473  0.771306  1  
0.0598391  -0.0495729  0.996967  0  -0.0779326  -0.99594  -0.0448442  0  0.995161  -0.0750142  -0.0634607  0  0.423531  -0.0440597  0.77125  1  
0.0599629  -0.0495791  0.996959  0  -0.0779429  -0.995939  -0.0448405  0  0.995153  -0.0750186  -0.063585  0  0.423589  -0.0440675  0.771192  1  
0.0600728  -0.0496019  0.996951  0  -0.0779563  -0.995938  -0.0448541  0  0.995145  -0.0750256  -0.0636967  0  0.423643  -0.0440772  0.77114  1  
0.0601929  -0.0496096  0.996944  0  -0.0779669  -0.995937  -0.0448521  0  0.995137  -0.0750303  -0.0638174  0  0.423699  -0.044086  0.771083  1  
0.0603034  -0.0496187  0.996936  0  -0.0779803  -0.995936  -0.044852  0  0.995129  -0.0750381  -0.0639288  0  0.423755  -0.0440943  0.771031  1  
0.0604237  -0.0496301  0.996929  0  -0.0779943  -0.995935  -0.0448534  0  0.995121  -0.075046  -0.0640502  0  0.423812  -0.044104  0.770973  1  
0.0605347  -0.0496393  0.996921  0  -0.078006  -0.995934  -0.0448534  0  0.995113  -0.0750521  -0.0641619  0  0.423868  -0.0441126  0.770921  1  
0.0606542  -0.0496614  0.996913  0  -0.0780181  -0.995932  -0.0448658  0  0.995105  -0.0750574  -0.0642832  0  0.423927  -0.044122  0.770865  1  
0.0607697  -0.0496716  0.996905  0  -0.0780314  -0.995931  -0.0448664  0  0.995097  -0.0750649  -0.0643996  0  0.423983  -0.0441318  0.77081  1  
0.0608822  -0.049689  0.996898  0  -0.078045  -0.99593  -0.0448744  0  0.995089  -0.0750723  -0.0645136  0  0.424039  -0.044142  0.770757  1  
0.0609943  -0.0497005  0.99689  0  -0.0780573  -0.995929  -0.0448767  0  0.995081  -0.0750787  -0.0646267  0  0.424096  -0.0441509  0.770704  1  
0.0611144  -0.0497079  0.996883  0  -0.0780691  -0.995928  -0.0448743  0  0.995073  -0.0750847  -0.0647475  0  0.424155  -0.0441588  0.770648  1  
0.061231  -0.0497288  0.996874  0  -0.0780854  -0.995926  -0.0448853  0  0.995064  -0.0750944  -0.0648659  0  0.424214  -0.0441702  0.770593  1  
0.0613434  -0.0497371  0.996867  0  -0.0780939  -0.995925  -0.0448845  0  0.995057  -0.0750973  -0.0649789  0  0.424272  -0.0441766  0.770541  1  
0.0614539  -0.0497498  0.99686  0  -0.0781085  -0.995924  -0.0448879  0  0.995049  -0.0751061  -0.0650906  0  0.424329  -0.0441878  0.770489  1  
0.0615748  -0.0497621  0.996852  0  -0.0781225  -0.995923  -0.0448902  0  0.99504  -0.0751138  -0.0652126  0  0.424388  -0.0441977  0.770432  1  
