0.0365636 -0.0185839 0.999149 0 -0.0839906 -0.996337 -0.015458 0 0.995795 -0.0833555 -0.0379912 0 0.408868 0.0114617 0.752398 1 
0.0361586 -0.0189749 0.999156 0 -0.0843569 -0.9963 -0.0158678 0 0.995779 -0.0837136 -0.0376262 0 0.40877 0.0111602 0.752576 1 
0.0361482 -0.0189884 0.999156 0 -0.0843646 -0.996299 -0.0158819 0 0.995779 -0.0837209 -0.0376171 0 0.408766 0.0111523 0.75258 1 
0.0361368 -0.0189962 0.999157 0 -0.0843728 -0.996298 -0.0158903 0 0.995779 -0.083729 -0.0376065 0 0.408762 0.011146 0.752585 1 
0.0361299 -0.0189962 0.999157 0 -0.084373 -0.996298 -0.0158909 0 0.995779 -0.0837293 -0.0375996 0 0.408758 0.0111445 0.752588 1 
0.0361203 -0.0190037 0.999157 0 -0.0843789 -0.996297 -0.0158989 0 0.995779 -0.0837351 -0.0375907 0 0.408755 0.0111388 0.752593 1 
0.0361101 -0.0190077 0.999157 0 -0.084382 -0.996297 -0.0159037 0 0.995779 -0.0837383 -0.037581 0 0.408751 0.0111354 0.752597 1 
0.0361014 -0.0190151 0.999158 0 -0.0843829 -0.996297 -0.0159118 0 0.995779 -0.083739 -0.037573 0 0.408748 0.011134 0.752601 1 
0.0360949 -0.0190172 0.999158 0 -0.0843928 -0.996296 -0.015914 0 0.995779 -0.0837489 -0.0375668 0 0.408745 0.0111282 0.752603 1 
0.0360914 -0.0190185 0.999158 0 -0.0843898 -0.996296 -0.0159157 0 0.995779 -0.083746 -0.0375634 0 0.408743 0.0111287 0.752605 1 
0.036089 -0.0190292 0.999158 0 -0.0843956 -0.996295 -0.0159264 0 0.995778 -0.0837513 -0.037562 0 0.408741 0.0111232 0.752605 1 
0.0360849 -0.0190241 0.999158 0 -0.0843917 -0.996296 -0.0159218 0 0.995779 -0.0837477 -0.0375575 0 0.408739 0.0111262 0.752607 1 
0.0360846 -0.0190299 0.999158 0 -0.0844003 -0.996295 -0.0159272 0 0.995778 -0.0837562 -0.0375578 0 0.408739 0.0111193 0.752607 1 
0.0360808 -0.0190247 0.999158 0 -0.0844022 -0.996295 -0.0159223 0 0.995778 -0.0837582 -0.0375536 0 0.408737 0.0111187 0.752608 1 
0.0360816 -0.0190328 0.999158 0 -0.0844002 -0.996295 -0.0159304 0 0.995778 -0.083756 -0.037555 0 0.408738 0.0111179 0.752608 1 
0.0360793 -0.0190339 0.999158 0 -0.084405 -0.996295 -0.0159315 0 0.995778 -0.0837607 -0.0375529 0 0.408737 0.011114 0.752609 1 
0.0360898 -0.0190324 0.999158 0 -0.0844084 -0.996294 -0.015929 0 0.995777 -0.0837641 -0.0375633 0 0.408738 0.0111128 0.752604 1 
0.0360844 -0.0190385 0.999158 0 -0.084411 -0.996294 -0.0159354 0 0.995777 -0.0837665 -0.0375585 0 0.408737 0.0111103 0.752606 1 
0.0360808 -0.0190413 0.999158 0 -0.0844091 -0.996294 -0.0159386 0 0.995778 -0.0837646 -0.037555 0 0.408736 0.0111102 0.752608 1 
0.0360869 -0.0190415 0.999158 0 -0.0844097 -0.996294 -0.0159383 0 0.995777 -0.0837651 -0.0375611 0 0.408737 0.0111096 0.752605 1 
0.0360863 -0.0190374 0.999158 0 -0.0844125 -0.996294 -0.0159341 0 0.995777 -0.083768 -0.0375603 0 0.408737 0.0111091 0.752605 1 
0.0360875 -0.0190288 0.999158 0 -0.0844119 -0.996294 -0.0159255 0 0.995777 -0.0837677 -0.0375607 0 0.408738 0.0111105 0.752604 1 
0.0360885 -0.0190371 0.999158 0 -0.0844144 -0.996294 -0.0159336 0 0.995777 -0.0837699 -0.0375625 0 0.408737 0.0111096 0.752603 1 
0.0360907 -0.019035 0.999158 0 -0.0844151 -0.996294 -0.0159313 0 0.995777 -0.0837706 -0.0375645 0 0.408738 0.011109 0.752603 1 
0.0360944 -0.0190293 0.999158 0 -0.0844157 -0.996294 -0.0159252 0 0.995777 -0.0837713 -0.0375677 0 0.408738 0.0111098 0.752601 1 
0.0360999 -0.0190205 0.999158 0 -0.0844148 -0.996294 -0.015916 0 0.995776 -0.0837707 -0.0375724 0 0.40874 0.011112 0.752598 1 
0.0361003 -0.0190206 0.999158 0 -0.0844099 -0.996294 -0.0159163 0 0.995777 -0.0837658 -0.0375728 0 0.40874 0.011115 0.752598 1 
0.0361042 -0.0190197 0.999157 0 -0.0844114 -0.996294 -0.015915 0 0.995777 -0.0837673 -0.0375766 0 0.408742 0.0111151 0.752596 1 
0.0361063 -0.0190128 0.999157 0 -0.0844082 -0.996295 -0.0159081 0 0.995777 -0.0837643 -0.037578 0 0.408743 0.0111185 0.752595 1 
0.0361132 -0.019004 0.999157 0 -0.0844011 -0.996295 -0.015899 0 0.995777 -0.0837574 -0.0375841 0 0.408744 0.0111245 0.752593 1 
0.0361145 -0.0190024 0.999157 0 -0.0844015 -0.996295 -0.0158973 0 0.995777 -0.0837579 -0.0375853 0 0.408744 0.0111246 0.752592 1 
0.0361174 -0.0189951 0.999157 0 -0.0843929 -0.996296 -0.0158901 0 0.995778 -0.0837495 -0.0375874 0 0.408745 0.011131 0.752591 1 
0.0361245 -0.0189959 0.999157 0 -0.0843923 -0.996296 -0.0158903 0 0.995777 -0.0837487 -0.0375945 0 0.408747 0.0111318 0.752587 1 
0.0361203 -0.0189889 0.999157 0 -0.0843826 -0.996297 -0.015884 0 0.995778 -0.0837394 -0.0375896 0 0.408747 0.0111385 0.752589 1 
0.0361306 -0.018982 0.999157 0 -0.0843798 -0.996298 -0.0158764 0 0.995778 -0.0837367 -0.0375993 0 0.408749 0.0111413 0.752584 1 
0.0361397 -0.018971 0.999157 0 -0.0843685 -0.996299 -0.0158651 0 0.995779 -0.0837256 -0.0376072 0 0.408751 0.0111484 0.752582 1 
0.0361468 -0.0189692 0.999157 0 -0.0843693 -0.996299 -0.0158627 0 0.995779 -0.0837264 -0.0376142 0 0.408754 0.0111502 0.752578 1 
0.036149 -0.0189655 0.999157 0 -0.0843562 -0.9963 -0.0158593 0 0.99578 -0.0837134 -0.0376158 0 0.408753 0.0111581 0.752578 1 
0.0361621 -0.0189526 0.999157 0 -0.0843462 -0.996301 -0.0158457 0 0.99578 -0.0837037 -0.0376276 0 0.408758 0.0111654 0.752573 1 
0.036163 -0.018945 0.999157 0 -0.0843385 -0.996302 -0.0158383 0 0.995781 -0.0836962 -0.0376278 0 0.408758 0.0111712 0.752573 1 
0.0361764 -0.0189363 0.999156 0 -0.0843306 -0.996302 -0.0158288 0 0.995781 -0.0836884 -0.0376403 0 0.408762 0.0111763 0.752566 1 
0.0361836 -0.0189327 0.999156 0 -0.0843208 -0.996303 -0.015825 0 0.995781 -0.0836786 -0.037647 0 0.408764 0.0111831 0.752563 1 
0.0361832 -0.0189223 0.999156 0 -0.0843081 -0.996305 -0.0158152 0 0.995782 -0.0836664 -0.0376455 0 0.408765 0.0111922 0.752564 1 
0.0361927 -0.0189153 0.999156 0 -0.084303 -0.996305 -0.0158076 0 0.995783 -0.0836614 -0.0376543 0 0.408768 0.0111959 0.752559 1 
0.0361977 -0.0189078 0.999156 0 -0.0842914 -0.996306 -0.0158002 0 0.995783 -0.0836499 -0.0376585 0 0.408769 0.0112029 0.752556 1 
0.0362078 -0.0189018 0.999156 0 -0.084283 -0.996307 -0.0157936 0 0.995784 -0.0836417 -0.0376679 0 0.408772 0.011208 0.752552 1 
0.0362175 -0.0188988 0.999156 0 -0.084277 -0.996308 -0.01579 0 0.995784 -0.0836355 -0.0376773 0 0.408774 0.0112128 0.752548 1 
0.0362253 -0.0188888 0.999155 0 -0.0842687 -0.996308 -0.0157798 0 0.995784 -0.0836275 -0.037684 0 0.408777 0.0112196 0.752545 1 
0.0362324 -0.018883 0.999155 0 -0.0842644 -0.996309 -0.0157735 0 0.995784 -0.0836234 -0.0376905 0 0.408779 0.0112229 0.752541 1 
0.0362411 -0.0188686 0.999155 0 -0.0842535 -0.99631 -0.0157589 0 0.995785 -0.0836128 -0.0376979 0 0.40878 0.0112312 0.752538 1 
0.0362409 -0.0188641 0.999155 0 -0.0842463 -0.996311 -0.0157546 0 0.995786 -0.0836058 -0.0376971 0 0.408781 0.0112372 0.752538 1 
0.0362513 -0.0188617 0.999155 0 -0.0842418 -0.996311 -0.0157515 0 0.995786 -0.0836012 -0.0377072 0 0.408784 0.0112402 0.752533 1 
0.0362576 -0.0188561 0.999155 0 -0.0842354 -0.996312 -0.0157457 0 0.995786 -0.0835949 -0.0377129 0 0.408786 0.0112454 0.752529 1 
0.0362677 -0.0188504 0.999155 0 -0.0842321 -0.996312 -0.0157393 0 0.995786 -0.0835917 -0.0377225 0 0.408788 0.0112485 0.752525 1 
0.0362714 -0.0188432 0.999155 0 -0.0842286 -0.996313 -0.0157319 0 0.995786 -0.0835884 -0.0377255 0 0.40879 0.0112507 0.752523 1 
0.036285 -0.0188402 0.999154 0 -0.0842259 -0.996313 -0.0157279 0 0.995786 -0.0835856 -0.0377387 0 0.408794 0.011254 0.752517 1 
0.036286 -0.0188368 0.999154 0 -0.0842215 -0.996313 -0.0157246 0 0.995786 -0.0835813 -0.0377394 0 0.408794 0.0112572 0.752516 1 
0.0362982 -0.0188321 0.999154 0 -0.0842221 -0.996313 -0.0157188 0 0.995786 -0.0835819 -0.0377512 0 0.408797 0.011259 0.75251 1 
0.036306 -0.0188288 0.999154 0 -0.0842162 -0.996314 -0.0157151 0 0.995786 -0.083576 -0.0377586 0 0.4088 0.0112623 0.752509 1 
0.0363131 -0.0188189 0.999154 0 -0.084213 -0.996314 -0.0157048 0 0.995786 -0.083573 -0.0377648 0 0.4088 0.0112667 0.752506 1 
0.0363215 -0.0188228 0.999153 0 -0.0842113 -0.996314 -0.0157081 0 0.995786 -0.0835711 -0.0377734 0 0.408804 0.0112687 0.752501 1 
0.0363233 -0.0188125 0.999153 0 -0.0842074 -0.996315 -0.0156977 0 0.995786 -0.0835675 -0.0377744 0 0.408805 0.0112732 0.7525 1 
0.0363248 -0.018815 0.999153 0 -0.0842057 -0.996315 -0.0157002 0 0.995786 -0.0835657 -0.037776 0 0.408805 0.0112752 0.752499 1 
0.0363272 -0.0188047 0.999153 0 -0.0842063 -0.996315 -0.0156897 0 0.995786 -0.0835667 -0.0377775 0 0.408806 0.011276 0.752498 1 
0.0363338 -0.0187957 0.999153 0 -0.0841996 -0.996316 -0.0156805 0 0.995786 -0.0835602 -0.0377832 0 0.408808 0.0112818 0.752494 1 
0.0363357 -0.0187929 0.999153 0 -0.0841914 -0.996317 -0.0156778 0 0.995787 -0.0835521 -0.0377848 0 0.408809 0.0112872 0.752493 1 
0.0363392 -0.0187876 0.999153 0 -0.0841949 -0.996316 -0.0156721 0 0.995786 -0.0835557 -0.0377879 0 0.40881 0.0112878 0.752491 1 
0.0363485 -0.0187845 0.999153 0 -0.084194 -0.996317 -0.0156682 0 0.995786 -0.0835548 -0.0377968 0 0.408811 0.0112892 0.752487 1 
0.036355 -0.0187727 0.999153 0 -0.0841858 -0.996317 -0.0156562 0 0.995787 -0.0835469 -0.0378022 0 0.408814 0.0112964 0.752484 1 
0.0363531 -0.0187745 0.999153 0 -0.0841888 -0.996317 -0.0156581 0 0.995786 -0.0835499 -0.0378005 0 0.408813 0.0112954 0.752485 1 
0.0363602 -0.0187752 0.999153 0 -0.0841868 -0.996317 -0.0156583 0 0.995786 -0.0835477 -0.0378076 0 0.408814 0.0112969 0.752481 1 
0.0363618 -0.0187659 0.999153 0 -0.0841816 -0.996318 -0.0156491 0 0.995787 -0.0835429 -0.0378084 0 0.408815 0.0113003 0.752482 1 
0.0363696 -0.0187628 0.999153 0 -0.0841798 -0.996318 -0.0156454 0 0.995787 -0.0835411 -0.0378159 0 0.408817 0.011303 0.752477 1 
0.0363675 -0.0187655 0.999153 0 -0.0841829 -0.996318 -0.0156481 0 0.995786 -0.0835441 -0.037814 0 0.408817 0.0113013 0.752477 1 
0.0363732 -0.0187643 0.999152 0 -0.0841805 -0.996318 -0.0156465 0 0.995786 -0.0835417 -0.0378195 0 0.408818 0.0113038 0.752475 1 
0.036375 -0.0187615 0.999152 0 -0.084172 -0.996319 -0.0156439 0 0.995787 -0.0835332 -0.037821 0 0.408819 0.0113082 0.752473 1 
0.0363714 -0.0187583 0.999153 0 -0.0841741 -0.996319 -0.015641 0 0.995787 -0.0835355 -0.0378172 0 0.408817 0.0113075 0.752475 1 
0.0363756 -0.0187575 0.999153 0 -0.084173 -0.996319 -0.0156399 0 0.995787 -0.0835344 -0.0378213 0 0.408818 0.0113085 0.752473 1 
0.0363764 -0.0187574 0.999152 0 -0.0841716 -0.996319 -0.0156398 0 0.995787 -0.083533 -0.037822 0 0.408819 0.0113088 0.752473 1 
0.0363768 -0.0187591 0.999152 0 -0.0841726 -0.996319 -0.0156413 0 0.995787 -0.0835339 -0.0378226 0 0.408819 0.0113088 0.752472 1 
0.0363757 -0.0187586 0.999152 0 -0.0841688 -0.996319 -0.0156411 0 0.995787 -0.0835301 -0.0378215 0 0.408818 0.011311 0.752473 1 
0.0363793 -0.0187524 0.999152 0 -0.0841678 -0.996319 -0.0156346 0 0.995787 -0.0835293 -0.0378245 0 0.408819 0.0113114 0.752471 1 
0.0363783 -0.018751 0.999153 0 -0.0841639 -0.99632 -0.0156335 0 0.995788 -0.0835255 -0.0378233 0 0.408818 0.0113142 0.752471 1 
0.0363718 -0.0187537 0.999153 0 -0.0841618 -0.99632 -0.0156369 0 0.995788 -0.0835234 -0.037817 0 0.408816 0.0113154 0.752475 1 
0.0363738 -0.0187553 0.999153 0 -0.0841656 -0.996319 -0.0156381 0 0.995788 -0.0835271 -0.0378192 0 0.408818 0.0113133 0.752474 1 
0.0363685 -0.0187524 0.999153 0 -0.0841631 -0.99632 -0.0156357 0 0.995788 -0.0835247 -0.0378137 0 0.408816 0.0113156 0.752475 1 
0.0363723 -0.0187503 0.999153 0 -0.0841601 -0.99632 -0.0156334 0 0.995788 -0.0835218 -0.0378172 0 0.408817 0.0113186 0.752475 1 
0.0363718 -0.0187442 0.999153 0 -0.0841574 -0.99632 -0.0156275 0 0.995788 -0.0835193 -0.0378161 0 0.408816 0.0113192 0.752475 1 
0.0363689 -0.0187487 0.999153 0 -0.0841592 -0.99632 -0.0156322 0 0.995788 -0.083521 -0.0378137 0 0.408816 0.0113185 0.752476 1 
0.0363636 -0.0187432 0.999153 0 -0.0841553 -0.99632 -0.0156273 0 0.995789 -0.0835173 -0.0378078 0 0.408815 0.0113221 0.752479 1 
0.0363654 -0.0187431 0.999153 0 -0.0841577 -0.99632 -0.0156269 0 0.995789 -0.0835197 -0.0378097 0 0.408815 0.0113218 0.752478 1 
0.036365 -0.018736 0.999153 0 -0.0841541 -0.996321 -0.01562 0 0.995789 -0.0835164 -0.0378086 0 0.408816 0.0113238 0.752479 1 
0.0363618 -0.0187358 0.999153 0 -0.0841538 -0.996321 -0.0156201 0 0.995789 -0.0835162 -0.0378054 0 0.408815 0.011325 0.752481 1 
0.0363623 -0.0187393 0.999153 0 -0.0841508 -0.996321 -0.0156236 0 0.995789 -0.083513 -0.0378062 0 0.408815 0.0113262 0.752481 1 
0.0363505 -0.0187358 0.999154 0 -0.0841499 -0.996321 -0.0156212 0 0.99579 -0.0835125 -0.0377941 0 0.408812 0.0113275 0.752485 1 
0.036346 -0.0187359 0.999154 0 -0.084152 -0.996321 -0.0156216 0 0.99579 -0.0835146 -0.0377897 0 0.408811 0.0113267 0.752488 1 
0.0363533 -0.0187286 0.999154 0 -0.0841474 -0.996321 -0.0156139 0 0.99579 -0.0835102 -0.0377963 0 0.408813 0.0113298 0.752485 1 
0.0363499 -0.0187374 0.999154 0 -0.0841523 -0.996321 -0.0156228 0 0.99579 -0.0835148 -0.0377937 0 0.408812 0.011326 0.752486 1 
0.0363397 -0.0187336 0.999154 0 -0.0841517 -0.996321 -0.0156199 0 0.99579 -0.0835146 -0.0377832 0 0.408809 0.0113268 0.752491 1 
0.0363394 -0.018736 0.999154 0 -0.0841536 -0.996321 -0.0156222 0 0.99579 -0.0835163 -0.0377831 0 0.408809 0.0113261 0.752492 1 
0.0363362 -0.0187352 0.999154 0 -0.0841501 -0.996321 -0.0156217 0 0.99579 -0.083513 -0.0377798 0 0.408809 0.0113279 0.752493 1 
0.0363284 -0.0187333 0.999155 0 -0.0841494 -0.996321 -0.0156206 0 0.995791 -0.0835124 -0.0377718 0 0.408806 0.0113271 0.752496 1 
0.0363257 -0.0187318 0.999155 0 -0.0841536 -0.996321 -0.0156192 0 0.99579 -0.0835167 -0.0377691 0 0.408806 0.0113259 0.752498 1 
0.0363194 -0.0187394 0.999155 0 -0.0841509 -0.996321 -0.0156274 0 0.995791 -0.0835138 -0.0377634 0 0.408804 0.0113267 0.752501 1 
0.0363114 -0.0187324 0.999155 0 -0.0841523 -0.996321 -0.015621 0 0.995791 -0.0835157 -0.0377549 0 0.408801 0.0113262 0.752504 1 
0.0363144 -0.0187348 0.999155 0 -0.0841556 -0.99632 -0.015623 0 0.995791 -0.0835187 -0.0377581 0 0.408802 0.0113241 0.752503 1 
0.0363063 -0.0187334 0.999155 0 -0.0841574 -0.99632 -0.0156222 0 0.995791 -0.0835207 -0.03775 0 0.408801 0.0113228 0.752507 1 
0.0363063 -0.0187406 0.999155 0 -0.0841534 -0.996321 -0.0156296 0 0.995791 -0.0835164 -0.0377505 0 0.408801 0.0113249 0.752506 1 
0.0362967 -0.0187419 0.999156 0 -0.0841553 -0.99632 -0.0156316 0 0.995791 -0.0835185 -0.0377411 0 0.408798 0.0113242 0.752511 1 
0.0362893 -0.0187394 0.999156 0 -0.0841529 -0.996321 -0.0156298 0 0.995792 -0.0835163 -0.0377335 0 0.408796 0.0113244 0.752514 1 
0.0362907 -0.018737 0.999156 0 -0.0841587 -0.99632 -0.015627 0 0.995791 -0.0835222 -0.0377348 0 0.408796 0.0113218 0.752513 1 
0.0362828 -0.0187355 0.999156 0 -0.0841583 -0.99632 -0.0156262 0 0.995792 -0.0835219 -0.0377268 0 0.408794 0.0113225 0.752517 1 
0.0362869 -0.0187408 0.999156 0 -0.0841591 -0.99632 -0.0156311 0 0.995791 -0.0835225 -0.0377313 0 0.408794 0.011322 0.752515 1 
0.0362792 -0.0187386 0.999156 0 -0.0841567 -0.99632 -0.0156297 0 0.995792 -0.0835203 -0.0377234 0 0.408792 0.0113235 0.75252 1 
0.0362835 -0.0187402 0.999156 0 -0.0841633 -0.99632 -0.0156307 0 0.995791 -0.0835268 -0.0377279 0 0.408793 0.0113197 0.752517 1 
0.0362777 -0.0187411 0.999156 0 -0.0841584 -0.99632 -0.0156322 0 0.995792 -0.0835219 -0.0377222 0 0.408791 0.0113227 0.75252 1 
0.0362732 -0.0187433 0.999156 0 -0.0841575 -0.99632 -0.0156348 0 0.995792 -0.083521 -0.0377179 0 0.40879 0.0113227 0.752522 1 
0.0362754 -0.0187412 0.999156 0 -0.0841593 -0.99632 -0.0156325 0 0.995792 -0.0835228 -0.0377199 0 0.408791 0.0113217 0.752521 1 
0.0362713 -0.0187409 0.999157 0 -0.0841627 -0.99632 -0.0156325 0 0.995792 -0.0835264 -0.0377158 0 0.408789 0.0113188 0.752523 1 
0.0362676 -0.0187369 0.999157 0 -0.0841612 -0.99632 -0.0156288 0 0.995792 -0.083525 -0.0377118 0 0.408788 0.0113213 0.752525 1 
0.0362658 -0.0187376 0.999157 0 -0.0841563 -0.99632 -0.0156298 0 0.995792 -0.0835201 -0.03771 0 0.408788 0.0113241 0.752525 1 
0.0362649 -0.0187438 0.999157 0 -0.0841593 -0.99632 -0.015636 0 0.995792 -0.0835229 -0.0377096 0 0.408788 0.0113209 0.752525 1 
0.0362706 -0.0187439 0.999157 0 -0.0841563 -0.99632 -0.0156357 0 0.995792 -0.0835198 -0.0377153 0 0.408789 0.0113219 0.752522 1 
0.0362663 -0.0187354 0.999157 0 -0.0841605 -0.99632 -0.0156275 0 0.995792 -0.0835244 -0.0377104 0 0.408788 0.0113217 0.752524 1 
0.0362639 -0.0187417 0.999157 0 -0.0841564 -0.99632 -0.0156341 0 0.995792 -0.0835201 -0.0377084 0 0.408786 0.0113241 0.752526 1 
0.0362693 -0.018742 0.999157 0 -0.084159 -0.99632 -0.0156339 0 0.995792 -0.0835226 -0.0377139 0 0.408788 0.0113219 0.752523 1 
0.0362669 -0.018745 0.999157 0 -0.0841597 -0.99632 -0.015637 0 0.995792 -0.0835233 -0.0377118 0 0.408788 0.0113207 0.752523 1 
0.0362663 -0.0187373 0.999157 0 -0.0841587 -0.99632 -0.0156294 0 0.995792 -0.0835225 -0.0377104 0 0.408787 0.0113218 0.752524 1 
0.0362695 -0.0187436 0.999157 0 -0.0841596 -0.99632 -0.0156354 0 0.995792 -0.0835231 -0.0377142 0 0.408788 0.0113211 0.752523 1 
0.0362706 -0.0187476 0.999157 0 -0.0841622 -0.99632 -0.0156392 0 0.995792 -0.0835256 -0.0377157 0 0.408789 0.0113193 0.752521 1 
0.0362684 -0.0187425 0.999157 0 -0.0841593 -0.99632 -0.0156344 0 0.995792 -0.0835229 -0.037713 0 0.408788 0.0113213 0.752522 1 
0.036271 -0.0187466 0.999157 0 -0.0841625 -0.99632 -0.0156382 0 0.995792 -0.0835259 -0.037716 0 0.408788 0.0113193 0.752521 1 
0.0362733 -0.018741 0.999157 0 -0.0841635 -0.99632 -0.0156323 0 0.995791 -0.0835271 -0.0377179 0 0.40879 0.0113198 0.75252 1 
0.0362729 -0.0187459 0.999156 0 -0.0841604 -0.99632 -0.0156374 0 0.995792 -0.0835238 -0.0377178 0 0.40879 0.01132 0.752521 1 
0.0362749 -0.0187471 0.999156 0 -0.0841648 -0.996319 -0.0156382 0 0.995791 -0.0835281 -0.03772 0 0.40879 0.0113181 0.752521 1 
0.0362679 -0.0187457 0.999157 0 -0.0841582 -0.99632 -0.0156377 0 0.995792 -0.0835217 -0.0377128 0 0.408789 0.0113219 0.752524 1 
0.036269 -0.0187393 0.999157 0 -0.0841613 -0.99632 -0.0156311 0 0.995792 -0.083525 -0.0377133 0 0.408789 0.0113207 0.752523 1 
0.0362712 -0.0187388 0.999157 0 -0.0841626 -0.99632 -0.0156303 0 0.995792 -0.0835263 -0.0377155 0 0.40879 0.0113204 0.752522 1 
0.036273 -0.0187394 0.999157 0 -0.0841598 -0.99632 -0.0156309 0 0.995792 -0.0835234 -0.0377173 0 0.408791 0.011322 0.752522 1 
0.0362773 -0.0187424 0.999156 0 -0.0841581 -0.99632 -0.0156336 0 0.995792 -0.0835215 -0.0377219 0 0.408793 0.0113228 0.752521 1 
0.0362826 -0.0187401 0.999156 0 -0.0841591 -0.99632 -0.0156309 0 0.995791 -0.0835225 -0.0377269 0 0.408795 0.0113224 0.752518 1 
0.0362756 -0.0187377 0.999157 0 -0.0841599 -0.99632 -0.015629 0 0.995792 -0.0835235 -0.0377198 0 0.408793 0.0113226 0.752521 1 
0.0362823 -0.0187351 0.999156 0 -0.084159 -0.99632 -0.0156258 0 0.995791 -0.0835226 -0.0377262 0 0.408795 0.0113228 0.752518 1 
0.036284 -0.0187425 0.999156 0 -0.0841596 -0.99632 -0.0156331 0 0.995791 -0.083523 -0.0377286 0 0.408796 0.0113217 0.752517 1 
0.0362896 -0.0187419 0.999156 0 -0.0841545 -0.99632 -0.0156322 0 0.995792 -0.0835178 -0.037734 0 0.408797 0.0113237 0.752514 1 
0.036287 -0.0187386 0.999156 0 -0.0841534 -0.996321 -0.0156292 0 0.995792 -0.0835168 -0.0377311 0 0.408797 0.0113252 0.752516 1 
0.0362932 -0.0187396 0.999156 0 -0.0841586 -0.99632 -0.0156295 0 0.995791 -0.0835219 -0.0377375 0 0.408799 0.0113221 0.752513 1 
0.0362998 -0.0187372 0.999156 0 -0.0841576 -0.99632 -0.0156265 0 0.995791 -0.0835209 -0.0377438 0 0.408801 0.0113231 0.752511 1 
0.0362961 -0.0187426 0.999156 0 -0.0841556 -0.99632 -0.0156323 0 0.995791 -0.0835187 -0.0377406 0 0.408801 0.0113237 0.752512 1 
0.036305 -0.0187415 0.999155 0 -0.0841569 -0.99632 -0.0156304 0 0.995791 -0.08352 -0.0377493 0 0.408803 0.0113236 0.752508 1 
0.0363078 -0.0187428 0.999155 0 -0.0841522 -0.996321 -0.0156317 0 0.995791 -0.0835151 -0.0377522 0 0.408804 0.0113252 0.752507 1 
0.0363056 -0.018738 0.999155 0 -0.0841517 -0.996321 -0.015627 0 0.995791 -0.0835149 -0.0377496 0 0.408803 0.0113256 0.752508 1 
0.0363117 -0.018739 0.999155 0 -0.0841532 -0.996321 -0.0156275 0 0.995791 -0.0835162 -0.0377558 0 0.408805 0.011326 0.752505 1 
0.0363118 -0.0187398 0.999155 0 -0.0841544 -0.99632 -0.0156283 0 0.995791 -0.0835175 -0.0377559 0 0.408805 0.0113239 0.752505 1 
0.0363188 -0.0187432 0.999155 0 -0.0841585 -0.99632 -0.0156309 0 0.99579 -0.0835213 -0.0377632 0 0.408808 0.0113219 0.752501 1 
0.0363231 -0.018739 0.999155 0 -0.0841548 -0.99632 -0.0156265 0 0.99579 -0.0835177 -0.0377671 0 0.408809 0.0113243 0.7525 1 
0.0363244 -0.0187448 0.999155 0 -0.0841579 -0.99632 -0.0156321 0 0.99579 -0.0835206 -0.037769 0 0.408809 0.0113224 0.752499 1 
0.0363308 -0.0187434 0.999154 0 -0.0841562 -0.99632 -0.0156302 0 0.99579 -0.0835188 -0.0377752 0 0.408811 0.011323 0.752496 1 
0.03634 -0.0187387 0.999154 0 -0.0841594 -0.99632 -0.0156246 0 0.995789 -0.083522 -0.037784 0 0.408813 0.0113224 0.752492 1 
0.0363418 -0.0187438 0.999154 0 -0.0841568 -0.99632 -0.0156297 0 0.99579 -0.0835192 -0.0377862 0 0.408814 0.0113234 0.752491 1 
0.0363431 -0.018743 0.999154 0 -0.0841581 -0.99632 -0.0156287 0 0.995789 -0.0835205 -0.0377874 0 0.408813 0.0113225 0.752492 1 
0.0363349 -0.0187403 0.999154 0 -0.0841575 -0.99632 -0.0156267 0 0.99579 -0.0835201 -0.0377791 0 0.408811 0.0113233 0.752495 1 
0.0363409 -0.0187434 0.999154 0 -0.0841558 -0.99632 -0.0156293 0 0.99579 -0.0835182 -0.0377853 0 0.408813 0.0113235 0.752492 1 
0.0363453 -0.0187443 0.999154 0 -0.0841602 -0.99632 -0.0156297 0 0.995789 -0.0835226 -0.0377898 0 0.408815 0.0113203 0.75249 1 
0.0363397 -0.0187419 0.999154 0 -0.0841596 -0.99632 -0.0156278 0 0.995789 -0.0835221 -0.037784 0 0.408813 0.0113209 0.752492 1 
0.0363478 -0.0187441 0.999154 0 -0.0841599 -0.99632 -0.0156294 0 0.995789 -0.0835222 -0.0377923 0 0.408814 0.0113215 0.752489 1 
0.0363423 -0.0187443 0.999154 0 -0.0841574 -0.99632 -0.0156301 0 0.995789 -0.0835198 -0.0377868 0 0.408814 0.011322 0.752491 1 
0.0363459 -0.0187483 0.999154 0 -0.0841624 -0.99632 -0.0156336 0 0.995789 -0.0835246 -0.0377907 0 0.408814 0.0113206 0.75249 1 
0.0363415 -0.0187431 0.999154 0 -0.0841599 -0.99632 -0.0156289 0 0.995789 -0.0835223 -0.0377859 0 0.408812 0.0113212 0.752491 1 
0.0363444 -0.0187428 0.999154 0 -0.0841612 -0.99632 -0.0156283 0 0.995789 -0.0835236 -0.0377888 0 0.408813 0.0113205 0.752489 1 
0.0363456 -0.0187394 0.999154 0 -0.0841592 -0.99632 -0.0156249 0 0.995789 -0.0835217 -0.0377897 0 0.408814 0.0113215 0.75249 1 
0.036341 -0.0187448 0.999154 0 -0.0841628 -0.99632 -0.0156304 0 0.995789 -0.0835252 -0.0377856 0 0.408813 0.0113201 0.752492 1 
0.0363445 -0.0187439 0.999154 0 -0.0841637 -0.99632 -0.0156293 0 0.995789 -0.083526 -0.037789 0 0.408813 0.0113201 0.75249 1 
0.0363447 -0.0187412 0.999154 0 -0.0841607 -0.99632 -0.0156267 0 0.995789 -0.0835232 -0.0377889 0 0.408813 0.0113206 0.752491 1 
0.0363453 -0.0187469 0.999154 0 -0.0841681 -0.996319 -0.015632 0 0.995788 -0.0835303 -0.0377901 0 0.408815 0.0113158 0.752491 1 
0.0363433 -0.0187433 0.999154 0 -0.0841679 -0.996319 -0.0156286 0 0.995789 -0.0835303 -0.0377878 0 0.408813 0.0113167 0.752491 1 
0.0363433 -0.0187516 0.999154 0 -0.0841692 -0.996319 -0.0156369 0 0.995788 -0.0835313 -0.0377885 0 0.408814 0.0113151 0.752491 1 
0.0363382 -0.0187484 0.999154 0 -0.0841617 -0.99632 -0.0156343 0 0.995789 -0.083524 -0.0377831 0 0.408813 0.01132 0.752494 1 
0.0363374 -0.0187489 0.999154 0 -0.0841701 -0.996319 -0.0156346 0 0.995789 -0.0835324 -0.0377824 0 0.408812 0.0113161 0.752495 1 
0.0363397 -0.0187496 0.999154 0 -0.0841746 -0.996319 -0.0156349 0 0.995788 -0.0835369 -0.0377849 0 0.408813 0.0113127 0.752494 1 
0.0363316 -0.0187534 0.999154 0 -0.0841719 -0.996319 -0.0156395 0 0.995789 -0.0835341 -0.0377771 0 0.408811 0.0113134 0.752497 1 
0.0363364 -0.0187517 0.999154 0 -0.0841709 -0.996319 -0.0156374 0 0.995789 -0.0835331 -0.0377817 0 0.408812 0.011315 0.752495 1 
0.036325 -0.018753 0.999154 0 -0.0841724 -0.996319 -0.0156396 0 0.995789 -0.0835347 -0.0377705 0 0.408809 0.0113137 0.7525 1 
0.0363275 -0.0187567 0.999154 0 -0.0841808 -0.996318 -0.0156428 0 0.995788 -0.0835429 -0.0377735 0 0.40881 0.0113086 0.7525 1 
0.0363248 -0.0187545 0.999154 0 -0.0841721 -0.996319 -0.0156412 0 0.995789 -0.0835344 -0.0377704 0 0.408809 0.0113123 0.752502 1 
0.0363204 -0.0187511 0.999155 0 -0.0841756 -0.996319 -0.0156379 0 0.995789 -0.0835381 -0.0377658 0 0.40881 0.0113121 0.752504 1 
0.0363149 -0.0187522 0.999155 0 -0.0841741 -0.996319 -0.0156397 0 0.995789 -0.0835366 -0.0377604 0 0.408807 0.0113123 0.752506 1 
0.0363116 -0.0187566 0.999155 0 -0.0841771 -0.996318 -0.0156442 0 0.995789 -0.0835395 -0.0377575 0 0.408807 0.0113098 0.752507 1 
0.0363156 -0.0187541 0.999155 0 -0.084173 -0.996319 -0.0156414 0 0.995789 -0.0835355 -0.0377612 0 0.408807 0.0113119 0.752506 1 
0.0363148 -0.0187561 0.999155 0 -0.0841725 -0.996319 -0.0156435 0 0.995789 -0.0835349 -0.0377606 0 0.408807 0.0113121 0.752506 1 
0.0363138 -0.0187608 0.999155 0 -0.0841797 -0.996318 -0.015648 0 0.995789 -0.0835419 -0.0377601 0 0.408807 0.0113075 0.752507 1 
0.03632 -0.0187596 0.999154 0 -0.0841803 -0.996318 -0.0156463 0 0.995788 -0.0835425 -0.0377662 0 0.408808 0.0113076 0.752504 1 
0.0363158 -0.0187563 0.999155 0 -0.0841784 -0.996318 -0.0156435 0 0.995789 -0.0835408 -0.0377617 0 0.408807 0.0113085 0.752506 1 
0.0363118 -0.0187623 0.999155 0 -0.0841824 -0.996318 -0.0156497 0 0.995788 -0.0835446 -0.0377583 0 0.408807 0.0113052 0.752507 1 
0.0363061 -0.0187581 0.999155 0 -0.084181 -0.996318 -0.015646 0 0.995789 -0.0835434 -0.0377522 0 0.408806 0.0113066 0.75251 1 
0.0363077 -0.0187637 0.999155 0 -0.0841811 -0.996318 -0.0156514 0 0.995789 -0.0835433 -0.0377543 0 0.408806 0.0113057 0.752509 1 
0.0363069 -0.0187605 0.999155 0 -0.0841804 -0.996318 -0.0156483 0 0.995789 -0.0835427 -0.0377532 0 0.408806 0.0113059 0.75251 1 
0.0362982 -0.0187614 0.999155 0 -0.0841808 -0.996318 -0.0156499 0 0.995789 -0.0835432 -0.0377446 0 0.408803 0.0113054 0.752514 1 
0.0363075 -0.0187615 0.999155 0 -0.0841827 -0.996318 -0.0156491 0 0.995789 -0.083545 -0.0377539 0 0.408805 0.0113039 0.752511 1 
0.0362982 -0.0187678 0.999155 0 -0.0841802 -0.996318 -0.0156563 0 0.995789 -0.0835424 -0.0377452 0 0.408803 0.011305 0.752514 1 
0.0362992 -0.018766 0.999155 0 -0.084183 -0.996318 -0.0156544 0 0.995789 -0.0835453 -0.0377461 0 0.408803 0.0113033 0.752514 1 
0.0363082 -0.0187665 0.999155 0 -0.0841857 -0.996317 -0.015654 0 0.995788 -0.0835478 -0.0377551 0 0.408804 0.0113015 0.75251 1 
0.0363014 -0.0187687 0.999155 0 -0.0841834 -0.996318 -0.0156568 0 0.995789 -0.0835455 -0.0377485 0 0.408803 0.0113027 0.752513 1 
0.0362952 -0.0187701 0.999155 0 -0.0841854 -0.996317 -0.0156587 0 0.995789 -0.0835476 -0.0377425 0 0.408802 0.0113015 0.752516 1 
0.0363007 -0.0187696 0.999155 0 -0.0841889 -0.996317 -0.0156576 0 0.995788 -0.083551 -0.0377479 0 0.408803 0.0112996 0.752514 1 
0.0362987 -0.0187734 0.999155 0 -0.0841887 -0.996317 -0.0156616 0 0.995788 -0.0835506 -0.0377462 0 0.408802 0.0112988 0.752513 1 
0.0362991 -0.0187691 0.999155 0 -0.0841914 -0.996317 -0.0156571 0 0.995788 -0.0835535 -0.0377463 0 0.408802 0.0112974 0.752514 1 
0.0363004 -0.0187721 0.999155 0 -0.0841919 -0.996317 -0.01566 0 0.995788 -0.0835539 -0.0377478 0 0.408802 0.0112974 0.752513 1 
0.0362981 -0.0187759 0.999155 0 -0.0841904 -0.996317 -0.015664 0 0.995788 -0.0835522 -0.0377459 0 0.408801 0.011298 0.752514 1 
0.0362936 -0.0187725 0.999155 0 -0.0841933 -0.996317 -0.0156609 0 0.995788 -0.0835554 -0.0377412 0 0.4088 0.0112967 0.752516 1 
0.0363007 -0.0187738 0.999155 0 -0.0841915 -0.996317 -0.0156616 0 0.995788 -0.0835534 -0.0377483 0 0.408803 0.011297 0.752513 1 
0.0363019 -0.0187774 0.999155 0 -0.0841979 -0.996316 -0.015665 0 0.995787 -0.0835597 -0.0377499 0 0.408803 0.0112932 0.752512 1 
0.036296 -0.0187795 0.999155 0 -0.0842004 -0.996316 -0.0156674 0 0.995787 -0.0835622 -0.0377442 0 0.408801 0.0112911 0.752514 1 
0.0363014 -0.0187729 0.999155 0 -0.0841939 -0.996317 -0.0156606 0 0.995788 -0.0835559 -0.037749 0 0.408802 0.0112953 0.752513 1 
0.0362928 -0.0187709 0.999155 0 -0.0841938 -0.996317 -0.0156594 0 0.995788 -0.0835559 -0.0377402 0 0.408799 0.0112949 0.752516 1 
0.0363015 -0.0187771 0.999155 0 -0.0841951 -0.996316 -0.0156648 0 0.995788 -0.0835569 -0.0377494 0 0.408802 0.0112945 0.752513 1 
0.036291 -0.0187795 0.999155 0 -0.0841975 -0.996316 -0.0156679 0 0.995788 -0.0835594 -0.0377392 0 0.408799 0.0112932 0.752517 1 
0.0362957 -0.0187794 0.999155 0 -0.0841971 -0.996316 -0.0156675 0 0.995788 -0.0835589 -0.0377439 0 0.4088 0.0112925 0.752516 1 
0.0362996 -0.018778 0.999155 0 -0.084199 -0.996316 -0.0156657 0 0.995787 -0.0835608 -0.0377477 0 0.408802 0.0112915 0.752514 1 
0.0362988 -0.018777 0.999155 0 -0.0841987 -0.996316 -0.0156648 0 0.995788 -0.0835606 -0.0377468 0 0.408801 0.0112931 0.752515 1 
0.036298 -0.0187821 0.999155 0 -0.0841935 -0.996317 -0.0156701 0 0.995788 -0.0835551 -0.0377463 0 0.408801 0.0112939 0.752514 1 
0.0363001 -0.0187787 0.999155 0 -0.0841953 -0.996316 -0.0156665 0 0.995788 -0.083557 -0.0377482 0 0.408802 0.0112938 0.752514 1 
0.0362957 -0.0187775 0.999155 0 -0.0841926 -0.996317 -0.0156657 0 0.995788 -0.0835544 -0.0377436 0 0.408801 0.0112953 0.752515 1 
0.0362974 -0.0187734 0.999155 0 -0.0841983 -0.996316 -0.0156613 0 0.995788 -0.0835603 -0.0377451 0 0.4088 0.0112933 0.752515 1 
0.0362972 -0.0187767 0.999155 0 -0.084194 -0.996317 -0.0156648 0 0.995788 -0.0835559 -0.0377451 0 0.4088 0.0112956 0.752515 1 
0.0363001 -0.0187782 0.999155 0 -0.0841941 -0.996317 -0.015666 0 0.995788 -0.0835559 -0.0377481 0 0.408801 0.0112954 0.752514 1 
0.0362974 -0.0187772 0.999155 0 -0.0841957 -0.996316 -0.0156652 0 0.995788 -0.0835576 -0.0377454 0 0.408801 0.0112949 0.752516 1 
0.0362967 -0.0187781 0.999155 0 -0.084196 -0.996316 -0.0156661 0 0.995788 -0.0835578 -0.0377447 0 0.4088 0.0112947 0.752516 1 
0.0362986 -0.0187715 0.999155 0 -0.0841958 -0.996317 -0.0156594 0 0.995788 -0.0835579 -0.0377461 0 0.4088 0.0112949 0.752515 1 
0.0362971 -0.0187759 0.999155 0 -0.0841946 -0.996317 -0.015664 0 0.995788 -0.0835565 -0.0377449 0 0.408801 0.0112959 0.752516 1 
0.0362998 -0.0187725 0.999155 0 -0.084189 -0.996317 -0.0156606 0 0.995788 -0.083551 -0.0377472 0 0.408801 0.0112995 0.752515 1 
0.0362998 -0.0187764 0.999155 0 -0.0841918 -0.996317 -0.0156643 0 0.995788 -0.0835536 -0.0377476 0 0.408801 0.0112975 0.752514 1 
0.0362979 -0.0187712 0.999155 0 -0.0841888 -0.996317 -0.0156594 0 0.995788 -0.0835509 -0.0377452 0 0.4088 0.0112994 0.752516 1 
0.0363016 -0.0187711 0.999155 0 -0.0841862 -0.996317 -0.0156591 0 0.995788 -0.0835483 -0.0377489 0 0.408802 0.0113009 0.752514 1 
0.0363052 -0.0187699 0.999155 0 -0.0841855 -0.996317 -0.0156577 0 0.995788 -0.0835475 -0.0377524 0 0.408803 0.0113006 0.752513 1 
0.0363008 -0.0187707 0.999155 0 -0.0841855 -0.996317 -0.0156588 0 0.995789 -0.0835476 -0.0377481 0 0.408801 0.011302 0.752514 1 
0.0363034 -0.0187667 0.999155 0 -0.0841833 -0.996318 -0.0156547 0 0.995789 -0.0835455 -0.0377503 0 0.408802 0.0113026 0.752513 1 
0.0363109 -0.0187674 0.999155 0 -0.0841791 -0.996318 -0.0156549 0 0.995789 -0.0835411 -0.0377578 0 0.408804 0.0113056 0.75251 1 
0.0363066 -0.0187626 0.999155 0 -0.0841791 -0.996318 -0.0156505 0 0.995789 -0.0835414 -0.0377531 0 0.408803 0.0113065 0.752512 1 
0.036308 -0.018758 0.999155 0 -0.0841753 -0.996318 -0.0156459 0 0.995789 -0.0835377 -0.037754 0 0.408803 0.0113095 0.752512 1 
0.0363115 -0.0187598 0.999155 0 -0.0841709 -0.996319 -0.0156476 0 0.995789 -0.0835331 -0.0377576 0 0.408804 0.0113116 0.75251 1 
0.0363135 -0.0187583 0.999155 0 -0.0841691 -0.996319 -0.0156461 0 0.99579 -0.0835314 -0.0377594 0 0.408804 0.0113124 0.75251 1 
0.0363143 -0.0187535 0.999155 0 -0.0841638 -0.996319 -0.0156414 0 0.99579 -0.0835263 -0.0377597 0 0.408804 0.0113161 0.752509 1 
0.0363144 -0.0187554 0.999155 0 -0.0841643 -0.996319 -0.0156433 0 0.99579 -0.0835267 -0.03776 0 0.408805 0.0113161 0.75251 1 
0.036317 -0.0187558 0.999155 0 -0.0841626 -0.99632 -0.0156434 0 0.99579 -0.0835249 -0.0377626 0 0.408806 0.0113166 0.752508 1 
0.0363171 -0.0187541 0.999155 0 -0.0841663 -0.996319 -0.0156417 0 0.99579 -0.0835287 -0.0377626 0 0.408805 0.0113149 0.752508 1 
0.0363175 -0.0187491 0.999155 0 -0.0841594 -0.99632 -0.0156368 0 0.99579 -0.0835219 -0.0377625 0 0.408806 0.0113196 0.752508 1 
0.0363206 -0.0187512 0.999155 0 -0.0841629 -0.99632 -0.0156386 0 0.99579 -0.0835253 -0.0377658 0 0.408806 0.0113175 0.752507 1 
0.0363223 -0.018751 0.999155 0 -0.084162 -0.99632 -0.0156382 0 0.99579 -0.0835244 -0.0377675 0 0.408807 0.0113184 0.752505 1 
0.0363267 -0.0187512 0.999154 0 -0.0841595 -0.99632 -0.0156382 0 0.99579 -0.0835219 -0.0377718 0 0.408807 0.0113198 0.752503 1 
0.0363189 -0.0187486 0.999155 0 -0.0841582 -0.99632 -0.0156363 0 0.99579 -0.0835208 -0.0377638 0 0.408806 0.0113207 0.752507 1 
0.0363274 -0.0187463 0.999154 0 -0.0841565 -0.99632 -0.0156334 0 0.99579 -0.0835191 -0.0377721 0 0.408808 0.011323 0.752502 1 
0.036325 -0.0187443 0.999155 0 -0.0841548 -0.99632 -0.0156316 0 0.99579 -0.0835174 -0.0377695 0 0.408807 0.0113242 0.752504 1 
0.036329 -0.0187419 0.999154 0 -0.0841523 -0.996321 -0.015629 0 0.99579 -0.0835149 -0.0377732 0 0.408808 0.0113261 0.752502 1 
0.0363314 -0.0187431 0.999154 0 -0.0841568 -0.99632 -0.0156298 0 0.99579 -0.0835194 -0.0377758 0 0.408808 0.0113229 0.752501 1 
0.0363315 -0.01874 0.999154 0 -0.0841555 -0.99632 -0.0156268 0 0.99579 -0.0835182 -0.0377756 0 0.408808 0.0113245 0.752501 1 
0.036329 -0.0187426 0.999154 0 -0.0841554 -0.99632 -0.0156296 0 0.99579 -0.0835181 -0.0377733 0 0.408807 0.0113255 0.752502 1 
0.0363382 -0.0187432 0.999154 0 -0.0841502 -0.996321 -0.0156296 0 0.99579 -0.0835127 -0.0377825 0 0.40881 0.0113271 0.752498 1 
0.0363373 -0.0187412 0.999154 0 -0.0841511 -0.996321 -0.0156277 0 0.99579 -0.0835136 -0.0377815 0 0.40881 0.0113274 0.752499 1 
0.0363379 -0.0187317 0.999154 0 -0.0841488 -0.996321 -0.0156182 0 0.99579 -0.0835118 -0.0377812 0 0.40881 0.0113302 0.752499 1 
0.0363399 -0.0187318 0.999154 0 -0.0841498 -0.996321 -0.0156181 0 0.99579 -0.0835126 -0.0377832 0 0.408809 0.0113289 0.752497 1 
0.0363471 -0.0187418 0.999154 0 -0.0841536 -0.996321 -0.0156273 0 0.99579 -0.083516 -0.0377913 0 0.408812 0.0113266 0.752493 1 
0.0363394 -0.0187342 0.999154 0 -0.0841476 -0.996321 -0.0156207 0 0.99579 -0.0835104 -0.0377829 0 0.408809 0.0113308 0.752498 1 
0.0363434 -0.0187336 0.999154 0 -0.0841474 -0.996321 -0.0156197 0 0.99579 -0.0835102 -0.0377868 0 0.408811 0.01133 0.752496 1 
0.0363408 -0.0187326 0.999154 0 -0.0841444 -0.996321 -0.0156191 0 0.995791 -0.0835072 -0.0377841 0 0.408811 0.0113325 0.752497 1 
0.0363417 -0.0187356 0.999154 0 -0.0841472 -0.996321 -0.0156218 0 0.99579 -0.0835099 -0.0377853 0 0.408811 0.0113306 0.752497 1 
0.0363422 -0.0187362 0.999154 0 -0.0841455 -0.996321 -0.0156225 0 0.99579 -0.0835082 -0.0377859 0 0.408811 0.0113315 0.752496 1 
0.0363396 -0.0187314 0.999154 0 -0.0841474 -0.996321 -0.0156179 0 0.99579 -0.0835103 -0.0377829 0 0.408809 0.0113309 0.752497 1 
0.0363452 -0.0187337 0.999154 0 -0.0841453 -0.996321 -0.0156197 0 0.99579 -0.0835081 -0.0377886 0 0.408811 0.011331 0.752495 1 
0.0363475 -0.0187345 0.999154 0 -0.0841418 -0.996322 -0.0156205 0 0.995791 -0.0835044 -0.0377909 0 0.408811 0.0113337 0.752494 1 
0.0363424 -0.0187318 0.999154 0 -0.0841412 -0.996322 -0.0156183 0 0.995791 -0.0835041 -0.0377855 0 0.40881 0.0113342 0.752497 1 
0.0363425 -0.0187331 0.999154 0 -0.0841442 -0.996322 -0.0156194 0 0.995791 -0.083507 -0.0377859 0 0.40881 0.0113324 0.752497 1 
0.0363485 -0.0187321 0.999154 0 -0.0841421 -0.996322 -0.0156179 0 0.995791 -0.0835049 -0.0377917 0 0.40881 0.0113336 0.752494 1 
0.0363482 -0.0187275 0.999154 0 -0.0841404 -0.996322 -0.0156135 0 0.995791 -0.0835033 -0.037791 0 0.408811 0.0113355 0.752495 1 
0.0363462 -0.0187333 0.999154 0 -0.0841423 -0.996322 -0.0156193 0 0.995791 -0.0835051 -0.0377895 0 0.40881 0.0113335 0.752496 1 
0.0363461 -0.0187332 0.999154 0 -0.0841408 -0.996322 -0.0156193 0 0.995791 -0.0835035 -0.0377894 0 0.408812 0.0113346 0.752498 1 
0.0363418 -0.0187309 0.999154 0 -0.0841398 -0.996322 -0.0156174 0 0.995791 -0.0835027 -0.0377848 0 0.408808 0.0113358 0.752498 1 
0.0363445 -0.0187319 0.999154 0 -0.0841379 -0.996322 -0.0156182 0 0.995791 -0.0835007 -0.0377876 0 0.408811 0.0113351 0.752498 1 
0.0363393 -0.0187273 0.999154 0 -0.0841328 -0.996323 -0.0156143 0 0.995792 -0.0834959 -0.0377819 0 0.40881 0.0113388 0.752499 1 
0.0363425 -0.0187351 0.999154 0 -0.0841372 -0.996322 -0.0156217 0 0.995791 -0.0834999 -0.0377858 0 0.40881 0.0113359 0.752498 1 
0.0363414 -0.0187356 0.999154 0 -0.0841376 -0.996322 -0.0156222 0 0.995791 -0.0835003 -0.0377848 0 0.408809 0.0113358 0.752499 1 
0.0363348 -0.0187319 0.999154 0 -0.084138 -0.996322 -0.0156191 0 0.995791 -0.0835009 -0.037778 0 0.408809 0.0113355 0.752502 1 
0.0363355 -0.0187342 0.999154 0 -0.0841385 -0.996322 -0.0156212 0 0.995791 -0.0835013 -0.0377789 0 0.408808 0.0113345 0.752502 1 
0.0363403 -0.0187334 0.999154 0 -0.0841402 -0.996322 -0.01562 0 0.995791 -0.083503 -0.0377835 0 0.40881 0.0113339 0.7525 1 
0.0363352 -0.0187337 0.999154 0 -0.0841354 -0.996322 -0.0156209 0 0.995792 -0.0834983 -0.0377784 0 0.408809 0.0113367 0.752503 1 
0.0363347 -0.0187332 0.999154 0 -0.08414 -0.996322 -0.0156203 0 0.995791 -0.0835029 -0.037778 0 0.408808 0.0113343 0.752502 1 
0.0363339 -0.0187345 0.999154 0 -0.0841381 -0.996322 -0.0156217 0 0.995791 -0.083501 -0.0377773 0 0.408808 0.0113349 0.752503 1 
0.036334 -0.0187345 0.999154 0 -0.084139 -0.996322 -0.0156217 0 0.995791 -0.0835018 -0.0377774 0 0.408809 0.0113339 0.752503 1 
0.0363275 -0.0187359 0.999155 0 -0.0841349 -0.996322 -0.0156238 0 0.995792 -0.0834978 -0.0377709 0 0.408807 0.0113359 0.752506 1 
0.0363305 -0.0187398 0.999154 0 -0.0841399 -0.996322 -0.0156272 0 0.995791 -0.0835026 -0.0377744 0 0.408808 0.0113331 0.752505 1 
0.036326 -0.0187434 0.999155 0 -0.0841424 -0.996321 -0.0156311 0 0.995791 -0.0835051 -0.0377703 0 0.408807 0.0113313 0.752507 1 
0.0363257 -0.0187377 0.999155 0 -0.084143 -0.996322 -0.0156255 0 0.995791 -0.0835059 -0.0377694 0 0.408806 0.0113313 0.752507 1 
0.0363256 -0.0187369 0.999155 0 -0.0841377 -0.996322 -0.0156249 0 0.995792 -0.0835006 -0.0377692 0 0.408806 0.0113342 0.752507 1 
0.0363271 -0.0187368 0.999155 0 -0.0841405 -0.996322 -0.0156245 0 0.995791 -0.0835034 -0.0377707 0 0.408807 0.0113331 0.752507 1 
0.0363304 -0.0187412 0.999154 0 -0.0841398 -0.996322 -0.0156287 0 0.995791 -0.0835025 -0.0377743 0 0.408808 0.0113332 0.752505 1 
0.0363338 -0.0187417 0.999154 0 -0.0841412 -0.996322 -0.0156288 0 0.995791 -0.0835038 -0.0377778 0 0.408809 0.0113317 0.752504 1 
0.0363341 -0.0187385 0.999154 0 -0.0841468 -0.996321 -0.0156254 0 0.995791 -0.0835095 -0.0377779 0 0.408809 0.0113285 0.752504 1 
0.0363243 -0.018742 0.999155 0 -0.0841454 -0.996321 -0.0156298 0 0.995791 -0.0835082 -0.0377685 0 0.408806 0.0113289 0.752508 1 
0.0363229 -0.0187422 0.999155 0 -0.0841425 -0.996321 -0.0156302 0 0.995791 -0.0835052 -0.0377671 0 0.408806 0.0113306 0.752509 1 
0.0363271 -0.0187416 0.999155 0 -0.0841418 -0.996322 -0.0156292 0 0.995791 -0.0835045 -0.0377711 0 0.408807 0.0113315 0.752508 1 
0.0363262 -0.018745 0.999155 0 -0.0841459 -0.996321 -0.0156326 0 0.995791 -0.0835085 -0.0377706 0 0.408807 0.0113273 0.752508 1 
0.0363269 -0.0187465 0.999154 0 -0.0841469 -0.996321 -0.0156339 0 0.995791 -0.0835094 -0.0377714 0 0.408807 0.0113274 0.752507 1 
0.0363236 -0.0187501 0.999155 0 -0.0841501 -0.996321 -0.0156377 0 0.995791 -0.0835126 -0.0377685 0 0.408806 0.0113255 0.752508 1 
0.0363233 -0.0187503 0.999155 0 -0.0841523 -0.996321 -0.0156378 0 0.995791 -0.0835148 -0.0377683 0 0.408806 0.0113237 0.752509 1 
0.0363281 -0.0187464 0.999154 0 -0.0841517 -0.996321 -0.0156335 0 0.99579 -0.0835142 -0.0377727 0 0.408807 0.0113248 0.752506 1 
0.0363257 -0.0187481 0.999154 0 -0.0841497 -0.996321 -0.0156356 0 0.995791 -0.0835122 -0.0377704 0 0.408807 0.0113257 0.752508 1 
0.0363199 -0.0187475 0.999155 0 -0.0841571 -0.99632 -0.0156351 0 0.99579 -0.0835197 -0.0377647 0 0.408806 0.0113221 0.75251 1 
0.0363218 -0.0187525 0.999155 0 -0.0841557 -0.99632 -0.0156401 0 0.99579 -0.0835181 -0.037767 0 0.408805 0.0113224 0.752509 1 
0.0363221 -0.0187495 0.999155 0 -0.0841533 -0.99632 -0.0156371 0 0.995791 -0.0835158 -0.037767 0 0.408806 0.0113223 0.75251 1 
0.0363194 -0.0187488 0.999155 0 -0.0841533 -0.99632 -0.0156366 0 0.995791 -0.0835158 -0.0377643 0 0.408805 0.0113223 0.75251 1 
