0.00393634 0.000801422 0.999982 0 0.000561949 -0.99999 0.000799217 0 0.999992 0.000558803 -0.00393683 0 0.430481 1.78342e-05 0.783082 1 
0.00231983 -0.0217669 0.999751 0 -0.0167405 -0.999614 -0.021725 0 0.999857 -0.0166863 -0.00268338 0 0.430122 -0.0175963 0.783167 1 
0.00230275 -0.021816 0.99975 0 -0.0167765 -0.999613 -0.0217744 0 0.999857 -0.0167225 -0.00266791 0 0.430114 -0.0176331 0.783172 1 
0.00229486 -0.0218573 0.999749 0 -0.0168119 -0.999611 -0.0218157 0 0.999856 -0.0167579 -0.00266148 0 0.430112 -0.017668 0.783174 1 
0.00228467 -0.021902 0.999748 0 -0.0168394 -0.99961 -0.0218605 0 0.999856 -0.0167855 -0.00265264 0 0.430107 -0.0176986 0.783177 1 
0.00227168 -0.0219435 0.999747 0 -0.0168604 -0.999608 -0.0219021 0 0.999855 -0.0168067 -0.00264082 0 0.430102 -0.0177255 0.783182 1 
0.00225797 -0.0219802 0.999746 0 -0.0168914 -0.999607 -0.021939 0 0.999855 -0.0168379 -0.00262841 0 0.430097 -0.0177573 0.783185 1 
0.0022404 -0.022013 0.999746 0 -0.0169199 -0.999606 -0.021972 0 0.999854 -0.0168667 -0.00261203 0 0.43009 -0.0177864 0.783192 1 
0.00223881 -0.0220642 0.999744 0 -0.01695 -0.999604 -0.0220231 0 0.999854 -0.0168967 -0.00261197 0 0.430088 -0.017819 0.783191 1 
0.00222817 -0.0221018 0.999744 0 -0.0169715 -0.999603 -0.0220609 0 0.999853 -0.0169183 -0.00260243 0 0.430083 -0.0178454 0.783194 1 
0.00221306 -0.0221357 0.999743 0 -0.0169981 -0.999602 -0.022095 0 0.999853 -0.0169452 -0.0025885 0 0.430077 -0.017875 0.7832 1 
0.00220282 -0.0221724 0.999742 0 -0.0170218 -0.999601 -0.0221318 0 0.999853 -0.016969 -0.00257941 0 0.430073 -0.0179028 0.783203 1 
0.00219341 -0.0222203 0.999741 0 -0.0170497 -0.999599 -0.0221797 0 0.999852 -0.0169969 -0.00257143 0 0.430069 -0.0179339 0.783206 1 
0.00218151 -0.0222616 0.99974 0 -0.0170731 -0.999598 -0.0222212 0 0.999852 -0.0170205 -0.00256075 0 0.430064 -0.0179626 0.78321 1 
0.00217156 -0.0223018 0.999739 0 -0.0171019 -0.999596 -0.0222614 0 0.999851 -0.0170495 -0.00255214 0 0.430059 -0.0179943 0.783213 1 
0.0021548 -0.022337 0.999739 0 -0.0171213 -0.999595 -0.0222969 0 0.999851 -0.0170691 -0.00253642 0 0.430053 -0.0180192 0.783219 1 
0.00214477 -0.0223785 0.999738 0 -0.0171502 -0.999594 -0.0223385 0 0.999851 -0.0170981 -0.00252775 0 0.430048 -0.0180514 0.783222 1 
0.00213422 -0.0224199 0.999737 0 -0.017176 -0.999592 -0.02238 0 0.99985 -0.017124 -0.00251849 0 0.430043 -0.0180799 0.783226 1 
0.00211899 -0.0224548 0.999736 0 -0.0171976 -0.999591 -0.0224151 0 0.99985 -0.0171459 -0.00250434 0 0.430037 -0.018106 0.783232 1 
0.00210491 -0.0224916 0.999735 0 -0.0172095 -0.99959 -0.0224521 0 0.99985 -0.017158 -0.00249116 0 0.430031 -0.0181265 0.783236 1 
0.00209787 -0.0225254 0.999734 0 -0.0172348 -0.999589 -0.022486 0 0.999849 -0.0171834 -0.00248528 0 0.430028 -0.0181536 0.783238 1 
0.00208627 -0.022563 0.999734 0 -0.0172478 -0.999588 -0.0225237 0 0.999849 -0.0171965 -0.00247462 0 0.430023 -0.018175 0.783242 1 
0.00207275 -0.0225925 0.999733 0 -0.0172666 -0.999587 -0.0225534 0 0.999849 -0.0172155 -0.00246203 0 0.430018 -0.0181991 0.783246 1 
0.0020617 -0.0226293 0.999732 0 -0.0172825 -0.999586 -0.0225903 0 0.999849 -0.0172316 -0.00245198 0 0.430014 -0.0182215 0.78325 1 
0.00204926 -0.022657 0.999732 0 -0.0172988 -0.999585 -0.0226182 0 0.999848 -0.0172481 -0.00244039 0 0.430008 -0.0182426 0.783255 1 
0.00204169 -0.0226977 0.999731 0 -0.017315 -0.999584 -0.022659 0 0.999848 -0.0172644 -0.00243389 0 0.430004 -0.0182658 0.783257 1 
0.00203159 -0.0227257 0.99973 0 -0.0173307 -0.999583 -0.0226871 0 0.999848 -0.0172803 -0.00242464 0 0.43 -0.0182886 0.783261 1 
0.00201388 -0.0227598 0.999729 0 -0.0173457 -0.999582 -0.0227215 0 0.999848 -0.0172956 -0.00240787 0 0.429992 -0.0183094 0.783268 1 
0.00200416 -0.0227901 0.999729 0 -0.0173587 -0.999581 -0.0227519 0 0.999847 -0.0173087 -0.00239897 0 0.429987 -0.0183291 0.783271 1 
0.00199204 -0.0228302 0.999728 0 -0.0173763 -0.99958 -0.0227922 0 0.999847 -0.0173265 -0.00238795 0 0.429983 -0.0183526 0.783275 1 
0.00198136 -0.0228544 0.999727 0 -0.0173872 -0.999579 -0.0228165 0 0.999847 -0.0173376 -0.00237794 0 0.429978 -0.0183701 0.783278 1 
0.00197111 -0.0228827 0.999727 0 -0.0173967 -0.999578 -0.022845 0 0.999847 -0.0173473 -0.00236841 0 0.429972 -0.0183888 0.783283 1 
0.00195068 -0.0229191 0.999726 0 -0.0174119 -0.999577 -0.0228818 0 0.999846 -0.0173628 -0.00234897 0 0.429965 -0.0184103 0.783291 1 
0.00194825 -0.0229471 0.999725 0 -0.0174258 -0.999576 -0.0229097 0 0.999846 -0.0173767 -0.00234734 0 0.429962 -0.0184303 0.783291 1 
0.00193701 -0.0229793 0.999724 0 -0.0174314 -0.999575 -0.0229421 0 0.999846 -0.0173825 -0.0023368 0 0.429958 -0.0184457 0.783295 1 
0.0019278 -0.0230096 0.999724 0 -0.0174436 -0.999574 -0.0229726 0 0.999846 -0.0173948 -0.00232839 0 0.429953 -0.0184648 0.783298 1 
0.00191442 -0.0230397 0.999723 0 -0.0174482 -0.999573 -0.0230028 0 0.999846 -0.0173997 -0.00231565 0 0.429948 -0.0184802 0.783303 1 
0.00190558 -0.0230654 0.999723 0 -0.0174542 -0.999573 -0.0230287 0 0.999846 -0.0174058 -0.0023074 0 0.429944 -0.0184948 0.783307 1 
0.00188917 -0.0230916 0.999722 0 -0.0174602 -0.999572 -0.0230552 0 0.999846 -0.0174121 -0.00229159 0 0.429937 -0.0185105 0.783314 1 
0.00188847 -0.0231145 0.999721 0 -0.0174631 -0.999572 -0.023078 0 0.999846 -0.017415 -0.00229135 0 0.429936 -0.0185224 0.783313 1 
0.0018688 -0.0231455 0.999721 0 -0.0174714 -0.999571 -0.0231094 0 0.999846 -0.0174236 -0.00227242 0 0.429928 -0.0185392 0.783321 1 
0.00187041 -0.0231687 0.99972 0 -0.017471 -0.99957 -0.0231325 0 0.999846 -0.0174232 -0.00227443 0 0.429926 -0.0185506 0.783319 1 
0.0018557 -0.0231991 0.99972 0 -0.0174791 -0.999569 -0.0231632 0 0.999846 -0.0174315 -0.00226044 0 0.42992 -0.0185667 0.783325 1 
0.00184588 -0.0232241 0.999719 0 -0.0174843 -0.999569 -0.0231884 0 0.999845 -0.0174369 -0.00225119 0 0.429917 -0.0185804 0.783329 1 
0.00183554 -0.0232494 0.999718 0 -0.0174864 -0.999568 -0.0232138 0 0.999845 -0.0174392 -0.00224134 0 0.429912 -0.0185933 0.783333 1 
0.00182562 -0.0232818 0.999718 0 -0.0174892 -0.999567 -0.0232463 0 0.999845 -0.0174422 -0.00223205 0 0.429908 -0.0186074 0.783336 1 
0.00181912 -0.0233045 0.999717 0 -0.0174932 -0.999567 -0.0232692 0 0.999845 -0.0174463 -0.00222605 0 0.429904 -0.0186207 0.783339 1 
0.00180735 -0.0233316 0.999717 0 -0.017488 -0.999566 -0.0232965 0 0.999845 -0.0174413 -0.00221463 0 0.429898 -0.0186295 0.783343 1 
0.00179855 -0.0233561 0.999716 0 -0.017492 -0.999565 -0.0233211 0 0.999845 -0.0174454 -0.00220636 0 0.429894 -0.0186438 0.783347 1 
0.00178916 -0.0233801 0.999715 0 -0.0174902 -0.999565 -0.0233453 0 0.999845 -0.0174438 -0.00219735 0 0.429889 -0.018654 0.78335 1 
0.00178859 -0.0234062 0.999715 0 -0.0174933 -0.999564 -0.0233714 0 0.999845 -0.0174469 -0.00219731 0 0.429888 -0.0186675 0.783349 1 
0.00177812 -0.0234362 0.999714 0 -0.0174941 -0.999563 -0.0234016 0 0.999845 -0.0174478 -0.00218739 0 0.429883 -0.01868 0.783353 1 
0.00176897 -0.0234613 0.999714 0 -0.0174933 -0.999563 -0.0234268 0 0.999845 -0.0174472 -0.00217865 0 0.429879 -0.0186911 0.783357 1 
0.00175693 -0.023485 0.999713 0 -0.0174905 -0.999562 -0.0234507 0 0.999845 -0.0174446 -0.00216697 0 0.429875 -0.0187007 0.783361 1 
0.00175282 -0.0235038 0.999713 0 -0.0174908 -0.999562 -0.0234696 0 0.999845 -0.017445 -0.0021632 0 0.429872 -0.0187127 0.783363 1 
0.00174927 -0.0235301 0.999712 0 -0.0174862 -0.999561 -0.0234959 0 0.999846 -0.0174404 -0.00216 0 0.42987 -0.0187219 0.783364 1 
0.00173765 -0.0235538 0.999711 0 -0.0174864 -0.999561 -0.0235199 0 0.999846 -0.0174408 -0.0021488 0 0.429865 -0.0187327 0.783369 1 
0.00173178 -0.0235728 0.999711 0 -0.0174791 -0.99956 -0.023539 0 0.999846 -0.0174336 -0.00214309 0 0.429862 -0.0187397 0.78337 1 
0.00172354 -0.0235986 0.99971 0 -0.0174717 -0.99956 -0.0235649 0 0.999846 -0.0174264 -0.00213514 0 0.429859 -0.0187473 0.783374 1 
0.00171572 -0.0236158 0.99971 0 -0.0174655 -0.99956 -0.0235823 0 0.999846 -0.0174203 -0.00212747 0 0.429856 -0.018754 0.783377 1 
0.00170554 -0.023636 0.99971 0 -0.0174654 -0.999559 -0.0236027 0 0.999846 -0.0174204 -0.00211764 0 0.429852 -0.0187648 0.783381 1 
0.00170114 -0.023659 0.999709 0 -0.0174572 -0.999559 -0.0236258 0 0.999846 -0.0174123 -0.00211345 0 0.429849 -0.0187717 0.783383 1 
0.00169666 -0.0236882 0.999708 0 -0.0174481 -0.999558 -0.0236551 0 0.999846 -0.0174032 -0.00210926 0 0.429847 -0.0187778 0.783384 1 
0.00168983 -0.0237087 0.999708 0 -0.0174415 -0.999558 -0.0236757 0 0.999846 -0.0173968 -0.00210264 0 0.429844 -0.0187851 0.783386 1 
0.00168432 -0.0237236 0.999708 0 -0.0174319 -0.999558 -0.0236906 0 0.999847 -0.0173873 -0.00209716 0 0.429842 -0.0187898 0.783389 1 
0.0016726 -0.0237452 0.999707 0 -0.0174199 -0.999557 -0.0237125 0 0.999847 -0.0173754 -0.00208554 0 0.429837 -0.0187943 0.783394 1 
0.00166363 -0.0237642 0.999707 0 -0.0174095 -0.999557 -0.0237317 0 0.999847 -0.0173652 -0.00207666 0 0.429835 -0.018799 0.783397 1 
0.00165518 -0.0238255 0.999705 0 -0.0173749 -0.999556 -0.0237932 0 0.999848 -0.0173308 -0.00206845 0 0.429831 -0.0188131 0.783401 1 
0.00165322 -0.0238431 0.999705 0 -0.0173583 -0.999556 -0.0238108 0 0.999848 -0.0173142 -0.0020664 0 0.429829 -0.018814 0.783402 1 
0.00165082 -0.0238621 0.999704 0 -0.0173421 -0.999556 -0.02383 0 0.999848 -0.017298 -0.00206395 0 0.429828 -0.0188154 0.783402 1 
0.00164523 -0.0238789 0.999704 0 -0.0173293 -0.999556 -0.0238469 0 0.999848 -0.0172853 -0.00205835 0 0.429825 -0.01882 0.783404 1 
0.00164625 -0.0238939 0.999704 0 -0.0173081 -0.999556 -0.0238619 0 0.999849 -0.017264 -0.00205911 0 0.429826 -0.0188174 0.783404 1 
0.00163609 -0.0239051 0.999703 0 -0.0172955 -0.999556 -0.0238732 0 0.999849 -0.0172517 -0.00204885 0 0.429823 -0.0188196 0.783409 1 
0.00163433 -0.023931 0.999703 0 -0.0172781 -0.999555 -0.0238992 0 0.999849 -0.0172343 -0.00204712 0 0.429822 -0.018822 0.783409 1 
0.00163046 -0.0239526 0.999702 0 -0.0172614 -0.999555 -0.0239209 0 0.99985 -0.0172176 -0.00204323 0 0.42982 -0.0188236 0.783411 1 
0.00163273 -0.0239718 0.999702 0 -0.0172457 -0.999555 -0.0239402 0 0.99985 -0.0172018 -0.00204546 0 0.429821 -0.0188258 0.78341 1 
0.00163231 -0.0239882 0.999701 0 -0.0172233 -0.999555 -0.0239565 0 0.99985 -0.0171794 -0.00204478 0 0.42982 -0.0188236 0.783409 1 
0.00162708 -0.024008 0.999701 0 -0.0172101 -0.999555 -0.0239765 0 0.999851 -0.0171663 -0.00203957 0 0.429819 -0.0188269 0.783411 1 
0.00162642 -0.0240292 0.9997 0 -0.0171955 -0.999554 -0.0239977 0 0.999851 -0.0171516 -0.00203893 0 0.429819 -0.0188291 0.783412 1 
0.00163315 -0.0240427 0.9997 0 -0.0171729 -0.999555 -0.0240111 0 0.999851 -0.0171289 -0.00204534 0 0.429821 -0.0188265 0.783408 1 
0.00162843 -0.0240569 0.9997 0 -0.0171593 -0.999554 -0.0240254 0 0.999851 -0.0171153 -0.00204054 0 0.429819 -0.0188285 0.78341 1 
0.00163747 -0.0240742 0.999699 0 -0.0171414 -0.999554 -0.0240427 0 0.999852 -0.0170972 -0.00204945 0 0.429823 -0.018829 0.783406 1 
0.0016361 -0.0240925 0.999699 0 -0.0171246 -0.999554 -0.024061 0 0.999852 -0.0170804 -0.00204798 0 0.429822 -0.0188292 0.783407 1 
0.00163623 -0.0241068 0.999698 0 -0.0171058 -0.999554 -0.0240754 0 0.999852 -0.0170616 -0.0020479 0 0.429821 -0.0188283 0.783406 1 
0.00164129 -0.0241286 0.999698 0 -0.0170868 -0.999554 -0.024097 0 0.999853 -0.0170424 -0.00205288 0 0.429822 -0.0188277 0.783403 1 
0.00164936 -0.0241405 0.999698 0 -0.0170623 -0.999554 -0.0241089 0 0.999853 -0.0170177 -0.00206055 0 0.429824 -0.0188241 0.7834 1 
0.00165011 -0.0241607 0.999697 0 -0.017045 -0.999554 -0.0241291 0 0.999853 -0.0170003 -0.00206123 0 0.429824 -0.0188242 0.7834 1 
0.00164566 -0.0241753 0.999697 0 -0.017017 -0.999554 -0.0241439 0 0.999854 -0.0169724 -0.00205636 0 0.429824 -0.0188189 0.783402 1 
0.00165025 -0.0241883 0.999696 0 -0.0169989 -0.999554 -0.0241568 0 0.999854 -0.0169542 -0.00206073 0 0.429826 -0.0188171 0.783398 1 
0.00165455 -0.0242046 0.999696 0 -0.0169737 -0.999554 -0.0241731 0 0.999855 -0.0169288 -0.00206469 0 0.429827 -0.0188125 0.783397 1 
0.00166429 -0.0242075 0.999696 0 -0.0169474 -0.999554 -0.0241758 0 0.999855 -0.0169023 -0.00207384 0 0.429828 -0.0188056 0.783392 1 
0.00166346 -0.0242191 0.999696 0 -0.0169292 -0.999554 -0.0241875 0 0.999855 -0.0168842 -0.00207277 0 0.429829 -0.0188038 0.783393 1 
0.00166864 -0.0242348 0.999695 0 -0.0169098 -0.999554 -0.0242032 0 0.999856 -0.0168646 -0.00207774 0 0.429831 -0.0187999 0.78339 1 
0.00167455 -0.0242453 0.999695 0 -0.0168894 -0.999554 -0.0242136 0 0.999856 -0.016844 -0.00208334 0 0.429832 -0.018795 0.783387 1 
0.00167592 -0.024248 0.999695 0 -0.0168716 -0.999555 -0.0242164 0 0.999856 -0.0168262 -0.00208431 0 0.429832 -0.0187904 0.783388 1 
0.00167883 -0.0242519 0.999695 0 -0.0168533 -0.999555 -0.0242202 0 0.999857 -0.0168078 -0.00208685 0 0.429833 -0.0187849 0.783387 1 
0.0016915 -0.0242615 0.999695 0 -0.0168329 -0.999555 -0.0242296 0 0.999857 -0.0167871 -0.00209918 0 0.429836 -0.0187782 0.783382 1 
0.00169791 -0.0242625 0.999695 0 -0.0168177 -0.999555 -0.0242305 0 0.999857 -0.0167718 -0.00210524 0 0.429839 -0.0187731 0.78338 1 
0.00170008 -0.0242682 0.999694 0 -0.0167989 -0.999555 -0.0242362 0 0.999857 -0.0167529 -0.00210704 0 0.429839 -0.0187663 0.783379 1 
0.00170205 -0.0242651 0.999694 0 -0.016783 -0.999556 -0.0242332 0 0.999858 -0.0167369 -0.00210858 0 0.42984 -0.0187598 0.783378 1 
0.00170913 -0.0242647 0.999694 0 -0.0167742 -0.999556 -0.0242327 0 0.999858 -0.016728 -0.00211543 0 0.429842 -0.0187572 0.783375 1 
0.00171029 -0.0242702 0.999694 0 -0.0167597 -0.999556 -0.0242382 0 0.999858 -0.0167135 -0.00211634 0 0.429843 -0.0187517 0.783374 1 
0.00172648 -0.024276 0.999694 0 -0.0167494 -0.999556 -0.0242437 0 0.999858 -0.0167028 -0.00213237 0 0.429848 -0.0187488 0.783368 1 
0.00172982 -0.0242766 0.999694 0 -0.0167423 -0.999556 -0.0242443 0 0.999858 -0.0166956 -0.00213554 0 0.429848 -0.0187452 0.783366 1 
0.00173861 -0.0242709 0.999694 0 -0.0167293 -0.999557 -0.0242385 0 0.999859 -0.0166823 -0.00214391 0 0.429852 -0.0187394 0.783362 1 
0.00174323 -0.0242662 0.999694 0 -0.0167206 -0.999557 -0.0242337 0 0.999859 -0.0166735 -0.00214824 0 0.429854 -0.0187348 0.78336 1 
0.00174914 -0.0242725 0.999694 0 -0.0167225 -0.999557 -0.0242399 0 0.999859 -0.0166753 -0.0021543 0 0.429855 -0.0187362 0.783357 1 
0.00175271 -0.0242765 0.999694 0 -0.0167111 -0.999557 -0.0242439 0 0.999859 -0.0166638 -0.00215766 0 0.429857 -0.0187311 0.783356 1 
0.00176286 -0.0242685 0.999694 0 -0.0167111 -0.999557 -0.0242357 0 0.999859 -0.0166636 -0.00216768 0 0.429861 -0.0187317 0.783351 1 
0.00177026 -0.0242732 0.999694 0 -0.0167114 -0.999557 -0.0242403 0 0.999859 -0.0166637 -0.00217515 0 0.429864 -0.0187319 0.783349 1 
0.00177325 -0.0242759 0.999694 0 -0.0167098 -0.999557 -0.024243 0 0.999859 -0.016662 -0.00217815 0 0.429865 -0.0187312 0.783347 1 
0.00178424 -0.0242771 0.999694 0 -0.01671 -0.999557 -0.024244 0 0.999859 -0.016662 -0.00218916 0 0.429868 -0.0187317 0.783342 1 
0.0017883 -0.0242712 0.999694 0 -0.0167121 -0.999557 -0.0242379 0 0.999859 -0.0166639 -0.00219317 0 0.429869 -0.018732 0.78334 1 
0.00179738 -0.0242666 0.999694 0 -0.0167189 -0.999557 -0.0242332 0 0.999859 -0.0166706 -0.00220234 0 0.429872 -0.0187353 0.783337 1 
0.00180835 -0.0242687 0.999694 0 -0.0167159 -0.999557 -0.0242352 0 0.999859 -0.0166673 -0.00221327 0 0.429876 -0.0187323 0.783333 1 
0.00180318 -0.0242714 0.999694 0 -0.016725 -0.999557 -0.0242379 0 0.999858 -0.0166765 -0.00220836 0 0.429874 -0.0187368 0.783335 1 
0.00181165 -0.0242755 0.999694 0 -0.0167288 -0.999557 -0.0242418 0 0.999858 -0.0166801 -0.00221699 0 0.429878 -0.0187376 0.783331 1 
0.00182522 -0.0242699 0.999694 0 -0.0167329 -0.999557 -0.024236 0 0.999858 -0.0166838 -0.00223055 0 0.42988 -0.0187391 0.783325 1 
0.00182758 -0.0242712 0.999694 0 -0.0167396 -0.999556 -0.0242373 0 0.999858 -0.0166905 -0.0022331 0 0.429882 -0.0187417 0.783324 1 
0.0018296 -0.024275 0.999694 0 -0.0167416 -0.999556 -0.024241 0 0.999858 -0.0166924 -0.00223524 0 0.429884 -0.0187423 0.783323 1 
0.0018397 -0.0242721 0.999694 0 -0.016749 -0.999556 -0.024238 0 0.999858 -0.0166996 -0.00224546 0 0.429886 -0.0187442 0.783318 1 
0.0018426 -0.0242729 0.999694 0 -0.0167563 -0.999556 -0.0242387 0 0.999858 -0.0167068 -0.00224855 0 0.429887 -0.0187479 0.783316 1 
0.00185038 -0.0242675 0.999694 0 -0.0167658 -0.999556 -0.0242331 0 0.999858 -0.0167161 -0.00225647 0 0.429889 -0.0187521 0.783312 1 
0.00185796 -0.024265 0.999694 0 -0.0167657 -0.999556 -0.0242305 0 0.999858 -0.0167159 -0.002264 0 0.429892 -0.0187515 0.783309 1 
0.00186016 -0.0242659 0.999694 0 -0.0167679 -0.999556 -0.0242314 0 0.999858 -0.016718 -0.00226627 0 0.429894 -0.0187506 0.783307 1 
0.00186546 -0.0242639 0.999694 0 -0.016773 -0.999556 -0.0242293 0 0.999858 -0.016723 -0.00227166 0 0.429895 -0.0187519 0.783305 1 
0.00186923 -0.0242638 0.999694 0 -0.0167729 -0.999556 -0.0242291 0 0.999858 -0.0167228 -0.00227542 0 0.429897 -0.0187511 0.783304 1 
0.00187945 -0.0242575 0.999694 0 -0.0167736 -0.999556 -0.0242226 0 0.999858 -0.0167233 -0.00228554 0 0.429899 -0.0187503 0.7833 1 
0.00189055 -0.0242603 0.999694 0 -0.0167796 -0.999556 -0.0242252 0 0.999857 -0.016729 -0.00229683 0 0.429901 -0.0187532 0.783295 1 
0.00189788 -0.0242615 0.999694 0 -0.016775 -0.999556 -0.0242263 0 0.999857 -0.0167242 -0.00230406 0 0.429905 -0.0187499 0.783292 1 
0.0018943 -0.0242583 0.999694 0 -0.0167754 -0.999556 -0.0242231 0 0.999857 -0.0167247 -0.00230045 0 0.429905 -0.0187494 0.783294 1 
0.00190444 -0.02426 0.999694 0 -0.0167721 -0.999556 -0.0242247 0 0.999858 -0.0167212 -0.00231054 0 0.429907 -0.0187475 0.783289 1 
0.00191251 -0.0242531 0.999694 0 -0.0167645 -0.999557 -0.0242177 0 0.999858 -0.0167134 -0.0023183 0 0.429909 -0.018744 0.783286 1 
0.00191542 -0.0242542 0.999694 0 -0.0167683 -0.999556 -0.0242188 0 0.999858 -0.0167171 -0.00232132 0 0.429911 -0.0187451 0.783284 1 
0.00192278 -0.0242531 0.999694 0 -0.0167585 -0.999557 -0.0242175 0 0.999858 -0.0167072 -0.00232842 0 0.429914 -0.0187397 0.78328 1 
0.00192452 -0.0242486 0.999694 0 -0.016749 -0.999557 -0.024213 0 0.999858 -0.0166976 -0.00232985 0 0.429915 -0.0187331 0.78328 1 
0.00192487 -0.0242484 0.999694 0 -0.0167454 -0.999557 -0.0242129 0 0.999858 -0.016694 -0.00233011 0 0.429915 -0.0187308 0.783279 1 
0.00193152 -0.0242408 0.999695 0 -0.0167396 -0.999557 -0.0242051 0 0.999858 -0.016688 -0.00233649 0 0.429918 -0.018728 0.783277 1 
0.001932 -0.0242421 0.999695 0 -0.0167358 -0.999557 -0.0242064 0 0.999858 -0.0166843 -0.0023369 0 0.429917 -0.0187258 0.783276 1 
0.00193614 -0.0242372 0.999695 0 -0.0167245 -0.999558 -0.0242015 0 0.999858 -0.0166728 -0.00234068 0 0.429919 -0.0187191 0.783275 1 
0.00194504 -0.0242411 0.999695 0 -0.0167173 -0.999558 -0.0242053 0 0.999858 -0.0166655 -0.00234948 0 0.429922 -0.0187156 0.783271 1 
0.00194706 -0.0242373 0.999695 0 -0.0167107 -0.999558 -0.0242015 0 0.999858 -0.0166588 -0.00235127 0 0.429922 -0.0187116 0.783271 1 
0.00194827 -0.0242319 0.999695 0 -0.0166991 -0.999558 -0.0241961 0 0.999859 -0.0166472 -0.00235211 0 0.429922 -0.018705 0.783272 1 
0.00195927 -0.0242299 0.999695 0 -0.0166902 -0.999558 -0.0241939 0 0.999859 -0.016638 -0.00236285 0 0.429925 -0.0187005 0.783267 1 
0.0019602 -0.0242255 0.999695 0 -0.0166812 -0.999559 -0.0241895 0 0.999859 -0.016629 -0.00236349 0 0.429926 -0.0186951 0.783267 1 
0.00196094 -0.0242262 0.999695 0 -0.0166745 -0.999559 -0.0241902 0 0.999859 -0.0166223 -0.00236408 0 0.429926 -0.0186914 0.783267 1 
0.00196016 -0.0242227 0.999695 0 -0.0166675 -0.999559 -0.0241867 0 0.999859 -0.0166153 -0.00236307 0 0.429927 -0.0186874 0.783267 1 
0.00196334 -0.0242214 0.999695 0 -0.0166599 -0.999559 -0.0241854 0 0.999859 -0.0166076 -0.00236605 0 0.429928 -0.0186834 0.783266 1 
0.00197233 -0.0242174 0.999695 0 -0.0166537 -0.999559 -0.0241812 0 0.999859 -0.0166013 -0.00237481 0 0.42993 -0.0186798 0.783263 1 
0.00197061 -0.0242168 0.999695 0 -0.016647 -0.999559 -0.0241807 0 0.999859 -0.0165945 -0.00237292 0 0.42993 -0.0186762 0.783263 1 
0.00196924 -0.0242132 0.999695 0 -0.0166368 -0.99956 -0.0241772 0 0.99986 -0.0165844 -0.00237125 0 0.42993 -0.0186703 0.783264 1 
0.00197049 -0.024216 0.999695 0 -0.0166349 -0.99956 -0.02418 0 0.99986 -0.0165825 -0.0023725 0 0.429931 -0.0186698 0.783263 1 
0.00197658 -0.024204 0.999695 0 -0.0166308 -0.99956 -0.0241678 0 0.99986 -0.0165783 -0.00237829 0 0.429933 -0.0186652 0.783261 1 
0.00198214 -0.0242081 0.999695 0 -0.0166252 -0.99956 -0.0241719 0 0.99986 -0.0165726 -0.00238378 0 0.429934 -0.0186629 0.783259 1 
0.00198265 -0.0242114 0.999695 0 -0.016628 -0.99956 -0.0241752 0 0.99986 -0.0165753 -0.00238441 0 0.429934 -0.0186646 0.783258 1 
0.0019813 -0.0242116 0.999695 0 -0.0166258 -0.99956 -0.0241754 0 0.99986 -0.0165732 -0.00238301 0 0.429934 -0.0186638 0.783259 1 
0.00198466 -0.024205 0.999695 0 -0.0166218 -0.99956 -0.0241687 0 0.99986 -0.0165691 -0.00238616 0 0.429936 -0.0186601 0.783258 1 
0.00199046 -0.0242071 0.999695 0 -0.0166258 -0.99956 -0.0241708 0 0.99986 -0.0165729 -0.00239209 0 0.429937 -0.018663 0.783255 1 
0.00198598 -0.0242006 0.999696 0 -0.0166286 -0.99956 -0.0241643 0 0.99986 -0.0165758 -0.00238758 0 0.429936 -0.0186638 0.783257 1 
0.00198607 -0.0242053 0.999695 0 -0.0166321 -0.99956 -0.024169 0 0.99986 -0.0165794 -0.00238783 0 0.429937 -0.0186657 0.783258 1 
0.00198832 -0.0242016 0.999695 0 -0.0166354 -0.99956 -0.0241652 0 0.99986 -0.0165826 -0.0023901 0 0.429936 -0.0186673 0.783257 1 
0.00198938 -0.024213 0.999695 0 -0.0166407 -0.99956 -0.0241766 0 0.99986 -0.0165878 -0.00239147 0 0.429937 -0.0186712 0.783256 1 
0.00199172 -0.0242114 0.999695 0 -0.0166462 -0.99956 -0.024175 0 0.999859 -0.0165933 -0.00239392 0 0.429937 -0.0186733 0.783255 1 
0.00198793 -0.0242103 0.999695 0 -0.0166524 -0.999559 -0.0241739 0 0.999859 -0.0165996 -0.00239026 0 0.429936 -0.0186768 0.783256 1 
0.0019898 -0.0242158 0.999695 0 -0.0166569 -0.999559 -0.0241794 0 0.999859 -0.016604 -0.00239232 0 0.429937 -0.0186792 0.783256 1 
0.00199118 -0.0242156 0.999695 0 -0.0166641 -0.999559 -0.0241791 0 0.999859 -0.0166112 -0.00239388 0 0.429937 -0.018684 0.783254 1 
0.00198924 -0.0242256 0.999695 0 -0.0166744 -0.999559 -0.0241891 0 0.999859 -0.0166215 -0.00239235 0 0.429936 -0.0186898 0.783255 1 
0.00198723 -0.0242272 0.999695 0 -0.0166824 -0.999559 -0.0241907 0 0.999859 -0.0166295 -0.00239057 0 0.429935 -0.0186956 0.783256 1 
0.00198779 -0.024229 0.999695 0 -0.0166895 -0.999558 -0.0241925 0 0.999859 -0.0166367 -0.00239132 0 0.429936 -0.0186994 0.783256 1 
0.00199014 -0.0242323 0.999695 0 -0.0166949 -0.999558 -0.0241957 0 0.999859 -0.016642 -0.00239386 0 0.429936 -0.018703 0.783255 1 
0.00198801 -0.024236 0.999695 0 -0.0167025 -0.999558 -0.0241994 0 0.999859 -0.0166496 -0.00239198 0 0.429935 -0.018707 0.783255 1 
0.00199081 -0.0242402 0.999695 0 -0.0167065 -0.999558 -0.0242036 0 0.999858 -0.0166535 -0.00239494 0 0.429936 -0.0187098 0.783254 1 
0.00199392 -0.0242439 0.999694 0 -0.0167154 -0.999558 -0.0242072 0 0.999858 -0.0166623 -0.00239833 0 0.429937 -0.0187162 0.783253 1 
0.00198851 -0.0242444 0.999694 0 -0.0167247 -0.999557 -0.0242078 0 0.999858 -0.0166717 -0.00239316 0 0.429935 -0.0187217 0.783255 1 
0.00199182 -0.0242494 0.999694 0 -0.0167287 -0.999557 -0.0242127 0 0.999858 -0.0166756 -0.00239664 0 0.429936 -0.0187242 0.783253 1 
0.00198482 -0.0242563 0.999694 0 -0.0167369 -0.999557 -0.0242197 0 0.999858 -0.016684 -0.00238996 0 0.429934 -0.0187292 0.783256 1 
0.0019961 -0.0242572 0.999694 0 -0.0167406 -0.999557 -0.0242204 0 0.999858 -0.0166874 -0.00240134 0 0.429937 -0.0187321 0.783251 1 
0.00198904 -0.0242613 0.999694 0 -0.0167435 -0.999557 -0.0242246 0 0.999858 -0.0166905 -0.00239442 0 0.429935 -0.0187351 0.783254 1 
0.00198239 -0.0242611 0.999694 0 -0.0167488 -0.999557 -0.0242246 0 0.999858 -0.016696 -0.0023879 0 0.429933 -0.018738 0.783257 1 
0.001987 -0.0242675 0.999694 0 -0.0167515 -0.999556 -0.0242309 0 0.999858 -0.0166985 -0.00239268 0 0.429934 -0.018741 0.783255 1 
0.00198367 -0.02427 0.999694 0 -0.0167597 -0.999556 -0.0242334 0 0.999858 -0.0167068 -0.0023896 0 0.429934 -0.0187464 0.783256 1 
0.00198827 -0.0242755 0.999694 0 -0.0167647 -0.999556 -0.0242389 0 0.999857 -0.0167117 -0.00239441 0 0.429933 -0.0187507 0.783254 1 
0.00198648 -0.0242696 0.999694 0 -0.0167637 -0.999556 -0.0242329 0 0.999858 -0.0167107 -0.00239249 0 0.429933 -0.0187497 0.783256 1 
0.00198923 -0.0242783 0.999694 0 -0.0167701 -0.999556 -0.0242416 0 0.999857 -0.016717 -0.00239554 0 0.429934 -0.0187539 0.783255 1 
0.00199011 -0.0242851 0.999693 0 -0.0167693 -0.999556 -0.0242484 0 0.999857 -0.0167162 -0.00239652 0 0.429934 -0.0187549 0.783253 1 
0.00199024 -0.0242874 0.999693 0 -0.0167687 -0.999556 -0.0242507 0 0.999857 -0.0167157 -0.00239667 0 0.429934 -0.0187554 0.783254 1 
0.00198524 -0.0242841 0.999693 0 -0.0167685 -0.999556 -0.0242474 0 0.999857 -0.0167155 -0.00239161 0 0.429933 -0.0187552 0.783256 1 
0.00199085 -0.0242854 0.999693 0 -0.0167693 -0.999556 -0.0242486 0 0.999857 -0.0167162 -0.00239726 0 0.429935 -0.0187568 0.783253 1 
0.00199163 -0.0242891 0.999693 0 -0.0167688 -0.999556 -0.0242524 0 0.999857 -0.0167157 -0.00239809 0 0.429935 -0.0187565 0.783253 1 
0.0019885 -0.0242924 0.999693 0 -0.0167785 -0.999555 -0.0242557 0 0.999857 -0.0167254 -0.00239525 0 0.429933 -0.018762 0.783254 1 
0.00198835 -0.0242946 0.999693 0 -0.0167719 -0.999555 -0.0242579 0 0.999857 -0.0167188 -0.00239498 0 0.429934 -0.0187593 0.783255 1 
0.00198972 -0.0242928 0.999693 0 -0.0167708 -0.999555 -0.0242561 0 0.999857 -0.0167177 -0.00239629 0 0.429934 -0.01876 0.783253 1 
0.0019898 -0.0242853 0.999693 0 -0.0167685 -0.999556 -0.0242486 0 0.999857 -0.0167154 -0.00239619 0 0.429935 -0.0187572 0.783254 1 
0.00199047 -0.0242911 0.999693 0 -0.0167703 -0.999556 -0.0242544 0 0.999857 -0.0167172 -0.002397 0 0.429934 -0.0187596 0.783254 1 
0.00199017 -0.024294 0.999693 0 -0.0167726 -0.999555 -0.0242572 0 0.999857 -0.0167195 -0.00239681 0 0.429935 -0.0187619 0.783253 1 
0.00198916 -0.0242936 0.999693 0 -0.0167639 -0.999556 -0.0242569 0 0.999857 -0.0167108 -0.00239558 0 0.429933 -0.0187563 0.783254 1 
0.00198395 -0.0242904 0.999693 0 -0.0167655 -0.999556 -0.0242538 0 0.999857 -0.0167126 -0.00239036 0 0.429931 -0.0187579 0.783257 1 
0.00199031 -0.0242903 0.999693 0 -0.0167692 -0.999556 -0.0242535 0 0.999857 -0.0167161 -0.0023968 0 0.429934 -0.0187596 0.783254 1 
0.00199489 -0.0242923 0.999693 0 -0.0167651 -0.999556 -0.0242555 0 0.999857 -0.0167119 -0.00240131 0 0.429934 -0.018758 0.783252 1 
0.00199938 -0.0242965 0.999693 0 -0.0167669 -0.999555 -0.0242596 0 0.999857 -0.0167136 -0.00240592 0 0.429935 -0.0187586 0.78325 1 
0.00199588 -0.0242961 0.999693 0 -0.0167625 -0.999556 -0.0242593 0 0.999858 -0.0167093 -0.0024023 0 0.429935 -0.0187569 0.783253 1 
0.00199831 -0.0242975 0.999693 0 -0.0167682 -0.999555 -0.0242606 0 0.999857 -0.0167149 -0.00240489 0 0.429934 -0.0187604 0.783251 1 
0.00199758 -0.0242941 0.999693 0 -0.0167647 -0.999556 -0.0242573 0 0.999857 -0.0167115 -0.00240402 0 0.429934 -0.0187581 0.783252 1 
0.00200402 -0.0242962 0.999693 0 -0.0167645 -0.999555 -0.0242592 0 0.999857 -0.0167111 -0.00241049 0 0.429936 -0.0187585 0.783248 1 
0.0020026 -0.0242962 0.999693 0 -0.0167582 -0.999556 -0.0242592 0 0.999858 -0.0167048 -0.00240892 0 0.429937 -0.0187545 0.78325 1 
0.00200756 -0.0242978 0.999693 0 -0.0167673 -0.999555 -0.0242608 0 0.999857 -0.0167138 -0.00241412 0 0.429938 -0.0187594 0.783247 1 
0.00200758 -0.0242973 0.999693 0 -0.0167616 -0.999556 -0.0242603 0 0.999857 -0.0167081 -0.002414 0 0.429938 -0.0187562 0.783246 1 
0.00201176 -0.0242916 0.999693 0 -0.0167632 -0.999556 -0.0242545 0 0.999857 -0.0167096 -0.00241811 0 0.429939 -0.0187567 0.783245 1 
0.00201552 -0.0242934 0.999693 0 -0.0167626 -0.999556 -0.0242562 0 0.999857 -0.0167089 -0.00242189 0 0.42994 -0.0187559 0.783243 1 
0.00201978 -0.0242948 0.999693 0 -0.0167646 -0.999556 -0.0242576 0 0.999857 -0.0167107 -0.00242622 0 0.429942 -0.0187567 0.783241 1 
0.00201752 -0.0242968 0.999693 0 -0.0167643 -0.999555 -0.0242596 0 0.999857 -0.0167105 -0.00242399 0 0.429941 -0.0187564 0.783242 1 
0.00202117 -0.0242929 0.999693 0 -0.0167659 -0.999556 -0.0242557 0 0.999857 -0.016712 -0.00242761 0 0.429943 -0.0187569 0.783241 1 
0.00201954 -0.0242961 0.999693 0 -0.0167674 -0.999555 -0.0242589 0 0.999857 -0.0167135 -0.00242607 0 0.429942 -0.0187583 0.783242 1 
0.0020211 -0.0242929 0.999693 0 -0.0167647 -0.999556 -0.0242556 0 0.999857 -0.0167108 -0.00242751 0 0.429943 -0.0187567 0.783241 1 
0.00202745 -0.0242892 0.999693 0 -0.0167638 -0.999556 -0.0242519 0 0.999857 -0.0167099 -0.00243377 0 0.429944 -0.0187549 0.783238 1 
0.00203287 -0.024293 0.999693 0 -0.016764 -0.999556 -0.0242556 0 0.999857 -0.0167098 -0.00243926 0 0.429946 -0.0187551 0.783236 1 
0.00202971 -0.0242927 0.999693 0 -0.016767 -0.999556 -0.0242553 0 0.999857 -0.016713 -0.00243618 0 0.429945 -0.018757 0.783237 1 
0.0020315 -0.0242955 0.999693 0 -0.0167701 -0.999555 -0.0242581 0 0.999857 -0.016716 -0.00243808 0 0.429946 -0.0187589 0.783235 1 
0.00203757 -0.0242895 0.999693 0 -0.0167698 -0.999556 -0.0242519 0 0.999857 -0.0167155 -0.00244404 0 0.429948 -0.0187575 0.783233 1 
0.00203572 -0.02429 0.999693 0 -0.0167722 -0.999556 -0.0242525 0 0.999857 -0.016718 -0.00244226 0 0.429948 -0.0187586 0.783235 1 
0.00203707 -0.0242892 0.999693 0 -0.0167692 -0.999556 -0.0242517 0 0.999857 -0.016715 -0.00244352 0 0.429949 -0.0187568 0.783234 1 
0.00203926 -0.0242859 0.999693 0 -0.0167643 -0.999556 -0.0242484 0 0.999857 -0.01671 -0.00244553 0 0.42995 -0.0187532 0.783233 1 
0.00203734 -0.0242887 0.999693 0 -0.0167662 -0.999556 -0.0242512 0 0.999857 -0.016712 -0.00244371 0 0.42995 -0.0187552 0.783234 1 
0.00204581 -0.0242909 0.999693 0 -0.016769 -0.999556 -0.0242533 0 0.999857 -0.0167145 -0.00245229 0 0.429952 -0.018756 0.783229 1 
0.00204257 -0.024285 0.999693 0 -0.0167677 -0.999556 -0.0242474 0 0.999857 -0.0167134 -0.00244891 0 0.429952 -0.0187545 0.783231 1 
0.00204512 -0.0242867 0.999693 0 -0.0167647 -0.999556 -0.0242491 0 0.999857 -0.0167103 -0.00245142 0 0.429953 -0.0187529 0.78323 1 
0.00205049 -0.0242828 0.999693 0 -0.0167635 -0.999556 -0.024245 0 0.999857 -0.016709 -0.00245669 0 0.429954 -0.0187519 0.783227 1 
0.00205342 -0.0242835 0.999693 0 -0.0167607 -0.999556 -0.0242457 0 0.999857 -0.0167061 -0.00245957 0 0.429955 -0.0187499 0.783227 1 
0.00205013 -0.0242835 0.999693 0 -0.0167578 -0.999556 -0.0242458 0 0.999857 -0.0167033 -0.0024562 0 0.429955 -0.0187476 0.783228 1 
0.00206038 -0.0242803 0.999693 0 -0.0167546 -0.999556 -0.0242424 0 0.999858 -0.0166999 -0.00246632 0 0.429958 -0.0187453 0.783225 1 
0.00206182 -0.0242769 0.999694 0 -0.0167521 -0.999556 -0.024239 0 0.999858 -0.0166973 -0.00246764 0 0.429958 -0.0187432 0.783224 1 
0.00206293 -0.0242674 0.999694 0 -0.0167495 -0.999556 -0.0242295 0 0.999858 -0.0166947 -0.00246853 0 0.429958 -0.0187406 0.783224 1 
0.00206293 -0.0242739 0.999694 0 -0.0167484 -0.999556 -0.024236 0 0.999858 -0.0166936 -0.00246861 0 0.429959 -0.0187397 0.783223 1 
0.00206871 -0.0242682 0.999694 0 -0.0167394 -0.999557 -0.0242303 0 0.999858 -0.0166845 -0.00247408 0 0.429961 -0.0187339 0.783221 1 
0.00206961 -0.0242702 0.999694 0 -0.0167441 -0.999556 -0.0242322 0 0.999858 -0.0166892 -0.00247513 0 0.429962 -0.0187366 0.78322 1 
0.00207368 -0.0242658 0.999694 0 -0.0167395 -0.999557 -0.0242278 0 0.999858 -0.0166845 -0.00247901 0 0.429964 -0.018734 0.783218 1 
0.00207374 -0.0242595 0.999694 0 -0.0167303 -0.999557 -0.0242215 0 0.999858 -0.0166753 -0.00247873 0 0.429965 -0.0187281 0.783218 1 
0.00207758 -0.024259 0.999694 0 -0.0167275 -0.999557 -0.0242209 0 0.999858 -0.0166724 -0.0024825 0 0.429965 -0.0187253 0.783218 1 
0.00208259 -0.0242591 0.999694 0 -0.0167264 -0.999557 -0.024221 0 0.999858 -0.0166711 -0.00248748 0 0.429967 -0.0187249 0.783215 1 
0.00208529 -0.0242595 0.999694 0 -0.0167274 -0.999557 -0.0242213 0 0.999858 -0.0166721 -0.00249021 0 0.429967 -0.0187251 0.783214 1 
0.00208649 -0.0242526 0.999694 0 -0.0167176 -0.999557 -0.0242144 0 0.999858 -0.0166622 -0.00249106 0 0.429968 -0.0187198 0.783214 1 
0.00208321 -0.0242501 0.999694 0 -0.0167134 -0.999557 -0.0242119 0 0.999858 -0.0166581 -0.00248764 0 0.429967 -0.0187161 0.783216 1 
0.00209216 -0.0242543 0.999694 0 -0.0167133 -0.999557 -0.024216 0 0.999858 -0.0166578 -0.00249666 0 0.42997 -0.018716 0.783212 1 
0.00208955 -0.0242544 0.999694 0 -0.0167068 -0.999558 -0.0242161 0 0.999858 -0.0166514 -0.00249389 0 0.42997 -0.0187127 0.783213 1 
0.00210177 -0.0242417 0.999694 0 -0.0167027 -0.999558 -0.0242032 0 0.999858 -0.016647 -0.00250579 0 0.429974 -0.0187091 0.783207 1 
0.00209352 -0.0242445 0.999694 0 -0.0167009 -0.999558 -0.0242062 0 0.999858 -0.0166455 -0.00249755 0 0.429971 -0.0187086 0.783212 1 
0.00208873 -0.024242 0.999694 0 -0.016697 -0.999558 -0.0242038 0 0.999858 -0.0166417 -0.00249262 0 0.429972 -0.0187057 0.783213 1 
0.00209187 -0.024243 0.999694 0 -0.0166923 -0.999558 -0.0242047 0 0.999858 -0.0166369 -0.00249567 0 0.429972 -0.0187031 0.783211 1 
0.00210178 -0.0242452 0.999694 0 -0.0166891 -0.999558 -0.0242068 0 0.999859 -0.0166335 -0.00250553 0 0.429974 -0.0187014 0.783207 1 
0.00209604 -0.0242442 0.999694 0 -0.0166897 -0.999558 -0.0242059 0 0.999859 -0.0166342 -0.00249979 0 0.429974 -0.0187011 0.78321 1 
0.00209613 -0.0242323 0.999695 0 -0.016685 -0.999558 -0.024194 0 0.999859 -0.0166295 -0.00249957 0 0.429974 -0.0186981 0.783211 1 
0.00210279 -0.0242398 0.999694 0 -0.016686 -0.999558 -0.0242014 0 0.999859 -0.0166303 -0.00250638 0 0.429976 -0.0186993 0.783207 1 
0.0020989 -0.0242453 0.999694 0 -0.0166814 -0.999558 -0.0242069 0 0.999859 -0.0166258 -0.00250247 0 0.429976 -0.0186968 0.783209 1 
0.0020979 -0.024242 0.999694 0 -0.0166812 -0.999558 -0.0242037 0 0.999859 -0.0166257 -0.00250141 0 0.429976 -0.0186967 0.78321 1 
0.00210152 -0.0242422 0.999694 0 -0.0166865 -0.999558 -0.0242038 0 0.999859 -0.0166308 -0.00250515 0 0.429977 -0.0186996 0.783208 1 
0.00209771 -0.0242388 0.999694 0 -0.0166818 -0.999558 -0.0242005 0 0.999859 -0.0166262 -0.00250118 0 0.429976 -0.0186972 0.78321 1 
0.00210198 -0.0242416 0.999694 0 -0.016684 -0.999558 -0.0242032 0 0.999859 -0.0166283 -0.00250554 0 0.429977 -0.0186973 0.783207 1 
0.00209803 -0.0242412 0.999694 0 -0.0166827 -0.999558 -0.0242029 0 0.999859 -0.0166271 -0.00250156 0 0.429976 -0.0186972 0.78321 1 
0.0021029 -0.0242402 0.999694 0 -0.0166907 -0.999558 -0.0242018 0 0.999858 -0.016635 -0.00250661 0 0.429977 -0.0187016 0.783207 1 
0.00209296 -0.0242408 0.999694 0 -0.0166843 -0.999558 -0.0242026 0 0.999859 -0.0166289 -0.00249653 0 0.429975 -0.0186989 0.783213 1 
0.00209529 -0.0242426 0.999694 0 -0.0166855 -0.999558 -0.0242043 0 0.999859 -0.01663 -0.00249891 0 0.429975 -0.0186996 0.783211 1 
0.00209045 -0.0242468 0.999694 0 -0.0166857 -0.999558 -0.0242086 0 0.999859 -0.0166303 -0.00249415 0 0.429973 -0.0187 0.783213 1 
0.00208775 -0.0242479 0.999694 0 -0.0166948 -0.999558 -0.0242097 0 0.999858 -0.0166395 -0.00249169 0 0.429974 -0.0187056 0.783214 1 
0.00209437 -0.0242495 0.999694 0 -0.0167006 -0.999558 -0.0242112 0 0.999858 -0.0166451 -0.00249847 0 0.429975 -0.0187082 0.783211 1 
0.00209101 -0.0242521 0.999694 0 -0.0166988 -0.999558 -0.0242139 0 0.999858 -0.0166434 -0.00249511 0 0.429974 -0.0187096 0.783213 1 
0.00209143 -0.0242497 0.999694 0 -0.0167052 -0.999558 -0.0242115 0 0.999858 -0.0166498 -0.00249565 0 0.429973 -0.0187129 0.783213 1 
0.00209028 -0.0242532 0.999694 0 -0.0167075 -0.999558 -0.0242149 0 0.999858 -0.0166521 -0.00249461 0 0.429973 -0.0187138 0.783213 1 
0.00208883 -0.0242534 0.999694 0 -0.0167113 -0.999557 -0.0242152 0 0.999858 -0.0166559 -0.00249326 0 0.429973 -0.0187156 0.783214 1 
0.00208458 -0.0242506 0.999694 0 -0.0167167 -0.999557 -0.0242125 0 0.999858 -0.0166614 -0.0024891 0 0.429972 -0.0187194 0.783216 1 
0.00208851 -0.0242486 0.999694 0 -0.0167203 -0.999557 -0.0242103 0 0.999858 -0.016665 -0.00249308 0 0.429973 -0.0187206 0.783214 1 
0.00208654 -0.0242566 0.999694 0 -0.0167229 -0.999557 -0.0242184 0 0.999858 -0.0166676 -0.00249131 0 0.429972 -0.0187233 0.783215 1 
0.00208086 -0.0242603 0.999694 0 -0.0167276 -0.999557 -0.0242221 0 0.999858 -0.0166724 -0.0024858 0 0.42997 -0.0187266 0.783218 1 
0.00208313 -0.0242673 0.999694 0 -0.0167378 -0.999557 -0.0242291 0 0.999858 -0.0166825 -0.00248843 0 0.429971 -0.0187329 0.783216 1 
0.00208262 -0.0242686 0.999694 0 -0.0167424 -0.999557 -0.0242304 0 0.999858 -0.0166872 -0.00248806 0 0.429971 -0.0187359 0.783216 1 
0.00207815 -0.024274 0.999694 0 -0.0167441 -0.999556 -0.0242359 0 0.999858 -0.0166889 -0.00248373 0 0.429969 -0.018737 0.783218 1 
0.00208571 -0.0242712 0.999694 0 -0.0167533 -0.999556 -0.0242329 0 0.999857 -0.0166979 -0.00249145 0 0.429971 -0.0187425 0.783214 1 
0.00207818 -0.0242738 0.999694 0 -0.0167519 -0.999556 -0.0242357 0 0.999858 -0.0166967 -0.00248394 0 0.42997 -0.0187415 0.783218 1 
0.0020815 -0.0242713 0.999694 0 -0.0167544 -0.999556 -0.0242331 0 0.999857 -0.0166992 -0.00248728 0 0.42997 -0.0187436 0.783217 1 
0.00207796 -0.024278 0.999693 0 -0.0167585 -0.999556 -0.0242398 0 0.999857 -0.0167033 -0.00248394 0 0.42997 -0.0187466 0.783219 1 
0.00207786 -0.0242858 0.999693 0 -0.0167615 -0.999556 -0.0242476 0 0.999857 -0.0167063 -0.00248405 0 0.42997 -0.0187492 0.783218 1 
0.00207632 -0.0242889 0.999693 0 -0.0167718 -0.999556 -0.0242508 0 0.999857 -0.0167167 -0.00248281 0 0.429969 -0.0187547 0.783218 1 
0.00207544 -0.0242837 0.999693 0 -0.0167694 -0.999556 -0.0242456 0 0.999857 -0.0167143 -0.00248178 0 0.429969 -0.0187531 0.783219 1 
0.00206988 -0.0242846 0.999693 0 -0.0167702 -0.999556 -0.0242465 0 0.999857 -0.0167152 -0.00247627 0 0.429966 -0.018754 0.783222 1 
0.00207448 -0.0242856 0.999693 0 -0.0167742 -0.999556 -0.0242474 0 0.999857 -0.016719 -0.00248098 0 0.429967 -0.0187574 0.783219 1 
0.00207479 -0.0242905 0.999693 0 -0.0167771 -0.999555 -0.0242523 0 0.999857 -0.0167219 -0.00248144 0 0.429968 -0.0187599 0.783219 1 
0.00206992 -0.024294 0.999693 0 -0.016774 -0.999555 -0.024256 0 0.999857 -0.016719 -0.00247655 0 0.429968 -0.0187584 0.78322 1 
0.00207334 -0.0242928 0.999693 0 -0.0167733 -0.999555 -0.0242546 0 0.999857 -0.0167182 -0.00247993 0 0.429968 -0.0187583 0.78322 1 
0.00206575 -0.0242921 0.999693 0 -0.0167754 -0.999555 -0.0242541 0 0.999857 -0.0167204 -0.00247238 0 0.429966 -0.0187601 0.783223 1 
0.0020663 -0.0242991 0.999693 0 -0.0167766 -0.999555 -0.0242611 0 0.999857 -0.0167217 -0.00247308 0 0.429965 -0.0187616 0.783223 1 
0.00206734 -0.0242979 0.999693 0 -0.0167778 -0.999555 -0.0242599 0 0.999857 -0.0167228 -0.00247414 0 0.429966 -0.0187623 0.783222 1 
0.00206862 -0.0242932 0.999693 0 -0.016775 -0.999555 -0.0242552 0 0.999857 -0.01672 -0.00247527 0 0.429967 -0.0187604 0.783221 1 
0.00206606 -0.0242954 0.999693 0 -0.0167782 -0.999555 -0.0242574 0 0.999857 -0.0167232 -0.00247282 0 0.429966 -0.0187625 0.783223 1 
0.00206515 -0.0242964 0.999693 0 -0.0167766 -0.999555 -0.0242584 0 0.999857 -0.0167217 -0.00247189 0 0.429965 -0.0187628 0.783223 1 
0.00206812 -0.0242939 0.999693 0 -0.0167744 -0.999555 -0.0242558 0 0.999857 -0.0167194 -0.00247476 0 0.429966 -0.0187608 0.783222 1 
0.00206463 -0.0242982 0.999693 0 -0.0167729 -0.999555 -0.0242602 0 0.999857 -0.0167179 -0.00247131 0 0.429966 -0.0187609 0.783224 1 
0.00206514 -0.024301 0.999693 0 -0.0167709 -0.999555 -0.024263 0 0.999857 -0.0167159 -0.00247182 0 0.429965 -0.0187608 0.783223 1 
0.00206236 -0.0242994 0.999693 0 -0.0167726 -0.999555 -0.0242615 0 0.999857 -0.0167178 -0.00246905 0 0.429965 -0.0187624 0.783224 1 
0.00205667 -0.0243005 0.999693 0 -0.016774 -0.999555 -0.0242626 0 0.999857 -0.0167193 -0.00246342 0 0.429964 -0.018764 0.783228 1 
0.0020624 -0.0243003 0.999693 0 -0.0167724 -0.999555 -0.0242624 0 0.999857 -0.0167175 -0.0024691 0 0.429965 -0.0187633 0.783224 1 
0.00205705 -0.024305 0.999693 0 -0.0167696 -0.999555 -0.0242671 0 0.999857 -0.0167149 -0.00246376 0 0.429964 -0.0187616 0.783227 1 
0.00206037 -0.0243027 0.999693 0 -0.0167712 -0.999555 -0.0242648 0 0.999857 -0.0167164 -0.00246708 0 0.429964 -0.018762 0.783226 1 
0.00206371 -0.0243086 0.999693 0 -0.0167668 -0.999555 -0.0242707 0 0.999857 -0.0167118 -0.00247042 0 0.429966 -0.018761 0.783224 1 
0.00206106 -0.0242986 0.999693 0 -0.0167721 -0.999555 -0.0242606 0 0.999857 -0.0167173 -0.00246773 0 0.429965 -0.018763 0.783225 1 
