0.0783391 -0.0301461 0.996461 0 -0.00329313 -0.999535 -0.0299802 0 0.996921 -0.000932873 -0.0784034 0 0.480942 -0.00555321 0.759771 1 
0.0782971 -0.0301705 0.996464 0 -0.00336819 -0.999535 -0.0299989 0 0.996924 -0.00100748 -0.0783637 0 0.480928 -0.00560116 0.759785 1 
0.0782979 -0.0301716 0.996464 0 -0.00337117 -0.999535 -0.0299997 0 0.996924 -0.00101036 -0.0783646 0 0.480928 -0.00560215 0.759786 1 
0.0782963 -0.0301749 0.996464 0 -0.00336946 -0.999534 -0.0300031 0 0.996924 -0.00100843 -0.078363 0 0.480927 -0.00560195 0.759786 1 
0.0782979 -0.03017 0.996464 0 -0.00336677 -0.999535 -0.0299984 0 0.996924 -0.00100607 -0.0783646 0 0.480928 -0.00560063 0.759785 1 
0.0782991 -0.0301722 0.996464 0 -0.00336967 -0.999535 -0.0300004 0 0.996924 -0.00100877 -0.0783658 0 0.480928 -0.00560199 0.759784 1 
0.0782933 -0.0301729 0.996464 0 -0.00337185 -0.999535 -0.030001 0 0.996925 -0.00101107 -0.0783601 0 0.480927 -0.00560301 0.759787 1 
0.0782949 -0.0301715 0.996464 0 -0.0033659 -0.999535 -0.03 0 0.996925 -0.00100517 -0.0783615 0 0.480928 -0.00559912 0.759786 1 
0.0782982 -0.0301701 0.996464 0 -0.0033703 -0.999535 -0.0299983 0 0.996924 -0.00100959 -0.078365 0 0.480929 -0.00560225 0.759785 1 
0.0783007 -0.0301717 0.996463 0 -0.00336971 -0.999535 -0.0299999 0 0.996924 -0.0010088 -0.0783674 0 0.48093 -0.00560246 0.759784 1 
0.0783046 -0.0301735 0.996463 0 -0.00336678 -0.999535 -0.0300019 0 0.996924 -0.0010056 -0.0783713 0 0.480929 -0.00559983 0.759782 1 
0.0782972 -0.0301695 0.996464 0 -0.00336664 -0.999535 -0.0299979 0 0.996924 -0.001006 -0.0783638 0 0.480928 -0.00559964 0.759785 1 
0.0783037 -0.0301691 0.996463 0 -0.00336538 -0.999535 -0.0299976 0 0.996924 -0.00100457 -0.0783703 0 0.48093 -0.00559919 0.759782 1 
0.0783 -0.0301703 0.996464 0 -0.00336714 -0.999535 -0.0299987 0 0.996924 -0.00100635 -0.0783667 0 0.480929 -0.00560037 0.759784 1 
0.0783027 -0.030174 0.996463 0 -0.00336733 -0.999535 -0.0300024 0 0.996924 -0.00100617 -0.0783693 0 0.48093 -0.00560016 0.759782 1 
0.0783003 -0.0301723 0.996463 0 -0.00337231 -0.999535 -0.0300003 0 0.996924 -0.00101138 -0.0783671 0 0.48093 -0.00560328 0.759783 1 
0.0783027 -0.0301645 0.996464 0 -0.0033623 -0.999535 -0.0299932 0 0.996924 -0.00100187 -0.0783692 0 0.48093 -0.00559688 0.759783 1 
0.0782996 -0.0301681 0.996464 0 -0.00336191 -0.999535 -0.0299969 0 0.996924 -0.00100129 -0.0783661 0 0.480929 -0.00559635 0.759784 1 
0.0783127 -0.0301716 0.996463 0 -0.00336899 -0.999535 -0.0299998 0 0.996923 -0.00100772 -0.0783794 0 0.480932 -0.00560057 0.759777 1 
0.0783031 -0.0301728 0.996463 0 -0.00336686 -0.999535 -0.0300013 0 0.996924 -0.00100578 -0.0783697 0 0.48093 -0.00560045 0.759782 1 
0.0783087 -0.0301695 0.996463 0 -0.00336222 -0.999535 -0.0299983 0 0.996923 -0.00100122 -0.0783752 0 0.480932 -0.00559647 0.759779 1 
0.0783072 -0.0301685 0.996463 0 -0.00336367 -0.999535 -0.0299971 0 0.996924 -0.0010028 -0.0783738 0 0.48093 -0.00559774 0.759779 1 
0.0783087 -0.0301704 0.996463 0 -0.00336589 -0.999535 -0.0299989 0 0.996923 -0.00100483 -0.0783754 0 0.480931 -0.00559823 0.759779 1 
0.0783123 -0.0301673 0.996463 0 -0.00336147 -0.999535 -0.0299962 0 0.996923 -0.00100052 -0.0783788 0 0.480932 -0.00559609 0.759777 1 
0.0783057 -0.030165 0.996463 0 -0.00336383 -0.999535 -0.0299937 0 0.996924 -0.00100327 -0.0783722 0 0.48093 -0.00559772 0.759781 1 
0.0783044 -0.0301708 0.996463 0 -0.00336732 -0.999535 -0.0299992 0 0.996924 -0.00100636 -0.078371 0 0.48093 -0.0055991 0.759781 1 
0.0783118 -0.0301698 0.996463 0 -0.00336301 -0.999535 -0.0299985 0 0.996923 -0.00100189 -0.0783783 0 0.480931 -0.00559712 0.759777 1 
0.0783056 -0.030167 0.996463 0 -0.00336565 -0.999535 -0.0299955 0 0.996924 -0.00100496 -0.0783722 0 0.48093 -0.00559837 0.75978 1 
0.078311 -0.0301738 0.996463 0 -0.00336573 -0.999535 -0.0300023 0 0.996923 -0.00100433 -0.0783777 0 0.480931 -0.00559825 0.759778 1 
0.0783152 -0.0301725 0.996462 0 -0.00336118 -0.999535 -0.0300013 0 0.996923 -0.000999751 -0.0783816 0 0.480933 -0.00559541 0.759775 1 
0.0783092 -0.0301702 0.996463 0 -0.00336796 -0.999535 -0.0299985 0 0.996923 -0.00100691 -0.0783759 0 0.48093 -0.00560025 0.759778 1 
0.0783156 -0.0301696 0.996462 0 -0.00336732 -0.999535 -0.0299979 0 0.996923 -0.00100612 -0.0783823 0 0.480931 -0.00559959 0.759774 1 
0.0783127 -0.0301713 0.996463 0 -0.00336826 -0.999535 -0.0299996 0 0.996923 -0.00100702 -0.0783793 0 0.480932 -0.00559996 0.759776 1 
0.0783081 -0.0301747 0.996463 0 -0.00337174 -0.999534 -0.0300027 0 0.996923 -0.00101038 -0.0783749 0 0.480931 -0.00560223 0.759779 1 
0.0783125 -0.0301691 0.996463 0 -0.00336692 -0.999535 -0.0299975 0 0.996923 -0.00100585 -0.0783792 0 0.480932 -0.00559967 0.759777 1 
0.0783096 -0.0301666 0.996463 0 -0.00336478 -0.999535 -0.0299952 0 0.996923 -0.00100399 -0.0783762 0 0.48093 -0.00559815 0.759778 1 
0.0783116 -0.0301669 0.996463 0 -0.00336024 -0.999535 -0.0299958 0 0.996923 -0.000999356 -0.078378 0 0.480931 -0.00559532 0.759777 1 
0.0783139 -0.0301706 0.996462 0 -0.00336332 -0.999535 -0.0299993 0 0.996923 -0.00100208 -0.0783804 0 0.480931 -0.00559687 0.759775 1 
0.0783065 -0.0301657 0.996463 0 -0.00336578 -0.999535 -0.0299942 0 0.996924 -0.00100515 -0.0783732 0 0.480929 -0.00559874 0.75978 1 
0.0783046 -0.0301719 0.996463 0 -0.0033658 -0.999535 -0.0300004 0 0.996924 -0.00100474 -0.0783712 0 0.480929 -0.00559938 0.75978 1 
0.0782998 -0.0301746 0.996463 0 -0.00336481 -0.999535 -0.0300032 0 0.996924 -0.00100369 -0.0783664 0 0.480928 -0.00559855 0.759782 1 
0.0783011 -0.030169 0.996464 0 -0.00336618 -0.999535 -0.0299974 0 0.996924 -0.00100546 -0.0783678 0 0.480928 -0.00559891 0.759782 1 
0.0782949 -0.0301655 0.996464 0 -0.00336781 -0.999535 -0.0299939 0 0.996924 -0.00100755 -0.0783616 0 0.480926 -0.00559985 0.759785 1 
0.0782924 -0.0301709 0.996464 0 -0.00336112 -0.999535 -0.0299998 0 0.996925 -0.00100051 -0.0783589 0 0.480925 -0.00559633 0.759786 1 
0.0782937 -0.0301715 0.996464 0 -0.00336397 -0.999535 -0.0300002 0 0.996925 -0.00100327 -0.0783603 0 0.480926 -0.00559795 0.759786 1 
0.0782913 -0.0301716 0.996464 0 -0.00336744 -0.999535 -0.03 0 0.996925 -0.00100681 -0.078358 0 0.480926 -0.00560014 0.759787 1 
0.0782849 -0.0301682 0.996465 0 -0.00336122 -0.999535 -0.029997 0 0.996925 -0.00100104 -0.0783514 0 0.480924 -0.00559654 0.75979 1 
0.0782814 -0.0301672 0.996465 0 -0.00336419 -0.999535 -0.0299958 0 0.996926 -0.0010042 -0.078348 0 0.480923 -0.00559778 0.759792 1 
0.0782828 -0.0301742 0.996465 0 -0.00336732 -0.999535 -0.0300027 0 0.996925 -0.00100674 -0.0783495 0 0.480924 -0.00560035 0.759791 1 
0.0782794 -0.0301716 0.996465 0 -0.00336517 -0.999535 -0.0300002 0 0.996926 -0.0010049 -0.078346 0 0.480923 -0.0055993 0.759793 1 
0.078273 -0.0301706 0.996466 0 -0.00336934 -0.999535 -0.0299988 0 0.996926 -0.00100935 -0.0783398 0 0.480921 -0.00560191 0.759796 1 
0.0782769 -0.0301674 0.996465 0 -0.00336472 -0.999535 -0.0299961 0 0.996926 -0.00100484 -0.0783435 0 0.480921 -0.00559817 0.759794 1 
0.0782695 -0.0301723 0.996466 0 -0.00336511 -0.999535 -0.0300009 0 0.996927 -0.00100508 -0.0783361 0 0.48092 -0.00559939 0.759798 1 
0.0782725 -0.0301697 0.996466 0 -0.00336526 -0.999535 -0.0299983 0 0.996926 -0.00100535 -0.0783392 0 0.480921 -0.00559901 0.759797 1 
0.0782653 -0.0301705 0.996466 0 -0.00336778 -0.999535 -0.0299989 0 0.996927 -0.00100802 -0.078332 0 0.480919 -0.00560139 0.7598 1 
0.078257 -0.0301718 0.996467 0 -0.00336655 -0.999535 -0.0300003 0 0.996927 -0.00100694 -0.0783236 0 0.480916 -0.00560039 0.759805 1 
0.0782553 -0.0301725 0.996467 0 -0.00336582 -0.999535 -0.030001 0 0.996928 -0.00100621 -0.0783219 0 0.480916 -0.00559965 0.759805 1 
0.078253 -0.0301717 0.996467 0 -0.00336724 -0.999535 -0.0300002 0 0.996928 -0.00100775 -0.0783197 0 0.480916 -0.00560082 0.759806 1 
0.0782496 -0.0301674 0.996468 0 -0.00335989 -0.999535 -0.0299964 0 0.996928 -0.00100083 -0.078316 0 0.480915 -0.0055966 0.759809 1 
0.0782436 -0.0301739 0.996468 0 -0.00336844 -0.999535 -0.0300023 0 0.996929 -0.00100907 -0.0783103 0 0.480913 -0.00560162 0.759812 1 
0.0782455 -0.0301723 0.996468 0 -0.00336496 -0.999535 -0.030001 0 0.996928 -0.00100565 -0.0783121 0 0.480914 -0.00559984 0.759811 1 
0.0782423 -0.0301749 0.996468 0 -0.00337112 -0.999534 -0.030003 0 0.996929 -0.00101173 -0.0783091 0 0.480913 -0.00560372 0.759812 1 
0.0782431 -0.0301682 0.996468 0 -0.00336473 -0.999535 -0.0299969 0 0.996929 -0.00100582 -0.0783097 0 0.480912 -0.00559987 0.759811 1 
0.0782354 -0.0301728 0.996469 0 -0.0033647 -0.999535 -0.0300015 0 0.996929 -0.00100566 -0.078302 0 0.48091 -0.00560056 0.759815 1 
0.0782436 -0.030171 0.996468 0 -0.00336776 -0.999535 -0.0299994 0 0.996929 -0.00100863 -0.0783103 0 0.480913 -0.00560108 0.759811 1 
0.078233 -0.0301726 0.996469 0 -0.00336585 -0.999535 -0.0300011 0 0.996929 -0.0010069 -0.0782996 0 0.48091 -0.00560072 0.759816 1 
0.0782296 -0.0301698 0.996469 0 -0.00336335 -0.999535 -0.0299985 0 0.99693 -0.00100472 -0.0782962 0 0.480909 -0.00559911 0.759818 1 
0.0782182 -0.0301732 0.99647 0 -0.00336716 -0.999535 -0.0300017 0 0.996931 -0.00100861 -0.0782849 0 0.480906 -0.0056018 0.759823 1 
0.0782231 -0.0301771 0.996469 0 -0.00336693 -0.999534 -0.0300056 0 0.99693 -0.00100793 -0.0782898 0 0.480906 -0.00560228 0.759821 1 
0.0782225 -0.0301766 0.996469 0 -0.00336817 -0.999534 -0.030005 0 0.99693 -0.00100923 -0.0782892 0 0.480906 -0.00560265 0.759821 1 
0.0782134 -0.0301697 0.99647 0 -0.00336469 -0.999535 -0.0299984 0 0.996931 -0.00100656 -0.07828 0 0.480903 -0.00560072 0.759826 1 
0.0782155 -0.0301722 0.99647 0 -0.00336635 -0.999535 -0.0300008 0 0.996931 -0.00100796 -0.0782822 0 0.480905 -0.00560124 0.759825 1 
0.0782134 -0.0301734 0.99647 0 -0.00336621 -0.999535 -0.0300019 0 0.996931 -0.00100779 -0.0782801 0 0.480902 -0.0056019 0.759825 1 
0.0782092 -0.0301733 0.996471 0 -0.00337202 -0.999535 -0.0300014 0 0.996931 -0.00101375 -0.078276 0 0.480902 -0.00560437 0.759828 1 
0.0782134 -0.0301765 0.99647 0 -0.00336935 -0.999534 -0.0300049 0 0.996931 -0.00101069 -0.0782801 0 0.480903 -0.00560358 0.759825 1 
0.0782088 -0.0301763 0.996471 0 -0.00336667 -0.999534 -0.0300049 0 0.996931 -0.00100816 -0.0782755 0 0.480901 -0.005602 0.759828 1 
0.0782086 -0.0301787 0.99647 0 -0.0033759 -0.999534 -0.0300065 0 0.996931 -0.00101724 -0.0782755 0 0.480901 -0.00560784 0.759828 1 
0.0782148 -0.0301745 0.99647 0 -0.00336996 -0.999535 -0.0300028 0 0.996931 -0.00101142 -0.0782816 0 0.480902 -0.00560358 0.759825 1 
0.0782062 -0.030171 0.996471 0 -0.00336712 -0.999535 -0.0299995 0 0.996931 -0.00100911 -0.0782729 0 0.4809 -0.00560176 0.759829 1 
0.0782094 -0.0301722 0.996471 0 -0.00336531 -0.999535 -0.0300009 0 0.996931 -0.0010071 -0.078276 0 0.480902 -0.00560065 0.759827 1 
0.078199 -0.0301736 0.996471 0 -0.00336966 -0.999535 -0.0300019 0 0.996932 -0.00101167 -0.0782658 0 0.480899 -0.00560397 0.759832 1 
0.0782002 -0.0301733 0.996471 0 -0.00336535 -0.999535 -0.030002 0 0.996932 -0.00100734 -0.0782668 0 0.480899 -0.00560155 0.759832 1 
0.0782066 -0.0301735 0.996471 0 -0.00336693 -0.999535 -0.030002 0 0.996931 -0.00100871 -0.0782733 0 0.4809 -0.00560239 0.759829 1 
0.0782017 -0.0301725 0.996471 0 -0.00336894 -0.999535 -0.0300009 0 0.996932 -0.00101096 -0.0782684 0 0.480899 -0.00560338 0.759832 1 
0.0781989 -0.0301722 0.996471 0 -0.00336857 -0.999535 -0.0300006 0 0.996932 -0.00101069 -0.0782657 0 0.480899 -0.00560411 0.759832 1 
0.0782017 -0.0301714 0.996471 0 -0.00336602 -0.999535 -0.03 0 0.996932 -0.00100811 -0.0782684 0 0.480899 -0.00560216 0.759831 1 
0.0781987 -0.030171 0.996471 0 -0.00336654 -0.999535 -0.0299996 0 0.996932 -0.00100875 -0.0782654 0 0.480898 -0.00560115 0.759833 1 
0.0782006 -0.0301688 0.996471 0 -0.00336446 -0.999535 -0.0299975 0 0.996932 -0.00100678 -0.0782673 0 0.480898 -0.00560081 0.759832 1 
0.0781979 -0.0301671 0.996472 0 -0.00336835 -0.999535 -0.0299955 0 0.996932 -0.0010109 -0.0782646 0 0.480897 -0.00560258 0.759833 1 
0.078197 -0.0301717 0.996472 0 -0.00336718 -0.999535 -0.0300002 0 0.996932 -0.00100939 -0.0782637 0 0.480898 -0.00560206 0.759834 1 
0.0781957 -0.0301721 0.996472 0 -0.0033587 -0.999535 -0.0300013 0 0.996932 -0.0010009 -0.0782622 0 0.480897 -0.00559685 0.759834 1 
0.0782006 -0.0301729 0.996471 0 -0.00336681 -0.999535 -0.0300015 0 0.996932 -0.00100881 -0.0782673 0 0.480898 -0.00560204 0.759832 1 
0.0781941 -0.0301685 0.996472 0 -0.00336747 -0.999535 -0.029997 0 0.996932 -0.00101003 -0.0782608 0 0.480897 -0.00560272 0.759834 1 
0.0781962 -0.0301721 0.996472 0 -0.00337257 -0.999535 -0.0300002 0 0.996932 -0.00101479 -0.078263 0 0.480897 -0.00560574 0.759834 1 
0.0781959 -0.030177 0.996472 0 -0.00336783 -0.999534 -0.0300055 0 0.996932 -0.00100966 -0.0782627 0 0.480898 -0.00560297 0.759834 1 
0.0782002 -0.030175 0.996471 0 -0.00336417 -0.999534 -0.0300037 0 0.996932 -0.00100602 -0.0782668 0 0.480898 -0.00560063 0.759833 1 
0.0781985 -0.0301768 0.996471 0 -0.00336403 -0.999534 -0.0300056 0 0.996932 -0.00100579 -0.0782652 0 0.480898 -0.00560105 0.759833 1 
0.0781951 -0.0301725 0.996472 0 -0.00336526 -0.999535 -0.0300011 0 0.996932 -0.00100746 -0.0782618 0 0.480898 -0.00560191 0.759834 1 
0.078201 -0.030171 0.996471 0 -0.00336527 -0.999535 -0.0299997 0 0.996932 -0.00100741 -0.0782677 0 0.480899 -0.00560142 0.759831 1 
0.0782023 -0.0301748 0.996471 0 -0.00336526 -0.999534 -0.0300035 0 0.996932 -0.00100706 -0.078269 0 0.480899 -0.00560137 0.759831 1 
0.0782 -0.0301693 0.996471 0 -0.00336745 -0.999535 -0.0299978 0 0.996932 -0.00100976 -0.0782667 0 0.4809 -0.00560212 0.759831 1 
0.0782038 -0.0301725 0.996471 0 -0.00336627 -0.999535 -0.0300011 0 0.996932 -0.00100821 -0.0782705 0 0.480901 -0.00560136 0.75983 1 
0.0782051 -0.0301737 0.996471 0 -0.00336477 -0.999535 -0.0300024 0 0.996932 -0.00100658 -0.0782717 0 0.480901 -0.00560073 0.759829 1 
0.0782051 -0.0301733 0.996471 0 -0.00336612 -0.999535 -0.0300019 0 0.996932 -0.00100796 -0.0782718 0 0.480901 -0.00560273 0.75983 1 
0.0782085 -0.0301728 0.996471 0 -0.00336619 -0.999535 -0.0300014 0 0.996931 -0.00100797 -0.0782752 0 0.480902 -0.00560133 0.759828 1 
0.0782094 -0.0301734 0.996471 0 -0.00336675 -0.999535 -0.0300019 0 0.996931 -0.00100845 -0.078276 0 0.480903 -0.00560159 0.759827 1 
0.0782144 -0.0301751 0.99647 0 -0.00336765 -0.999534 -0.0300036 0 0.996931 -0.00100907 -0.0782811 0 0.480903 -0.00560183 0.759825 1 
0.0782131 -0.0301681 0.99647 0 -0.00336735 -0.999535 -0.0299966 0 0.996931 -0.00100936 -0.0782798 0 0.480903 -0.00560171 0.759825 1 
0.0782147 -0.0301719 0.99647 0 -0.00336658 -0.999535 -0.0300005 0 0.996931 -0.00100824 -0.0782814 0 0.480904 -0.00560122 0.759824 1 
0.0782227 -0.0301702 0.99647 0 -0.00336431 -0.999535 -0.0299989 0 0.99693 -0.00100585 -0.0782894 0 0.480906 -0.0055995 0.75982 1 
0.0782175 -0.0301733 0.99647 0 -0.00336379 -0.999535 -0.0300021 0 0.996931 -0.00100524 -0.0782841 0 0.480904 -0.00559995 0.759824 1 
0.0782256 -0.0301676 0.996469 0 -0.0033679 -0.999535 -0.029996 0 0.99693 -0.00100957 -0.0782924 0 0.480906 -0.00560185 0.759819 1 
0.0782247 -0.0301783 0.996469 0 -0.00337138 -0.999534 -0.0300065 0 0.99693 -0.00101225 -0.0782915 0 0.480906 -0.00560438 0.75982 1 
0.0782313 -0.0301727 0.996469 0 -0.00337075 -0.999535 -0.0300009 0 0.996929 -0.00101185 -0.0782981 0 0.480909 -0.00560398 0.759815 1 
0.0782329 -0.0301697 0.996469 0 -0.00336762 -0.999535 -0.0299981 0 0.996929 -0.00100891 -0.0782996 0 0.480909 -0.00560166 0.759814 1 
0.0782315 -0.0301702 0.996469 0 -0.00337062 -0.999535 -0.0299984 0 0.996929 -0.00101191 -0.0782983 0 0.480909 -0.00560352 0.759816 1 
0.0782368 -0.0301711 0.996468 0 -0.00336951 -0.999535 -0.0299994 0 0.996929 -0.00101057 -0.0783036 0 0.480908 -0.0056024 0.759813 1 
0.0782378 -0.0301668 0.996469 0 -0.00336402 -0.999535 -0.0299955 0 0.996929 -0.00100538 -0.0783044 0 0.48091 -0.00559876 0.759812 1 
0.0782356 -0.0301701 0.996469 0 -0.00336778 -0.999535 -0.0299985 0 0.996929 -0.00100895 -0.0783023 0 0.48091 -0.00560125 0.759813 1 
0.0782392 -0.0301671 0.996468 0 -0.0033642 -0.999535 -0.0299958 0 0.996929 -0.00100549 -0.0783058 0 0.48091 -0.00559908 0.759811 1 
0.0782419 -0.0301732 0.996468 0 -0.00336627 -0.999535 -0.0300018 0 0.996929 -0.001007 -0.0783085 0 0.480912 -0.00560066 0.759809 1 
0.0782479 -0.030169 0.996468 0 -0.00337017 -0.999535 -0.0299972 0 0.996928 -0.00101107 -0.0783147 0 0.480914 -0.00560294 0.759808 1 
0.0782463 -0.0301704 0.996468 0 -0.00337129 -0.999535 -0.0299985 0 0.996928 -0.00101213 -0.0783131 0 0.480913 -0.00560328 0.759808 1 
0.0782476 -0.0301656 0.996468 0 -0.00336838 -0.999535 -0.0299939 0 0.996928 -0.00100954 -0.0783143 0 0.480914 -0.00560138 0.759807 1 
0.0782448 -0.0301726 0.996468 0 -0.00337167 -0.999535 -0.0300007 0 0.996928 -0.00101238 -0.0783117 0 0.480912 -0.00560332 0.759808 1 
0.078251 -0.0301681 0.996467 0 -0.00336865 -0.999535 -0.0299964 0 0.996928 -0.00100952 -0.0783178 0 0.480915 -0.00560205 0.759804 1 
0.0782483 -0.0301695 0.996468 0 -0.00336777 -0.999535 -0.0299979 0 0.996928 -0.0010086 -0.078315 0 0.480914 -0.00560049 0.759806 1 
0.0782572 -0.0301709 0.996467 0 -0.00337439 -0.999535 -0.0299988 0 0.996927 -0.00101487 -0.0783241 0 0.480916 -0.00560467 0.759802 1 
0.0782605 -0.0301711 0.996467 0 -0.00336651 -0.999535 -0.0299996 0 0.996927 -0.00100685 -0.0783272 0 0.480916 -0.00559992 0.759801 1 
0.07826 -0.0301689 0.996467 0 -0.00336962 -0.999535 -0.0299971 0 0.996927 -0.00101016 -0.0783268 0 0.480916 -0.00560233 0.759801 1 
0.0782591 -0.0301691 0.996467 0 -0.00336728 -0.999535 -0.0299976 0 0.996927 -0.00100781 -0.0783258 0 0.480917 -0.00560174 0.759801 1 
0.0782577 -0.0301737 0.996467 0 -0.00337166 -0.999535 -0.0300018 0 0.996927 -0.0010119 -0.0783245 0 0.480916 -0.00560336 0.759801 1 
0.0782609 -0.0301729 0.996467 0 -0.0033692 -0.999535 -0.0300012 0 0.996927 -0.0010094 -0.0783277 0 0.480917 -0.00560237 0.7598 1 
0.0782611 -0.0301688 0.996467 0 -0.00337175 -0.999535 -0.0299969 0 0.996927 -0.00101227 -0.0783279 0 0.480918 -0.00560276 0.759801 1 
0.078259 -0.0301663 0.996467 0 -0.00336885 -0.999535 -0.0299946 0 0.996927 -0.00100962 -0.0783257 0 0.480918 -0.00560146 0.759801 1 
0.078268 -0.0301711 0.996466 0 -0.00336913 -0.999535 -0.0299993 0 0.996927 -0.00100926 -0.0783348 0 0.48092 -0.00560198 0.759797 1 
0.0782671 -0.0301721 0.996466 0 -0.00337082 -0.999535 -0.0300003 0 0.996927 -0.0010109 -0.0783339 0 0.480918 -0.00560286 0.759798 1 
0.0782657 -0.0301709 0.996466 0 -0.00337204 -0.999535 -0.0299989 0 0.996927 -0.00101225 -0.0783325 0 0.48092 -0.00560394 0.759798 1 
0.0782612 -0.0301717 0.996467 0 -0.00337392 -0.999535 -0.0299996 0 0.996927 -0.00101422 -0.0783281 0 0.480917 -0.00560497 0.7598 1 
0.0782677 -0.0301773 0.996466 0 -0.00337643 -0.999534 -0.0300051 0 0.996927 -0.00101609 -0.0783346 0 0.48092 -0.00560612 0.759797 1 
0.0782642 -0.0301718 0.996466 0 -0.00337421 -0.999535 -0.0299997 0 0.996927 -0.00101441 -0.0783311 0 0.480919 -0.00560505 0.759799 1 
0.0782644 -0.0301712 0.996466 0 -0.00337272 -0.999535 -0.0299992 0 0.996927 -0.00101295 -0.0783313 0 0.480919 -0.00560445 0.759799 1 
0.0782692 -0.0301722 0.996466 0 -0.00337585 -0.999535 -0.03 0 0.996926 -0.00101587 -0.0783361 0 0.480922 -0.00560622 0.759796 1 
0.0782658 -0.0301734 0.996466 0 -0.00337466 -0.999535 -0.0300013 0 0.996927 -0.00101468 -0.0783328 0 0.48092 -0.00560516 0.759798 1 
0.0782705 -0.0301725 0.996466 0 -0.00337342 -0.999535 -0.0300004 0 0.996926 -0.00101338 -0.0783374 0 0.48092 -0.0056049 0.759796 1 
0.0782666 -0.0301722 0.996466 0 -0.00337324 -0.999535 -0.0300002 0 0.996927 -0.00101333 -0.0783335 0 0.48092 -0.0056046 0.759797 1 
0.0782671 -0.0301696 0.996466 0 -0.00336894 -0.999535 -0.0299979 0 0.996927 -0.00100921 -0.0783338 0 0.48092 -0.0056016 0.759797 1 
0.0782685 -0.0301767 0.996466 0 -0.00337533 -0.999534 -0.0300045 0 0.996927 -0.00101501 -0.0783354 0 0.48092 -0.00560582 0.759797 1 
0.0782694 -0.0301748 0.996466 0 -0.00337614 -0.999534 -0.0300026 0 0.996926 -0.00101595 -0.0783363 0 0.48092 -0.00560594 0.759797 1 
0.0782671 -0.0301717 0.996466 0 -0.00336962 -0.999535 -0.0299999 0 0.996927 -0.00100973 -0.0783339 0 0.48092 -0.00560252 0.759798 1 
0.0782698 -0.0301684 0.996466 0 -0.00337437 -0.999535 -0.0299962 0 0.996926 -0.00101467 -0.0783367 0 0.480921 -0.00560445 0.759797 1 
0.0782608 -0.0301747 0.996466 0 -0.0033768 -0.999534 -0.0300023 0 0.996927 -0.00101688 -0.0783278 0 0.480918 -0.00560698 0.759801 1 
0.0782656 -0.0301706 0.996466 0 -0.00336976 -0.999535 -0.0299989 0 0.996927 -0.00101 -0.0783324 0 0.48092 -0.00560297 0.759797 1 
0.0782685 -0.0301711 0.996466 0 -0.00337503 -0.999535 -0.0299989 0 0.996927 -0.00101515 -0.0783354 0 0.48092 -0.00560579 0.759797 1 
0.0782713 -0.0301688 0.996466 0 -0.00337119 -0.999535 -0.0299969 0 0.996926 -0.0010114 -0.0783381 0 0.48092 -0.00560305 0.759796 1 
0.0782682 -0.0301716 0.996466 0 -0.00337324 -0.999535 -0.0299995 0 0.996927 -0.00101333 -0.0783351 0 0.48092 -0.0056039 0.759797 1 
0.0782697 -0.0301762 0.996466 0 -0.00337742 -0.999534 -0.0300038 0 0.996926 -0.00101711 -0.0783367 0 0.480922 -0.00560727 0.759796 1 
0.0782668 -0.0301715 0.996466 0 -0.00337237 -0.999535 -0.0299996 0 0.996927 -0.0010125 -0.0783336 0 0.48092 -0.00560475 0.759798 1 
0.0782678 -0.0301679 0.996466 0 -0.00337535 -0.999535 -0.0299957 0 0.996927 -0.00101574 -0.0783347 0 0.480919 -0.00560561 0.759798 1 
0.0782673 -0.0301761 0.996466 0 -0.00337389 -0.999534 -0.030004 0 0.996927 -0.00101365 -0.0783341 0 0.48092 -0.00560511 0.759797 1 
0.0782653 -0.0301744 0.996466 0 -0.0033741 -0.999535 -0.0300023 0 0.996927 -0.00101405 -0.0783322 0 0.480918 -0.00560462 0.759799 1 
0.0782686 -0.0301665 0.996466 0 -0.00336961 -0.999535 -0.0299947 0 0.996927 -0.00101008 -0.0783353 0 0.480919 -0.00560125 0.759797 1 
0.0782648 -0.0301724 0.996466 0 -0.00337173 -0.999535 -0.0300005 0 0.996927 -0.00101186 -0.0783316 0 0.480918 -0.0056043 0.759798 1 
0.0782604 -0.0301752 0.996467 0 -0.00337169 -0.999534 -0.0300033 0 0.996927 -0.00101173 -0.0783272 0 0.480918 -0.00560438 0.759801 1 
0.0782598 -0.0301748 0.996467 0 -0.00337212 -0.999534 -0.0300028 0 0.996927 -0.00101221 -0.0783267 0 0.480918 -0.00560396 0.759801 1 
0.0782636 -0.030171 0.996466 0 -0.00337445 -0.999535 -0.0299989 0 0.996927 -0.00101473 -0.0783305 0 0.480917 -0.00560474 0.7598 1 
0.0782587 -0.0301699 0.996467 0 -0.00337571 -0.999535 -0.0299976 0 0.996927 -0.00101623 -0.0783256 0 0.480918 -0.00560634 0.759801 1 
0.0782656 -0.0301728 0.996466 0 -0.00337303 -0.999535 -0.0300008 0 0.996927 -0.00101309 -0.0783325 0 0.480918 -0.00560428 0.759799 1 
0.0782636 -0.0301755 0.996466 0 -0.00337308 -0.999534 -0.0300035 0 0.996927 -0.001013 -0.0783305 0 0.480917 -0.00560397 0.759799 1 
0.0782526 -0.0301667 0.996467 0 -0.00336826 -0.999535 -0.029995 0 0.996928 -0.00100919 -0.0783193 0 0.480916 -0.00560171 0.759805 1 
0.0782579 -0.0301687 0.996467 0 -0.00337208 -0.999535 -0.0299968 0 0.996927 -0.0010127 -0.0783247 0 0.480916 -0.0056032 0.759801 1 
0.0782538 -0.0301738 0.996467 0 -0.00336954 -0.999535 -0.0300021 0 0.996928 -0.00100988 -0.0783206 0 0.480915 -0.00560259 0.759803 1 
0.0782613 -0.0301719 0.996467 0 -0.00337151 -0.999535 -0.03 0 0.996927 -0.00101177 -0.0783281 0 0.480917 -0.00560327 0.759801 1 
0.0782529 -0.0301694 0.996467 0 -0.00337066 -0.999535 -0.0299976 0 0.996928 -0.00101138 -0.0783197 0 0.480914 -0.00560301 0.759805 1 
0.0782575 -0.0301664 0.996467 0 -0.00337095 -0.999535 -0.0299945 0 0.996927 -0.00101177 -0.0783243 0 0.480915 -0.00560259 0.759803 1 
0.0782512 -0.0301699 0.996467 0 -0.00336996 -0.999535 -0.0299982 0 0.996928 -0.00101068 -0.078318 0 0.480914 -0.00560221 0.759805 1 
0.0782537 -0.0301681 0.996467 0 -0.00336915 -0.999535 -0.0299964 0 0.996928 -0.00100994 -0.0783204 0 0.480915 -0.00560136 0.759804 1 
0.0782561 -0.0301663 0.996467 0 -0.00336504 -0.999535 -0.0299949 0 0.996928 -0.00100589 -0.0783227 0 0.480915 -0.00559924 0.759804 1 
0.0782533 -0.03017 0.996467 0 -0.00336907 -0.999535 -0.0299983 0 0.996928 -0.00100973 -0.07832 0 0.480915 -0.00560175 0.759805 1 
0.0782523 -0.0301668 0.996467 0 -0.00336912 -0.999535 -0.0299951 0 0.996928 -0.00101006 -0.078319 0 0.480913 -0.00560119 0.759806 1 
0.0782532 -0.0301672 0.996467 0 -0.00336222 -0.999535 -0.029996 0 0.996928 -0.00100308 -0.0783197 0 0.480915 -0.00559793 0.759805 1 
0.0782522 -0.0301696 0.996467 0 -0.00336711 -0.999535 -0.029998 0 0.996928 -0.00100783 -0.0783189 0 0.480914 -0.0056006 0.759806 1 
0.0782423 -0.0301668 0.996468 0 -0.00336122 -0.999535 -0.0299957 0 0.996929 -0.00100244 -0.0783088 0 0.480911 -0.00559707 0.75981 1 
0.0782489 -0.0301715 0.996468 0 -0.00336317 -0.999535 -0.0300003 0 0.996928 -0.00100382 -0.0783155 0 0.480913 -0.00559844 0.759808 1 
0.0782479 -0.0301674 0.996468 0 -0.00336505 -0.999535 -0.029996 0 0.996928 -0.00100605 -0.0783145 0 0.480913 -0.00559965 0.759808 1 
0.0782474 -0.0301657 0.996468 0 -0.0033622 -0.999535 -0.0299945 0 0.996928 -0.00100335 -0.078314 0 0.480912 -0.00559764 0.759808 1 
0.0782482 -0.0301665 0.996468 0 -0.00336396 -0.999535 -0.0299952 0 0.996928 -0.00100502 -0.0783148 0 0.480913 -0.00559898 0.759807 1 
0.0782465 -0.0301669 0.996468 0 -0.00336613 -0.999535 -0.0299954 0 0.996928 -0.00100722 -0.0783132 0 0.480911 -0.00559959 0.759809 1 
0.0782495 -0.0301696 0.996468 0 -0.00336611 -0.999535 -0.0299982 0 0.996928 -0.0010069 -0.0783161 0 0.480913 -0.00560114 0.759807 1 
0.0782407 -0.0301676 0.996468 0 -0.00336606 -0.999535 -0.0299961 0 0.996929 -0.00100728 -0.0783073 0 0.480912 -0.00559993 0.759811 1 
0.0782462 -0.0301699 0.996468 0 -0.00336069 -0.999535 -0.0299989 0 0.996928 -0.00100154 -0.0783127 0 0.480912 -0.00559621 0.759809 1 
0.0782373 -0.0301687 0.996469 0 -0.00336304 -0.999535 -0.0299975 0 0.996929 -0.00100426 -0.0783039 0 0.48091 -0.00559775 0.759813 1 
0.0782444 -0.030163 0.996468 0 -0.00336141 -0.999535 -0.0299919 0 0.996928 -0.00100287 -0.0783109 0 0.480912 -0.0055966 0.75981 1 
0.0782399 -0.030166 0.996468 0 -0.00335733 -0.999535 -0.0299952 0 0.996929 -0.000998678 -0.0783063 0 0.480911 -0.00559496 0.759811 1 
0.0782411 -0.0301705 0.996468 0 -0.00335897 -0.999535 -0.0299996 0 0.996929 -0.000999924 -0.0783076 0 0.480911 -0.00559581 0.75981 1 
0.0782428 -0.0301705 0.996468 0 -0.00336236 -0.999535 -0.0299993 0 0.996929 -0.00100327 -0.0783094 0 0.480912 -0.00559789 0.75981 1 
0.0782417 -0.0301609 0.996468 0 -0.00335936 -0.999535 -0.0299899 0 0.996929 -0.00100106 -0.0783082 0 0.480911 -0.00559558 0.759812 1 
0.0782459 -0.030164 0.996468 0 -0.00335602 -0.999535 -0.0299933 0 0.996928 -0.000997328 -0.0783122 0 0.480912 -0.00559386 0.75981 1 
0.0782401 -0.0301697 0.996468 0 -0.00336065 -0.999535 -0.0299986 0 0.996929 -0.00100171 -0.0783066 0 0.480911 -0.0055965 0.759812 1 
0.0782423 -0.0301675 0.996468 0 -0.00335808 -0.999535 -0.0299967 0 0.996929 -0.00099923 -0.0783087 0 0.480912 -0.00559429 0.759811 1 
0.078248 -0.0301614 0.996468 0 -0.00335389 -0.999535 -0.0299908 0 0.996928 -0.000995336 -0.0783143 0 0.480913 -0.00559233 0.759809 1 
0.0782502 -0.0301621 0.996468 0 -0.00336282 -0.999535 -0.0299909 0 0.996928 -0.00100417 -0.0783167 0 0.480913 -0.0055966 0.759807 1 
0.0782482 -0.0301702 0.996468 0 -0.00335917 -0.999535 -0.0299993 0 0.996928 -0.000999932 -0.0783147 0 0.480913 -0.00559568 0.759808 1 
0.0782508 -0.0301625 0.996468 0 -0.00335426 -0.999535 -0.0299919 0 0.996928 -0.000995538 -0.0783171 0 0.480915 -0.00559167 0.759806 1 
0.0782438 -0.0301651 0.996468 0 -0.00336211 -0.999535 -0.0299939 0 0.996929 -0.00100342 -0.0783103 0 0.480912 -0.00559731 0.759809 1 
0.0782506 -0.0301667 0.996468 0 -0.00336147 -0.999535 -0.0299956 0 0.996928 -0.00100244 -0.0783171 0 0.480913 -0.00559714 0.759806 1 
0.0782492 -0.0301706 0.996468 0 -0.00335775 -0.999535 -0.0299998 0 0.996928 -0.000998446 -0.0783156 0 0.480912 -0.00559528 0.759807 1 
0.0782521 -0.0301693 0.996467 0 -0.00336256 -0.999535 -0.0299981 0 0.996928 -0.00100328 -0.0783187 0 0.480914 -0.00559719 0.759806 1 
0.0782546 -0.030159 0.996467 0 -0.00335731 -0.999535 -0.0299882 0 0.996928 -0.000998756 -0.078321 0 0.480915 -0.00559399 0.759804 1 
0.0782578 -0.0301599 0.996467 0 -0.0033573 -0.999535 -0.029989 0 0.996927 -0.000998578 -0.0783242 0 0.480915 -0.00559379 0.759803 1 
0.0782598 -0.0301691 0.996467 0 -0.00336367 -0.999535 -0.0299978 0 0.996927 -0.00100418 -0.0783264 0 0.480915 -0.00559844 0.759802 1 
0.0782601 -0.0301689 0.996467 0 -0.00336077 -0.999535 -0.0299979 0 0.996927 -0.00100127 -0.0783266 0 0.480916 -0.00559589 0.759802 1 
0.0782588 -0.0301638 0.996467 0 -0.00336184 -0.999535 -0.0299926 0 0.996927 -0.0010028 -0.0783253 0 0.480915 -0.00559644 0.759802 1 
0.078265 -0.0301582 0.996467 0 -0.00335504 -0.999535 -0.0299876 0 0.996927 -0.000996234 -0.0783313 0 0.480917 -0.00559208 0.759799 1 
0.0782615 -0.030167 0.996467 0 -0.00335929 -0.999535 -0.029996 0 0.996927 -0.000999904 -0.078328 0 0.480917 -0.00559508 0.7598 1 
0.078264 -0.030164 0.996467 0 -0.00335558 -0.999535 -0.0299933 0 0.996927 -0.000996344 -0.0783303 0 0.480918 -0.00559305 0.759799 1 
0.0782651 -0.0301641 0.996466 0 -0.00335714 -0.999535 -0.0299933 0 0.996927 -0.000997865 -0.0783315 0 0.480916 -0.00559398 0.759798 1 
0.0782692 -0.0301661 0.996466 0 -0.00336072 -0.999535 -0.029995 0 0.996927 -0.00100119 -0.0783357 0 0.480917 -0.00559611 0.759797 1 
0.0782705 -0.0301683 0.996466 0 -0.00335986 -0.999535 -0.0299972 0 0.996926 -0.00100011 -0.078337 0 0.480918 -0.00559583 0.759797 1 
0.0782749 -0.0301675 0.996466 0 -0.00336052 -0.999535 -0.0299964 0 0.996926 -0.00100069 -0.0783414 0 0.48092 -0.00559558 0.759794 1 
0.0782738 -0.030166 0.996466 0 -0.00336581 -0.999535 -0.0299946 0 0.996926 -0.00100615 -0.0783404 0 0.480919 -0.0055982 0.759795 1 
0.0782777 -0.0301608 0.996466 0 -0.00335697 -0.999535 -0.0299899 0 0.996926 -0.00099758 -0.0783441 0 0.480921 -0.00559329 0.759793 1 
0.0782819 -0.0301661 0.996465 0 -0.00336085 -0.999535 -0.029995 0 0.996926 -0.00100093 -0.0783484 0 0.480921 -0.00559661 0.759791 1 
0.078279 -0.0301675 0.996465 0 -0.00336175 -0.999535 -0.0299963 0 0.996926 -0.0010018 -0.0783455 0 0.480921 -0.00559645 0.759793 1 
0.0782865 -0.0301661 0.996465 0 -0.00336085 -0.999535 -0.029995 0 0.996925 -0.00100078 -0.078353 0 0.480923 -0.00559545 0.759788 1 
0.0782809 -0.0301627 0.996465 0 -0.00336202 -0.999535 -0.0299915 0 0.996926 -0.00100239 -0.0783474 0 0.480921 -0.00559608 0.759792 1 
0.0782936 -0.0301672 0.996464 0 -0.00336135 -0.999535 -0.0299961 0 0.996925 -0.00100098 -0.0783601 0 0.480925 -0.00559592 0.759785 1 
0.0782859 -0.0301682 0.996465 0 -0.00336349 -0.999535 -0.0299969 0 0.996925 -0.00100328 -0.0783525 0 0.480923 -0.00559782 0.759789 1 
0.0782902 -0.0301615 0.996465 0 -0.00335593 -0.999535 -0.0299908 0 0.996925 -0.000996101 -0.0783565 0 0.480924 -0.00559299 0.759787 1 
0.0782879 -0.0301648 0.996465 0 -0.00335989 -0.999535 -0.0299938 0 0.996925 -0.000999888 -0.0783543 0 0.480923 -0.00559489 0.759789 1 
0.0782925 -0.0301653 0.996464 0 -0.00336199 -0.999535 -0.0299941 0 0.996925 -0.00100181 -0.078359 0 0.480924 -0.00559614 0.759785 1 
0.0782935 -0.0301675 0.996464 0 -0.00336409 -0.999535 -0.0299961 0 0.996925 -0.00100371 -0.0783601 0 0.480925 -0.00559717 0.759785 1 
0.0782936 -0.0301668 0.996464 0 -0.00335907 -0.999535 -0.0299958 0 0.996925 -0.000998734 -0.07836 0 0.480925 -0.00559431 0.759785 1 
0.0782953 -0.0301638 0.996464 0 -0.00336114 -0.999535 -0.0299926 0 0.996924 -0.00100099 -0.0783618 0 0.480926 -0.00559573 0.759784 1 
0.0782964 -0.0301678 0.996464 0 -0.00335754 -0.999535 -0.0299969 0 0.996924 -0.000997041 -0.0783627 0 0.480926 -0.00559307 0.759784 1 
0.0782992 -0.0301683 0.996464 0 -0.0033623 -0.999535 -0.0299971 0 0.996924 -0.00100168 -0.0783657 0 0.480926 -0.00559625 0.759783 1 
0.0783022 -0.0301644 0.996464 0 -0.00336055 -0.999535 -0.0299933 0 0.996924 -0.00100015 -0.0783687 0 0.480928 -0.00559515 0.759781 1 
0.0783039 -0.0301643 0.996463 0 -0.00335966 -0.999535 -0.0299933 0 0.996924 -0.000999204 -0.0783703 0 0.480928 -0.00559497 0.759781 1 
0.0783024 -0.0301663 0.996463 0 -0.00335796 -0.999535 -0.0299954 0 0.996924 -0.000997384 -0.0783688 0 0.480928 -0.00559398 0.759781 1 
0.0783068 -0.0301689 0.996463 0 -0.00335822 -0.999535 -0.029998 0 0.996924 -0.000997312 -0.0783732 0 0.48093 -0.00559415 0.759779 1 
0.0783043 -0.030166 0.996463 0 -0.00336404 -0.999535 -0.0299947 0 0.996924 -0.00100345 -0.0783709 0 0.480928 -0.00559801 0.75978 1 
0.0783076 -0.0301675 0.996463 0 -0.00335875 -0.999535 -0.0299965 0 0.996924 -0.000997933 -0.078374 0 0.48093 -0.00559388 0.759778 1 
0.0783096 -0.030165 0.996463 0 -0.00336179 -0.999535 -0.0299938 0 0.996923 -0.00100112 -0.0783761 0 0.48093 -0.00559595 0.759777 1 
0.0783087 -0.0301642 0.996463 0 -0.00336026 -0.999535 -0.0299931 0 0.996923 -0.000999668 -0.0783751 0 0.48093 -0.0055951 0.759778 1 
0.0783092 -0.0301673 0.996463 0 -0.0033638 -0.999535 -0.0299959 0 0.996923 -0.00100296 -0.0783758 0 0.48093 -0.00559669 0.759778 1 
0.078314 -0.0301716 0.996462 0 -0.00336639 -0.999535 -0.03 0 0.996923 -0.00100508 -0.0783806 0 0.480932 -0.00559841 0.759775 1 
0.0783083 -0.0301657 0.996463 0 -0.00336488 -0.999535 -0.0299943 0 0.996923 -0.0010042 -0.0783749 0 0.480929 -0.00559755 0.759778 1 
0.0783062 -0.0301626 0.996463 0 -0.00336093 -0.999535 -0.0299915 0 0.996924 -0.00100054 -0.0783726 0 0.480929 -0.00559513 0.759779 1 
0.0783096 -0.0301703 0.996463 0 -0.00336332 -0.999535 -0.029999 0 0.996923 -0.00100223 -0.0783761 0 0.48093 -0.005597 0.759777 1 
0.0783076 -0.0301695 0.996463 0 -0.00336129 -0.999535 -0.0299984 0 0.996924 -0.00100032 -0.078374 0 0.48093 -0.00559594 0.759778 1 
0.078312 -0.0301657 0.996463 0 -0.00335935 -0.999535 -0.0299947 0 0.996923 -0.000998541 -0.0783784 0 0.480931 -0.00559513 0.759776 1 
0.0783087 -0.0301666 0.996463 0 -0.0033626 -0.999535 -0.0299954 0 0.996923 -0.00100183 -0.0783752 0 0.480929 -0.00559686 0.759778 1 
0.0783077 -0.0301645 0.996463 0 -0.0033595 -0.999535 -0.0299935 0 0.996924 -0.000998914 -0.0783741 0 0.480929 -0.00559459 0.759778 1 
0.0783094 -0.0301743 0.996463 0 -0.00336147 -0.999535 -0.0300031 0 0.996923 -0.00100008 -0.0783758 0 0.48093 -0.00559645 0.759777 1 
0.0783066 -0.0301685 0.996463 0 -0.00336659 -0.999535 -0.0299969 0 0.996924 -0.00100575 -0.0783733 0 0.480929 -0.00559927 0.759779 1 
0.0783086 -0.0301676 0.996463 0 -0.00336527 -0.999535 -0.0299961 0 0.996923 -0.00100444 -0.0783752 0 0.48093 -0.00559852 0.759778 1 
0.0783083 -0.0301693 0.996463 0 -0.00336092 -0.999535 -0.0299982 0 0.996923 -0.000999944 -0.0783748 0 0.48093 -0.00559537 0.759778 1 
0.0783046 -0.0301671 0.996463 0 -0.00336331 -0.999535 -0.0299958 0 0.996924 -0.00100263 -0.0783711 0 0.480928 -0.00559697 0.759779 1 
0.078312 -0.0301659 0.996463 0 -0.00336425 -0.999535 -0.0299945 0 0.996923 -0.00100344 -0.0783786 0 0.48093 -0.00559746 0.759776 1 
0.0783055 -0.0301651 0.996463 0 -0.00336017 -0.999535 -0.0299941 0 0.996924 -0.000999607 -0.0783719 0 0.480928 -0.00559496 0.759779 1 
0.078304 -0.0301685 0.996463 0 -0.00336544 -0.999535 -0.029997 0 0.996924 -0.00100467 -0.0783706 0 0.480929 -0.00559866 0.75978 1 
0.0783085 -0.0301725 0.996463 0 -0.0033619 -0.999535 -0.0300013 0 0.996923 -0.00100067 -0.078375 0 0.480929 -0.00559681 0.759777 1 
0.078301 -0.0301664 0.996464 0 -0.00335895 -0.999535 -0.0299954 0 0.996924 -0.000998421 -0.0783674 0 0.480928 -0.00559403 0.759782 1 
0.0783045 -0.0301644 0.996463 0 -0.00335998 -0.999535 -0.0299933 0 0.996924 -0.000999503 -0.0783709 0 0.480928 -0.00559501 0.75978 1 
0.0783021 -0.0301663 0.996464 0 -0.00336425 -0.999535 -0.0299949 0 0.996924 -0.0010037 -0.0783686 0 0.480928 -0.0055968 0.759781 1 
0.0783077 -0.0301636 0.996463 0 -0.00335884 -0.999535 -0.0299927 0 0.996924 -0.000998322 -0.0783741 0 0.480929 -0.00559342 0.759778 1 
0.0783028 -0.0301669 0.996463 0 -0.00336254 -0.999535 -0.0299956 0 0.996924 -0.00100193 -0.0783693 0 0.480928 -0.00559669 0.759781 1 
0.0782968 -0.0301667 0.996464 0 -0.00336299 -0.999535 -0.0299954 0 0.996924 -0.00100257 -0.0783634 0 0.480925 -0.00559669 0.759784 1 
0.0783042 -0.0301607 0.996464 0 -0.00335516 -0.999535 -0.02999 0 0.996924 -0.000994975 -0.0783705 0 0.480928 -0.00559137 0.75978 1 
0.0782983 -0.030168 0.996464 0 -0.0033566 -0.999535 -0.0299972 0 0.996924 -0.000996015 -0.0783647 0 0.480926 -0.00559298 0.759783 1 
0.0782924 -0.03016 0.996464 0 -0.00335459 -0.999535 -0.0299894 0 0.996925 -0.000994813 -0.0783587 0 0.480924 -0.00559172 0.759786 1 
0.0782971 -0.030164 0.996464 0 -0.0033584 -0.999535 -0.029993 0 0.996924 -0.000998179 -0.0783635 0 0.480926 -0.00559385 0.759784 1 
0.078294 -0.0301627 0.996464 0 -0.00335246 -0.999535 -0.0299922 0 0.996925 -0.000992411 -0.0783602 0 0.480924 -0.00559062 0.759785 1 
0.0782968 -0.0301675 0.996464 0 -0.00335853 -0.999535 -0.0299965 0 0.996924 -0.000998044 -0.0783632 0 0.480925 -0.00559457 0.759784 1 
0.0782903 -0.0301663 0.996464 0 -0.00335528 -0.999535 -0.0299956 0 0.996925 -0.000995074 -0.0783566 0 0.480924 -0.00559227 0.759787 1 
0.0782963 -0.0301609 0.996464 0 -0.00335505 -0.999535 -0.0299902 0 0.996924 -0.000995081 -0.0783625 0 0.480925 -0.00559137 0.759784 1 
0.0782933 -0.0301635 0.996464 0 -0.00335656 -0.999535 -0.0299927 0 0.996925 -0.00099648 -0.0783597 0 0.480924 -0.00559276 0.759785 1 
0.0782892 -0.0301658 0.996465 0 -0.00335663 -0.999535 -0.029995 0 0.996925 -0.000996495 -0.0783556 0 0.480923 -0.00559267 0.759788 1 
0.078294 -0.030163 0.996464 0 -0.00335291 -0.999535 -0.0299925 0 0.996925 -0.000992837 -0.0783602 0 0.480924 -0.00559112 0.759785 1 
0.0782849 -0.0301656 0.996465 0 -0.00335019 -0.999535 -0.0299954 0 0.996925 -0.000990179 -0.078351 0 0.480923 -0.00558895 0.759789 1 
0.0782976 -0.0301648 0.996464 0 -0.00335511 -0.999535 -0.0299942 0 0.996924 -0.000994794 -0.0783639 0 0.480926 -0.0055918 0.759783 1 
0.0782912 -0.0301689 0.996464 0 -0.00335817 -0.999535 -0.029998 0 0.996925 -0.000997735 -0.0783575 0 0.480924 -0.00559383 0.759787 1 
0.078289 -0.0301633 0.996465 0 -0.00335639 -0.999535 -0.0299926 0 0.996925 -0.000996459 -0.0783553 0 0.480923 -0.00559289 0.759788 1 
0.0782905 -0.0301628 0.996465 0 -0.0033564 -0.999535 -0.029992 0 0.996925 -0.000996466 -0.0783568 0 0.480924 -0.00559277 0.759787 1 
0.0782907 -0.0301616 0.996465 0 -0.00335281 -0.999535 -0.0299911 0 0.996925 -0.00099295 -0.0783569 0 0.480923 -0.00558948 0.759787 1 
0.0782893 -0.030167 0.996464 0 -0.00335395 -0.999535 -0.0299964 0 0.996925 -0.000993712 -0.0783555 0 0.480923 -0.00559155 0.759788 1 
0.0782882 -0.0301597 0.996465 0 -0.00335522 -0.999535 -0.029989 0 0.996925 -0.000995585 -0.0783545 0 0.480923 -0.00559232 0.759789 1 
0.0782917 -0.0301549 0.996465 0 -0.00335043 -0.999535 -0.0299845 0 0.996925 -0.000991065 -0.0783578 0 0.480923 -0.0055883 0.759786 1 
0.0782873 -0.030168 0.996465 0 -0.00335511 -0.999535 -0.0299974 0 0.996925 -0.000994855 -0.0783536 0 0.480922 -0.00559206 0.759788 1 
0.0782879 -0.030159 0.996465 0 -0.00335672 -0.999535 -0.0299882 0 0.996925 -0.000997159 -0.0783543 0 0.480922 -0.00559237 0.759788 1 
0.0782869 -0.0301556 0.996465 0 -0.0033521 -0.999535 -0.0299852 0 0.996925 -0.000992823 -0.0783531 0 0.480922 -0.00558982 0.759788 1 
0.0782901 -0.0301575 0.996465 0 -0.00335324 -0.999535 -0.029987 0 0.996925 -0.000993715 -0.0783563 0 0.480922 -0.00559074 0.759787 1 
0.0782856 -0.0301656 0.996465 0 -0.00335416 -0.999535 -0.0299951 0 0.996925 -0.000994143 -0.0783519 0 0.480922 -0.00559112 0.75979 1 
0.0782838 -0.0301655 0.996465 0 -0.0033561 -0.999535 -0.0299948 0 0.996925 -0.000996148 -0.0783501 0 0.480921 -0.00559174 0.75979 1 
0.0782881 -0.030158 0.996465 0 -0.00335381 -0.999535 -0.0299875 0 0.996925 -0.000994311 -0.0783544 0 0.480922 -0.00559096 0.759788 1 
0.0782922 -0.0301603 0.996464 0 -0.00336045 -0.999535 -0.0299892 0 0.996925 -0.00100066 -0.0783586 0 0.480923 -0.00559516 0.759785 1 
0.0782876 -0.0301632 0.996465 0 -0.0033545 -0.999535 -0.0299926 0 0.996925 -0.000994611 -0.0783538 0 0.480922 -0.0055909 0.759788 1 
0.0782849 -0.0301626 0.996465 0 -0.00335506 -0.999535 -0.0299919 0 0.996925 -0.000995303 -0.0783512 0 0.480921 -0.00559158 0.75979 1 
0.078292 -0.0301616 0.996464 0 -0.00335498 -0.999535 -0.0299909 0 0.996925 -0.000995086 -0.0783583 0 0.480924 -0.00559157 0.759786 1 
0.0782871 -0.0301639 0.996465 0 -0.00335767 -0.999535 -0.029993 0 0.996925 -0.000997758 -0.0783535 0 0.480923 -0.00559394 0.759788 1 
