0.013713 -0.0146937 0.999788 0 -0.0468633 -0.998793 -0.0140363 0 0.998807 -0.0466618 -0.0143853 0 0.394451 -3.71542e-05 0.763407 1 
0.013648 -0.0148932 0.999786 0 -0.0470254 -0.998783 -0.0142363 0 0.9988 -0.046822 -0.014332 0 0.394435 -0.000185999 0.763437 1 
0.0136432 -0.0148861 0.999786 0 -0.0470252 -0.998783 -0.0142294 0 0.998801 -0.0468219 -0.0143269 0 0.394434 -0.000185586 0.763439 1 
0.0136443 -0.0148865 0.999786 0 -0.04703 -0.998782 -0.0142297 0 0.9988 -0.0468267 -0.0143281 0 0.394434 -0.000187993 0.763439 1 
0.0136438 -0.0148772 0.999787 0 -0.0470295 -0.998783 -0.0142204 0 0.9988 -0.0468263 -0.0143271 0 0.394434 -0.000186704 0.763439 1 
0.0136387 -0.0148855 0.999787 0 -0.0470229 -0.998783 -0.0142291 0 0.998801 -0.0468197 -0.0143223 0 0.394432 -0.000183452 0.763441 1 
0.0136412 -0.0148848 0.999787 0 -0.0470238 -0.998783 -0.0142282 0 0.998801 -0.0468206 -0.0143248 0 0.394434 -0.000183276 0.76344 1 
0.0136395 -0.0148868 0.999787 0 -0.047023 -0.998783 -0.0142304 0 0.998801 -0.0468197 -0.0143232 0 0.394433 -0.000183518 0.763441 1 
0.0136408 -0.0148826 0.999787 0 -0.0470213 -0.998783 -0.0142261 0 0.998801 -0.0468181 -0.0143243 0 0.394432 -0.00018286 0.763441 1 
0.0136421 -0.0148818 0.999787 0 -0.0470249 -0.998783 -0.0142252 0 0.998801 -0.0468217 -0.0143256 0 0.394433 -0.000184452 0.76344 1 
0.0136446 -0.0148853 0.999786 0 -0.0470226 -0.998783 -0.0142286 0 0.998801 -0.0468193 -0.0143282 0 0.394434 -0.000184133 0.763439 1 
0.0136438 -0.0148828 0.999787 0 -0.0470229 -0.998783 -0.0142261 0 0.998801 -0.0468197 -0.0143273 0 0.394434 -0.000182609 0.763439 1 
0.0136431 -0.0148805 0.999787 0 -0.0470203 -0.998783 -0.0142239 0 0.998801 -0.0468171 -0.0143264 0 0.394434 -0.000181972 0.76344 1 
0.0136371 -0.0148752 0.999787 0 -0.047018 -0.998783 -0.014219 0 0.998801 -0.0468149 -0.0143202 0 0.394432 -0.000179873 0.763442 1 
0.0136411 -0.0148829 0.999787 0 -0.0470192 -0.998783 -0.0142264 0 0.998801 -0.046816 -0.0143246 0 0.394433 -0.000180977 0.76344 1 
0.0136434 -0.0148798 0.999787 0 -0.0470184 -0.998783 -0.0142233 0 0.998801 -0.0468152 -0.0143267 0 0.394434 -0.000179951 0.763438 1 
0.0136444 -0.0148759 0.999787 0 -0.0470173 -0.998783 -0.0142193 0 0.998801 -0.0468142 -0.0143275 0 0.394434 -0.000178584 0.763438 1 
0.0136454 -0.0148779 0.999787 0 -0.0470174 -0.998783 -0.0142213 0 0.998801 -0.0468142 -0.0143286 0 0.394434 -0.000178763 0.763438 1 
0.0136433 -0.0148737 0.999787 0 -0.0470184 -0.998783 -0.0142172 0 0.998801 -0.0468153 -0.0143263 0 0.394433 -0.000179691 0.76344 1 
0.0136469 -0.0148753 0.999787 0 -0.0470164 -0.998783 -0.0142186 0 0.998801 -0.0468132 -0.0143299 0 0.394434 -0.000177815 0.763437 1 
0.0136503 -0.0148726 0.999787 0 -0.0470163 -0.998783 -0.0142158 0 0.998801 -0.0468132 -0.0143332 0 0.394436 -0.00017799 0.763436 1 
0.0136415 -0.0148735 0.999787 0 -0.0470141 -0.998783 -0.0142171 0 0.998801 -0.0468111 -0.0143244 0 0.394433 -0.00017564 0.763439 1 
0.0136432 -0.0148734 0.999787 0 -0.0470198 -0.998783 -0.0142168 0 0.998801 -0.0468167 -0.0143262 0 0.394434 -0.000179027 0.76344 1 
0.0136447 -0.0148738 0.999787 0 -0.0470168 -0.998783 -0.0142172 0 0.998801 -0.0468137 -0.0143277 0 0.394434 -0.000177505 0.763439 1 
0.0136447 -0.0148745 0.999787 0 -0.0470168 -0.998783 -0.0142179 0 0.998801 -0.0468137 -0.0143277 0 0.394434 -0.000177523 0.76344 1 
0.0136428 -0.0148758 0.999787 0 -0.0470187 -0.998783 -0.0142192 0 0.998801 -0.0468156 -0.0143259 0 0.394435 -0.000179387 0.763439 1 
0.0136435 -0.0148769 0.999787 0 -0.0470135 -0.998783 -0.0142204 0 0.998801 -0.0468103 -0.0143266 0 0.394434 -0.00017632 0.763439 1 
0.0136466 -0.0148739 0.999787 0 -0.0470163 -0.998783 -0.0142172 0 0.998801 -0.0468132 -0.0143295 0 0.394434 -0.000177803 0.763438 1 
0.013644 -0.0148727 0.999787 0 -0.0470153 -0.998783 -0.0142161 0 0.998801 -0.0468122 -0.0143269 0 0.394433 -0.000176618 0.763439 1 
0.013646 -0.0148677 0.999787 0 -0.0470129 -0.998784 -0.0142111 0 0.998801 -0.0468098 -0.0143286 0 0.394435 -0.000174834 0.763438 1 
0.0136492 -0.014873 0.999787 0 -0.0470132 -0.998783 -0.0142162 0 0.998801 -0.04681 -0.0143321 0 0.394435 -0.000174881 0.763437 1 
0.0136442 -0.0148719 0.999787 0 -0.0470126 -0.998784 -0.0142154 0 0.998801 -0.0468095 -0.014327 0 0.394434 -0.000175019 0.763439 1 
0.0136497 -0.0148707 0.999787 0 -0.0470115 -0.998784 -0.0142139 0 0.998801 -0.0468084 -0.0143325 0 0.394435 -0.000174066 0.763436 1 
0.0136461 -0.0148693 0.999787 0 -0.0470113 -0.998784 -0.0142127 0 0.998801 -0.0468082 -0.0143288 0 0.394434 -0.0001743 0.763438 1 
0.0136482 -0.0148691 0.999787 0 -0.0470142 -0.998783 -0.0142123 0 0.998801 -0.0468111 -0.0143309 0 0.394435 -0.000175989 0.763437 1 
0.0136392 -0.0148723 0.999787 0 -0.0470145 -0.998783 -0.014216 0 0.998801 -0.0468114 -0.0143221 0 0.394433 -0.000175198 0.763441 1 
0.0136448 -0.014872 0.999787 0 -0.047013 -0.998783 -0.0142155 0 0.998801 -0.0468099 -0.0143277 0 0.394434 -0.000174771 0.763438 1 
0.0136444 -0.0148686 0.999787 0 -0.0470119 -0.998784 -0.0142121 0 0.998801 -0.0468089 -0.0143271 0 0.394434 -0.000173585 0.763439 1 
0.0136424 -0.0148641 0.999787 0 -0.0470099 -0.998784 -0.0142078 0 0.998801 -0.046807 -0.0143248 0 0.394433 -0.00017265 0.76344 1 
0.0136464 -0.0148705 0.999787 0 -0.0470155 -0.998783 -0.0142139 0 0.998801 -0.0468124 -0.0143292 0 0.394434 -0.000176105 0.763438 1 
0.0136519 -0.0148716 0.999787 0 -0.0470125 -0.998784 -0.0142147 0 0.998801 -0.0468094 -0.0143347 0 0.394436 -0.000175304 0.763436 1 
0.0136437 -0.0148686 0.999787 0 -0.0470124 -0.998784 -0.0142121 0 0.998801 -0.0468094 -0.0143264 0 0.394434 -0.000173306 0.76344 1 
0.0136442 -0.0148662 0.999787 0 -0.0470154 -0.998783 -0.0142097 0 0.998801 -0.0468124 -0.0143268 0 0.394434 -0.000175183 0.76344 1 
0.0136476 -0.0148688 0.999787 0 -0.047012 -0.998784 -0.0142121 0 0.998801 -0.0468089 -0.0143303 0 0.394436 -0.000173789 0.763438 1 
0.0136398 -0.014864 0.999787 0 -0.0470117 -0.998784 -0.0142077 0 0.998801 -0.0468088 -0.0143223 0 0.394433 -0.000173432 0.763441 1 
0.0136444 -0.0148669 0.999787 0 -0.0470123 -0.998784 -0.0142104 0 0.998801 -0.0468093 -0.014327 0 0.394434 -0.000173037 0.763439 1 
0.0136474 -0.0148741 0.999787 0 -0.0470109 -0.998784 -0.0142174 0 0.998801 -0.0468077 -0.0143303 0 0.394436 -0.000173645 0.763438 1 
0.0136466 -0.0148671 0.999787 0 -0.0470106 -0.998784 -0.0142106 0 0.998801 -0.0468075 -0.0143291 0 0.394435 -0.000172255 0.763438 1 
0.0136418 -0.0148688 0.999787 0 -0.0470083 -0.998784 -0.0142125 0 0.998801 -0.0468053 -0.0143244 0 0.394434 -0.000171301 0.763441 1 
0.0136435 -0.0148698 0.999787 0 -0.0470159 -0.998783 -0.0142133 0 0.998801 -0.0468128 -0.0143263 0 0.394434 -0.000175493 0.76344 1 
0.0136424 -0.0148723 0.999787 0 -0.047011 -0.998784 -0.0142159 0 0.998801 -0.0468079 -0.0143252 0 0.394434 -0.0001737 0.763441 1 
0.0136465 -0.0148726 0.999787 0 -0.0470142 -0.998783 -0.014216 0 0.998801 -0.0468111 -0.0143294 0 0.394435 -0.000175633 0.763438 1 
0.013645 -0.0148725 0.999787 0 -0.047013 -0.998783 -0.014216 0 0.998801 -0.0468099 -0.0143278 0 0.394434 -0.000174734 0.763438 1 
0.0136444 -0.0148705 0.999787 0 -0.0470145 -0.998783 -0.014214 0 0.998801 -0.0468114 -0.0143272 0 0.394434 -0.000175144 0.76344 1 
0.0136443 -0.0148662 0.999787 0 -0.0470151 -0.998783 -0.0142096 0 0.998801 -0.0468121 -0.014327 0 0.394434 -0.000175651 0.763439 1 
0.0136432 -0.0148676 0.999787 0 -0.0470123 -0.998784 -0.0142112 0 0.998801 -0.0468093 -0.0143259 0 0.394434 -0.000173973 0.76344 1 
0.0136461 -0.0148701 0.999787 0 -0.0470145 -0.998783 -0.0142135 0 0.998801 -0.0468114 -0.0143289 0 0.394435 -0.000175235 0.763439 1 
0.0136471 -0.0148713 0.999787 0 -0.0470152 -0.998783 -0.0142147 0 0.998801 -0.0468121 -0.01433 0 0.394435 -0.000176551 0.763438 1 
0.0136472 -0.0148677 0.999787 0 -0.0470142 -0.998783 -0.014211 0 0.998801 -0.0468111 -0.0143299 0 0.394435 -0.00017577 0.763438 1 
0.0136467 -0.0148709 0.999787 0 -0.0470152 -0.998783 -0.0142142 0 0.998801 -0.0468121 -0.0143295 0 0.394434 -0.000176926 0.763438 1 
0.0136414 -0.0148669 0.999787 0 -0.0470146 -0.998783 -0.0142105 0 0.998801 -0.0468117 -0.014324 0 0.394433 -0.000176327 0.763441 1 
0.0136418 -0.0148782 0.999787 0 -0.0470157 -0.998783 -0.0142217 0 0.998801 -0.0468125 -0.014325 0 0.394433 -0.0001774 0.763441 1 
0.0136464 -0.0148821 0.999787 0 -0.0470162 -0.998783 -0.0142254 0 0.998801 -0.0468129 -0.0143298 0 0.394435 -0.00017779 0.763438 1 
0.013645 -0.0148737 0.999787 0 -0.0470178 -0.998783 -0.0142171 0 0.998801 -0.0468147 -0.014328 0 0.394434 -0.000178374 0.763439 1 
0.0136395 -0.014879 0.999787 0 -0.0470186 -0.998783 -0.0142226 0 0.998801 -0.0468155 -0.0143228 0 0.394433 -0.000179342 0.763441 1 
0.0136447 -0.0148713 0.999787 0 -0.0470172 -0.998783 -0.0142147 0 0.998801 -0.0468141 -0.0143276 0 0.394434 -0.000178623 0.763439 1 
0.0136479 -0.0148799 0.999787 0 -0.0470222 -0.998783 -0.0142231 0 0.998801 -0.046819 -0.0143313 0 0.394435 -0.00018259 0.763437 1 
0.0136475 -0.0148827 0.999786 0 -0.0470175 -0.998783 -0.0142259 0 0.998801 -0.0468143 -0.0143309 0 0.394434 -0.000178918 0.763437 1 
0.0136501 -0.0148796 0.999786 0 -0.0470164 -0.998783 -0.0142228 0 0.998801 -0.0468131 -0.0143333 0 0.394436 -0.000178045 0.763436 1 
0.0136495 -0.0148803 0.999786 0 -0.0470197 -0.998783 -0.0142235 0 0.998801 -0.0468164 -0.0143329 0 0.394436 -0.000179235 0.763437 1 
0.0136447 -0.0148754 0.999787 0 -0.0470195 -0.998783 -0.0142188 0 0.998801 -0.0468164 -0.0143278 0 0.394435 -0.00018023 0.763439 1 
0.0136461 -0.014877 0.999787 0 -0.0470199 -0.998783 -0.0142203 0 0.998801 -0.0468168 -0.0143293 0 0.394435 -0.000180446 0.763438 1 
0.0136432 -0.0148806 0.999787 0 -0.0470183 -0.998783 -0.014224 0 0.998801 -0.0468151 -0.0143265 0 0.394433 -0.000180081 0.76344 1 
0.0136479 -0.014881 0.999786 0 -0.0470212 -0.998783 -0.0142242 0 0.998801 -0.046818 -0.0143313 0 0.394435 -0.000181696 0.763437 1 
0.0136463 -0.0148815 0.999787 0 -0.0470205 -0.998783 -0.0142248 0 0.998801 -0.0468172 -0.0143297 0 0.394435 -0.000181968 0.763438 1 
0.0136482 -0.014876 0.999787 0 -0.0470205 -0.998783 -0.0142191 0 0.998801 -0.0468173 -0.0143314 0 0.394435 -0.000181919 0.763437 1 
0.0136485 -0.014874 0.999787 0 -0.0470195 -0.998783 -0.0142172 0 0.998801 -0.0468163 -0.0143315 0 0.394435 -0.000180844 0.763437 1 
0.0136458 -0.0148767 0.999787 0 -0.0470211 -0.998783 -0.01422 0 0.998801 -0.0468179 -0.014329 0 0.394434 -0.000181435 0.763438 1 
0.0136422 -0.0148774 0.999787 0 -0.0470219 -0.998783 -0.0142209 0 0.998801 -0.0468188 -0.0143254 0 0.394434 -0.000181175 0.76344 1 
0.0136445 -0.0148798 0.999787 0 -0.0470221 -0.998783 -0.0142231 0 0.998801 -0.0468189 -0.0143279 0 0.394434 -0.000181346 0.763439 1 
0.0136477 -0.014881 0.999786 0 -0.0470196 -0.998783 -0.0142242 0 0.998801 -0.0468163 -0.014331 0 0.394435 -0.000180873 0.763438 1 
0.0136419 -0.0148823 0.999787 0 -0.0470185 -0.998783 -0.0142258 0 0.998801 -0.0468153 -0.0143253 0 0.394435 -0.000181234 0.76344 1 
0.0136417 -0.0148834 0.999787 0 -0.0470228 -0.998783 -0.0142268 0 0.998801 -0.0468196 -0.0143252 0 0.394435 -0.000182333 0.763439 1 
0.0136418 -0.0148858 0.999787 0 -0.0470213 -0.998783 -0.0142293 0 0.998801 -0.0468181 -0.0143254 0 0.394434 -0.000182859 0.763439 1 
0.0136449 -0.0148842 0.999786 0 -0.0470172 -0.998783 -0.0142275 0 0.998801 -0.0468139 -0.0143284 0 0.394435 -0.000178881 0.763439 1 
0.0136441 -0.0148807 0.999787 0 -0.0470194 -0.998783 -0.0142241 0 0.998801 -0.0468162 -0.0143274 0 0.394434 -0.000180788 0.763439 1 
0.0136464 -0.0148838 0.999786 0 -0.0470212 -0.998783 -0.014227 0 0.998801 -0.046818 -0.01433 0 0.394435 -0.000181512 0.763438 1 
0.0136458 -0.0148825 0.999787 0 -0.0470241 -0.998783 -0.0142257 0 0.998801 -0.0468209 -0.0143293 0 0.394434 -0.000183337 0.763438 1 
0.0136449 -0.0148817 0.999787 0 -0.0470241 -0.998783 -0.014225 0 0.998801 -0.0468209 -0.0143283 0 0.394434 -0.000183125 0.763439 1 
0.0136468 -0.0148734 0.999787 0 -0.0470198 -0.998783 -0.0142167 0 0.998801 -0.0468167 -0.0143298 0 0.394435 -0.00018018 0.763439 1 
0.0136357 -0.0148795 0.999787 0 -0.0470221 -0.998783 -0.0142233 0 0.998801 -0.046819 -0.0143191 0 0.394433 -0.000181745 0.763442 1 
0.0136408 -0.0148811 0.999787 0 -0.0470208 -0.998783 -0.0142247 0 0.998801 -0.0468176 -0.0143242 0 0.394434 -0.000181133 0.763441 1 
0.0136367 -0.0148846 0.999787 0 -0.0470207 -0.998783 -0.0142283 0 0.998801 -0.0468175 -0.0143202 0 0.394433 -0.000181388 0.763442 1 
0.013648 -0.0148821 0.999786 0 -0.047022 -0.998783 -0.0142253 0 0.998801 -0.0468188 -0.0143315 0 0.394436 -0.000181498 0.763438 1 
0.0136404 -0.0148754 0.999787 0 -0.0470169 -0.998783 -0.014219 0 0.998801 -0.0468138 -0.0143234 0 0.394433 -0.000178818 0.763441 1 
0.0136505 -0.0148774 0.999787 0 -0.0470186 -0.998783 -0.0142206 0 0.998801 -0.0468154 -0.0143337 0 0.394436 -0.000180042 0.763436 1 
0.0136461 -0.0148751 0.999787 0 -0.0470166 -0.998783 -0.0142184 0 0.998801 -0.0468135 -0.0143292 0 0.394434 -0.000177401 0.763438 1 
0.013641 -0.0148796 0.999787 0 -0.0470183 -0.998783 -0.0142232 0 0.998801 -0.0468152 -0.0143242 0 0.394433 -0.000178993 0.76344 1 
0.0136421 -0.014879 0.999787 0 -0.0470142 -0.998783 -0.0142225 0 0.998801 -0.0468111 -0.0143253 0 0.394434 -0.000177001 0.76344 1 
0.013642 -0.0148726 0.999787 0 -0.0470161 -0.998783 -0.0142161 0 0.998801 -0.046813 -0.014325 0 0.394434 -0.000177429 0.76344 1 
0.0136449 -0.0148758 0.999787 0 -0.0470132 -0.998783 -0.0142193 0 0.998801 -0.0468101 -0.0143279 0 0.394434 -0.000176027 0.763438 1 
0.0136482 -0.0148751 0.999787 0 -0.0470138 -0.998783 -0.0142184 0 0.998801 -0.0468106 -0.0143312 0 0.394436 -0.000175603 0.763438 1 
0.0136427 -0.0148712 0.999787 0 -0.0470092 -0.998784 -0.0142148 0 0.998801 -0.0468062 -0.0143255 0 0.394433 -0.000172972 0.76344 1 
0.0136407 -0.014876 0.999787 0 -0.0470101 -0.998784 -0.0142197 0 0.998801 -0.046807 -0.0143237 0 0.394433 -0.000173902 0.763441 1 
0.0136401 -0.0148706 0.999787 0 -0.047012 -0.998784 -0.0142143 0 0.998801 -0.046809 -0.0143229 0 0.394432 -0.000174452 0.763441 1 
0.0136451 -0.0148677 0.999787 0 -0.0470139 -0.998784 -0.0142111 0 0.998801 -0.0468109 -0.0143278 0 0.394435 -0.000175713 0.763438 1 
0.0136426 -0.014866 0.999787 0 -0.0470128 -0.998784 -0.0142096 0 0.998801 -0.0468098 -0.0143252 0 0.394434 -0.000174417 0.76344 1 
0.0136431 -0.0148713 0.999787 0 -0.0470084 -0.998784 -0.0142149 0 0.998801 -0.0468053 -0.0143259 0 0.394433 -0.000172166 0.763439 1 
0.01364 -0.014874 0.999787 0 -0.047012 -0.998784 -0.0142177 0 0.998801 -0.0468089 -0.0143229 0 0.394432 -0.000173704 0.76344 1 
0.0136373 -0.0148744 0.999787 0 -0.0470081 -0.998784 -0.0142183 0 0.998801 -0.0468051 -0.0143202 0 0.394432 -0.000172116 0.763442 1 
0.0136413 -0.0148662 0.999787 0 -0.0470079 -0.998784 -0.0142099 0 0.998801 -0.046805 -0.0143238 0 0.394433 -0.00017052 0.76344 1 
0.0136388 -0.0148601 0.999787 0 -0.0470073 -0.998784 -0.014204 0 0.998801 -0.0468045 -0.014321 0 0.394432 -0.000170029 0.763441 1 
0.0136369 -0.0148644 0.999787 0 -0.0470091 -0.998784 -0.0142083 0 0.998801 -0.0468062 -0.0143194 0 0.394432 -0.000170916 0.763442 1 
0.0136354 -0.0148667 0.999787 0 -0.0470067 -0.998784 -0.0142107 0 0.998801 -0.0468038 -0.014318 0 0.394432 -0.000169715 0.763443 1 
0.0136423 -0.0148677 0.999787 0 -0.0470067 -0.998784 -0.0142113 0 0.998801 -0.0468037 -0.0143248 0 0.394434 -0.000169678 0.763439 1 
0.0136337 -0.0148651 0.999787 0 -0.0470051 -0.998784 -0.0142092 0 0.998802 -0.0468023 -0.0143161 0 0.394431 -0.000169752 0.763444 1 
0.0136345 -0.0148577 0.999787 0 -0.0470022 -0.998784 -0.0142018 0 0.998802 -0.0467995 -0.0143165 0 0.394431 -0.000166501 0.763443 1 
0.0136355 -0.0148608 0.999787 0 -0.0470065 -0.998784 -0.0142048 0 0.998801 -0.0468037 -0.0143177 0 0.394431 -0.00016906 0.763443 1 
0.0136294 -0.0148626 0.999787 0 -0.0470018 -0.998784 -0.014207 0 0.998802 -0.046799 -0.0143117 0 0.39443 -0.000166571 0.763446 1 
0.0136335 -0.0148541 0.999787 0 -0.0470006 -0.998784 -0.0141983 0 0.998802 -0.046798 -0.0143153 0 0.394431 -0.000165629 0.763444 1 
0.0136286 -0.0148632 0.999787 0 -0.047005 -0.998784 -0.0142076 0 0.998802 -0.0468023 -0.0143109 0 0.39443 -0.000167766 0.763447 1 
0.0136361 -0.0148588 0.999787 0 -0.0470036 -0.998784 -0.0142028 0 0.998802 -0.0468008 -0.0143182 0 0.394432 -0.000167651 0.763443 1 
0.013629 -0.0148637 0.999787 0 -0.0469999 -0.998784 -0.014208 0 0.998802 -0.0467971 -0.0143113 0 0.394432 -0.000164678 0.763446 1 
0.0136263 -0.0148603 0.999787 0 -0.0469979 -0.998784 -0.0142048 0 0.998802 -0.0467952 -0.0143084 0 0.39443 -0.000163269 0.763448 1 
0.0136252 -0.0148592 0.999787 0 -0.0470011 -0.998784 -0.0142038 0 0.998802 -0.0467985 -0.0143073 0 0.39443 -0.000165614 0.763448 1 
0.013628 -0.0148628 0.999787 0 -0.047001 -0.998784 -0.0142073 0 0.998802 -0.0467982 -0.0143102 0 0.39443 -0.00016538 0.763446 1 
0.0136235 -0.0148569 0.999787 0 -0.0470022 -0.998784 -0.0142015 0 0.998802 -0.0467996 -0.0143055 0 0.39443 -0.000166701 0.763449 1 
0.0136288 -0.0148593 0.999787 0 -0.0470011 -0.998784 -0.0142037 0 0.998802 -0.0467984 -0.0143109 0 0.394431 -0.000165408 0.763447 1 
0.0136277 -0.0148646 0.999787 0 -0.0470019 -0.998784 -0.014209 0 0.998802 -0.0467992 -0.0143101 0 0.394431 -0.000166386 0.763447 1 
0.0136231 -0.0148655 0.999787 0 -0.0470013 -0.998784 -0.0142102 0 0.998802 -0.0467986 -0.0143055 0 0.39443 -0.000165886 0.76345 1 
0.0136223 -0.0148553 0.999787 0 -0.0469963 -0.998784 -0.0142001 0 0.998802 -0.0467938 -0.0143042 0 0.394429 -0.000163154 0.76345 1 
0.0136266 -0.0148596 0.999787 0 -0.047004 -0.998784 -0.014204 0 0.998802 -0.0468013 -0.0143087 0 0.394429 -0.000167596 0.763448 1 
0.013624 -0.0148561 0.999787 0 -0.0470013 -0.998784 -0.0142007 0 0.998802 -0.0467987 -0.014306 0 0.39443 -0.000166011 0.763449 1 
0.0136232 -0.0148684 0.999787 0 -0.0470068 -0.998784 -0.014213 0 0.998802 -0.0468041 -0.0143058 0 0.394429 -0.000169839 0.763449 1 
0.0136199 -0.0148666 0.999787 0 -0.0470027 -0.998784 -0.0142114 0 0.998802 -0.0468001 -0.0143024 0 0.394429 -0.000167179 0.76345 1 
0.0136262 -0.0148615 0.999787 0 -0.0470047 -0.998784 -0.014206 0 0.998802 -0.046802 -0.0143084 0 0.39443 -0.000167975 0.763448 1 
0.0136205 -0.0148673 0.999787 0 -0.0470081 -0.998784 -0.014212 0 0.998802 -0.0468054 -0.0143031 0 0.394428 -0.000171174 0.76345 1 
0.0136195 -0.0148585 0.999787 0 -0.0470027 -0.998784 -0.0142033 0 0.998802 -0.0468002 -0.0143016 0 0.394429 -0.000167073 0.763451 1 
0.0136187 -0.0148666 0.999787 0 -0.0470064 -0.998784 -0.0142114 0 0.998802 -0.0468038 -0.0143012 0 0.394428 -0.000169749 0.76345 1 
0.0136175 -0.0148652 0.999787 0 -0.0470045 -0.998784 -0.0142101 0 0.998802 -0.0468019 -0.0143 0 0.394428 -0.000168906 0.763451 1 
0.0136262 -0.014863 0.999787 0 -0.0470049 -0.998784 -0.0142075 0 0.998802 -0.0468022 -0.0143086 0 0.394431 -0.000168011 0.763448 1 
0.0136253 -0.0148633 0.999787 0 -0.0470047 -0.998784 -0.0142078 0 0.998802 -0.046802 -0.0143077 0 0.39443 -0.000168987 0.763448 1 
0.0136247 -0.0148583 0.999787 0 -0.0470045 -0.998784 -0.0142028 0 0.998802 -0.0468019 -0.0143068 0 0.39443 -0.000168689 0.763448 1 
0.0136234 -0.0148662 0.999787 0 -0.0470059 -0.998784 -0.0142108 0 0.998802 -0.0468032 -0.0143059 0 0.394429 -0.000169411 0.763449 1 
0.0136248 -0.0148682 0.999787 0 -0.0470073 -0.998784 -0.0142127 0 0.998802 -0.0468045 -0.0143074 0 0.394431 -0.000170078 0.763448 1 
0.0136254 -0.01487 0.999787 0 -0.0470055 -0.998784 -0.0142145 0 0.998802 -0.0468027 -0.0143081 0 0.39443 -0.000169605 0.763448 1 
0.013628 -0.0148694 0.999787 0 -0.0470066 -0.998784 -0.0142138 0 0.998802 -0.0468038 -0.0143107 0 0.39443 -0.000169748 0.763446 1 
0.0136272 -0.0148639 0.999787 0 -0.0470055 -0.998784 -0.0142083 0 0.998802 -0.0468028 -0.0143096 0 0.39443 -0.000169859 0.763448 1 
0.0136277 -0.0148622 0.999787 0 -0.0470085 -0.998784 -0.0142066 0 0.998802 -0.0468058 -0.01431 0 0.39443 -0.000171572 0.763446 1 
0.0136286 -0.0148677 0.999787 0 -0.0470086 -0.998784 -0.0142119 0 0.998801 -0.0468058 -0.0143112 0 0.394431 -0.00017174 0.763446 1 
0.0136315 -0.0148716 0.999787 0 -0.0470094 -0.998784 -0.0142157 0 0.998801 -0.0468065 -0.0143143 0 0.394431 -0.000173441 0.763444 1 
0.0136289 -0.0148686 0.999787 0 -0.0470071 -0.998784 -0.0142129 0 0.998802 -0.0468043 -0.0143116 0 0.394431 -0.000171515 0.763446 1 
0.0136257 -0.0148704 0.999787 0 -0.0470112 -0.998784 -0.0142147 0 0.998801 -0.0468084 -0.0143084 0 0.394429 -0.000173971 0.763448 1 
0.0136297 -0.0148767 0.999787 0 -0.0470127 -0.998783 -0.0142209 0 0.998801 -0.0468097 -0.0143128 0 0.394431 -0.000175851 0.763445 1 
0.0136324 -0.0148813 0.999787 0 -0.0470108 -0.998783 -0.0142254 0 0.998801 -0.0468077 -0.0143157 0 0.394431 -0.000174917 0.763444 1 
0.0136308 -0.0148795 0.999787 0 -0.0470093 -0.998784 -0.0142236 0 0.998801 -0.0468063 -0.014314 0 0.394431 -0.000173498 0.763445 1 
0.0136415 -0.0148764 0.999787 0 -0.047016 -0.998783 -0.01422 0 0.998801 -0.0468129 -0.0143246 0 0.394434 -0.000178273 0.76344 1 
0.0136402 -0.0148726 0.999787 0 -0.0470124 -0.998783 -0.0142163 0 0.998801 -0.0468094 -0.014323 0 0.394433 -0.000175274 0.763441 1 
0.0136362 -0.0148741 0.999787 0 -0.047016 -0.998783 -0.014218 0 0.998801 -0.046813 -0.0143192 0 0.394433 -0.000179212 0.763442 1 
0.0136314 -0.0148815 0.999787 0 -0.0470172 -0.998783 -0.0142256 0 0.998801 -0.0468142 -0.0143148 0 0.394431 -0.000179087 0.763444 1 
0.0136368 -0.0148795 0.999787 0 -0.0470177 -0.998783 -0.0142233 0 0.998801 -0.0468146 -0.0143201 0 0.394432 -0.000179139 0.763442 1 
0.0136368 -0.0148769 0.999787 0 -0.0470149 -0.998783 -0.0142207 0 0.998801 -0.0468118 -0.01432 0 0.394433 -0.000177618 0.763442 1 
0.0136366 -0.0148814 0.999787 0 -0.0470159 -0.998783 -0.0142252 0 0.998801 -0.0468128 -0.01432 0 0.394432 -0.000178799 0.763442 1 
0.0136335 -0.0148852 0.999787 0 -0.0470191 -0.998783 -0.0142291 0 0.998801 -0.046816 -0.014317 0 0.394432 -0.000180129 0.763443 1 
0.0136353 -0.0148775 0.999787 0 -0.0470222 -0.998783 -0.0142212 0 0.998801 -0.0468191 -0.0143186 0 0.394431 -0.000181577 0.763443 1 
0.0136368 -0.0148834 0.999787 0 -0.0470154 -0.998783 -0.0142272 0 0.998801 -0.0468122 -0.0143203 0 0.394432 -0.000179195 0.763442 1 
0.0136366 -0.0148805 0.999787 0 -0.0470172 -0.998783 -0.0142243 0 0.998801 -0.0468141 -0.0143199 0 0.394433 -0.000180077 0.763442 1 
0.0136433 -0.0148793 0.999787 0 -0.0470202 -0.998783 -0.0142227 0 0.998801 -0.046817 -0.0143266 0 0.394435 -0.000181855 0.763439 1 
0.013636 -0.0148825 0.999787 0 -0.0470189 -0.998783 -0.0142263 0 0.998801 -0.0468158 -0.0143194 0 0.394433 -0.000181031 0.763442 1 
0.013641 -0.0148903 0.999786 0 -0.0470208 -0.998783 -0.0142338 0 0.998801 -0.0468175 -0.0143248 0 0.394434 -0.000182812 0.76344 1 
0.0136397 -0.0148866 0.999787 0 -0.0470193 -0.998783 -0.0142302 0 0.998801 -0.046816 -0.0143233 0 0.394434 -0.000182435 0.763439 1 
0.0136436 -0.0148836 0.999787 0 -0.0470241 -0.998783 -0.0142269 0 0.998801 -0.0468209 -0.0143272 0 0.394434 -0.000184779 0.763437 1 
0.0136465 -0.0148848 0.999786 0 -0.0470218 -0.998783 -0.0142281 0 0.998801 -0.0468185 -0.0143301 0 0.394435 -0.000182637 0.763437 1 
0.0136465 -0.014888 0.999786 0 -0.0470228 -0.998783 -0.0142312 0 0.998801 -0.0468194 -0.0143303 0 0.394435 -0.000183377 0.763436 1 
0.0136466 -0.0148899 0.999786 0 -0.0470236 -0.998783 -0.0142331 0 0.998801 -0.0468202 -0.0143305 0 0.394435 -0.000185107 0.763436 1 
0.0136499 -0.0148894 0.999786 0 -0.0470216 -0.998783 -0.0142325 0 0.998801 -0.0468182 -0.0143337 0 0.394436 -0.000183252 0.763435 1 
0.0136471 -0.0148816 0.999786 0 -0.0470219 -0.998783 -0.0142248 0 0.998801 -0.0468186 -0.0143305 0 0.394435 -0.00018252 0.763436 1 
0.0136503 -0.0148837 0.999786 0 -0.0470223 -0.998783 -0.0142268 0 0.998801 -0.046819 -0.0143338 0 0.394436 -0.00018385 0.763435 1 
0.0136539 -0.0148895 0.999786 0 -0.0470239 -0.998783 -0.0142323 0 0.9988 -0.0468204 -0.0143377 0 0.394437 -0.000185161 0.763433 1 
0.0136496 -0.0148863 0.999786 0 -0.0470268 -0.998783 -0.0142293 0 0.9988 -0.0468234 -0.0143333 0 0.394436 -0.000185306 0.763435 1 
0.0136455 -0.0148861 0.999786 0 -0.0470231 -0.998783 -0.0142294 0 0.998801 -0.0468197 -0.0143292 0 0.394435 -0.000183742 0.763436 1 
0.0136523 -0.0148852 0.999786 0 -0.0470216 -0.998783 -0.0142282 0 0.998801 -0.0468182 -0.0143359 0 0.394437 -0.000183403 0.763434 1 
0.013656 -0.0148861 0.999786 0 -0.0470271 -0.998783 -0.0142288 0 0.9988 -0.0468236 -0.0143397 0 0.394438 -0.000185674 0.763432 1 
0.0136583 -0.0148862 0.999786 0 -0.0470221 -0.998783 -0.0142289 0 0.9988 -0.0468186 -0.014342 0 0.394437 -0.000184719 0.763431 1 
0.013654 -0.0148858 0.999786 0 -0.0470275 -0.998783 -0.0142286 0 0.9988 -0.0468241 -0.0143377 0 0.394437 -0.000186055 0.763434 1 
0.0136584 -0.0148844 0.999786 0 -0.0470254 -0.998783 -0.0142271 0 0.9988 -0.0468219 -0.014342 0 0.394438 -0.000184633 0.763432 1 
0.0136558 -0.0148771 0.999786 0 -0.0470224 -0.998783 -0.0142199 0 0.9988 -0.0468191 -0.014339 0 0.394437 -0.000182814 0.763433 1 
0.0136631 -0.0148782 0.999786 0 -0.0470226 -0.998783 -0.0142207 0 0.9988 -0.0468192 -0.0143463 0 0.394439 -0.000182178 0.763429 1 
0.0136556 -0.0148863 0.999786 0 -0.0470248 -0.998783 -0.014229 0 0.9988 -0.0468214 -0.0143393 0 0.394437 -0.000183412 0.763432 1 
0.0136514 -0.0148866 0.999786 0 -0.0470208 -0.998783 -0.0142297 0 0.998801 -0.0468174 -0.014335 0 0.394437 -0.000181701 0.763433 1 
0.0136568 -0.0148876 0.999786 0 -0.0470225 -0.998783 -0.0142304 0 0.9988 -0.046819 -0.0143405 0 0.394438 -0.000182893 0.763432 1 
0.0136501 -0.0148897 0.999786 0 -0.0470229 -0.998783 -0.0142327 0 0.998801 -0.0468194 -0.014334 0 0.394436 -0.000184196 0.763435 1 
0.0136444 -0.0148795 0.999787 0 -0.0470206 -0.998783 -0.0142229 0 0.998801 -0.0468174 -0.0143277 0 0.394435 -0.000180249 0.763437 1 
0.0136533 -0.0148757 0.999787 0 -0.0470186 -0.998783 -0.0142187 0 0.998801 -0.0468153 -0.0143364 0 0.394437 -0.000179257 0.763434 1 
0.0136544 -0.01488 0.999786 0 -0.0470228 -0.998783 -0.0142228 0 0.9988 -0.0468195 -0.0143378 0 0.394437 -0.000182008 0.763433 1 
0.013653 -0.0148796 0.999786 0 -0.047019 -0.998783 -0.0142226 0 0.998801 -0.0468157 -0.0143363 0 0.394436 -0.000179698 0.763434 1 
0.0136533 -0.0148803 0.999786 0 -0.0470174 -0.998783 -0.0142233 0 0.998801 -0.0468141 -0.0143366 0 0.394436 -0.000179016 0.763434 1 
0.0136549 -0.0148809 0.999786 0 -0.0470154 -0.998783 -0.0142239 0 0.998801 -0.046812 -0.0143382 0 0.394437 -0.000177994 0.763433 1 
0.013659 -0.0148753 0.999786 0 -0.0470161 -0.998783 -0.014218 0 0.998801 -0.0468128 -0.014342 0 0.394438 -0.000177634 0.763431 1 
0.0136555 -0.0148733 0.999787 0 -0.0470181 -0.998783 -0.0142162 0 0.998801 -0.0468148 -0.0143385 0 0.394437 -0.000178595 0.763433 1 
0.0136566 -0.0148805 0.999786 0 -0.0470114 -0.998783 -0.0142235 0 0.998801 -0.0468081 -0.0143398 0 0.394438 -0.000175547 0.763433 1 
0.0136532 -0.0148747 0.999787 0 -0.0470103 -0.998784 -0.0142178 0 0.998801 -0.046807 -0.0143361 0 0.394437 -0.000173704 0.763434 1 
0.0136478 -0.0148769 0.999787 0 -0.0470113 -0.998783 -0.0142202 0 0.998801 -0.0468081 -0.0143309 0 0.394436 -0.000174579 0.763437 1 
0.0136535 -0.0148764 0.999786 0 -0.0470137 -0.998783 -0.0142195 0 0.998801 -0.0468104 -0.0143366 0 0.394438 -0.000177161 0.763434 1 
0.0136493 -0.0148707 0.999787 0 -0.0470131 -0.998783 -0.014214 0 0.998801 -0.04681 -0.0143321 0 0.394436 -0.000174286 0.763435 1 
0.0136458 -0.0148747 0.999787 0 -0.0470101 -0.998784 -0.0142181 0 0.998801 -0.0468069 -0.0143288 0 0.394435 -0.000173957 0.763437 1 
0.0136514 -0.0148721 0.999787 0 -0.0470164 -0.998783 -0.0142152 0 0.998801 -0.0468133 -0.0143343 0 0.394437 -0.000176195 0.763435 1 
0.0136455 -0.0148736 0.999787 0 -0.0470118 -0.998784 -0.0142171 0 0.998801 -0.0468087 -0.0143284 0 0.394435 -0.000173118 0.763437 1 
0.0136455 -0.0148746 0.999787 0 -0.047014 -0.998783 -0.014218 0 0.998801 -0.0468109 -0.0143284 0 0.394435 -0.000175132 0.763437 1 
0.0136469 -0.0148676 0.999787 0 -0.0470096 -0.998784 -0.014211 0 0.998801 -0.0468066 -0.0143295 0 0.394435 -0.000172091 0.763438 1 
0.0136447 -0.0148721 0.999787 0 -0.0470083 -0.998784 -0.0142157 0 0.998801 -0.0468052 -0.0143275 0 0.394435 -0.000171129 0.763437 1 
0.0136497 -0.0148642 0.999787 0 -0.0470081 -0.998784 -0.0142075 0 0.998801 -0.0468051 -0.0143321 0 0.394436 -0.000170844 0.763435 1 
0.0136454 -0.0148623 0.999787 0 -0.0470103 -0.998784 -0.0142058 0 0.998801 -0.0468074 -0.0143277 0 0.394434 -0.000171837 0.763437 1 
0.013646 -0.0148527 0.999787 0 -0.0470078 -0.998784 -0.0141962 0 0.998801 -0.046805 -0.0143279 0 0.394435 -0.000169853 0.763438 1 
0.0136488 -0.0148542 0.999787 0 -0.047009 -0.998784 -0.0141975 0 0.998801 -0.0468061 -0.0143307 0 0.394435 -0.000171139 0.763436 1 
0.0136453 -0.014854 0.999787 0 -0.0470097 -0.998784 -0.0141975 0 0.998801 -0.0468069 -0.0143272 0 0.394435 -0.000171854 0.763439 1 
0.0136413 -0.014865 0.999787 0 -0.047006 -0.998784 -0.0142087 0 0.998801 -0.0468031 -0.0143237 0 0.394434 -0.000169821 0.763439 1 
0.0136338 -0.0148682 0.999787 0 -0.0470056 -0.998784 -0.0142123 0 0.998802 -0.0468028 -0.0143164 0 0.394432 -0.000169444 0.763443 1 
0.0136403 -0.0148604 0.999787 0 -0.0470105 -0.998784 -0.0142041 0 0.998801 -0.0468076 -0.0143226 0 0.394434 -0.000170306 0.76344 1 
0.0136365 -0.0148625 0.999787 0 -0.0470057 -0.998784 -0.0142065 0 0.998802 -0.0468028 -0.0143188 0 0.394433 -0.000169256 0.763443 1 
0.0136314 -0.0148646 0.999787 0 -0.04701 -0.998784 -0.0142088 0 0.998801 -0.0468072 -0.0143139 0 0.394432 -0.00017203 0.763445 1 
0.0136365 -0.0148733 0.999787 0 -0.0470125 -0.998783 -0.0142171 0 0.998801 -0.0468095 -0.0143194 0 0.394433 -0.000174806 0.763443 1 
0.0136289 -0.0148736 0.999787 0 -0.0470052 -0.998784 -0.0142179 0 0.998802 -0.0468023 -0.0143117 0 0.39443 -0.000171492 0.763446 1 
0.0136291 -0.0148712 0.999787 0 -0.047007 -0.998784 -0.0142154 0 0.998802 -0.0468041 -0.0143119 0 0.39443 -0.000172237 0.763445 1 
0.0136302 -0.0148688 0.999787 0 -0.0470098 -0.998784 -0.014213 0 0.998801 -0.0468069 -0.0143129 0 0.394431 -0.000175278 0.763443 1 
0.0136264 -0.0148672 0.999787 0 -0.0470086 -0.998784 -0.0142116 0 0.998802 -0.0468059 -0.014309 0 0.39443 -0.000175666 0.763443 1 
0.0136257 -0.0148708 0.999787 0 -0.0470126 -0.998784 -0.0142151 0 0.998801 -0.0468098 -0.0143085 0 0.39443 -0.000176949 0.763443 1 
0.0136217 -0.0148752 0.999787 0 -0.0470106 -0.998784 -0.0142198 0 0.998801 -0.0468078 -0.0143047 0 0.39443 -0.000177341 0.763444 1 
0.0136237 -0.0148815 0.999787 0 -0.0470039 -0.998784 -0.014226 0 0.998802 -0.046801 -0.0143069 0 0.39443 -0.000174873 0.763442 1 
0.0136257 -0.0148765 0.999787 0 -0.0470023 -0.998784 -0.014221 0 0.998802 -0.0467994 -0.0143086 0 0.39443 -0.00017493 0.763442 1 
0.0136292 -0.0148792 0.999787 0 -0.0469975 -0.998784 -0.0142236 0 0.998802 -0.0467945 -0.0143121 0 0.394431 -0.000173452 0.763441 1 
0.0136325 -0.0148853 0.999787 0 -0.0469999 -0.998784 -0.0142295 0 0.998802 -0.0467968 -0.0143158 0 0.39443 -0.00017647 0.763438 1 
0.0136363 -0.0148948 0.999786 0 -0.0470001 -0.998784 -0.0142388 0 0.998802 -0.0467968 -0.01432 0 0.394432 -0.000177522 0.763436 1 
0.0136366 -0.0148934 0.999786 0 -0.0469967 -0.998784 -0.0142375 0 0.998802 -0.0467934 -0.0143203 0 0.394431 -0.000176288 0.763435 1 
0.0136397 -0.0148924 0.999786 0 -0.0469944 -0.998784 -0.0142364 0 0.998802 -0.046791 -0.0143232 0 0.394431 -0.000176202 0.763434 1 
0.0136484 -0.0148906 0.999786 0 -0.0469886 -0.998784 -0.0142343 0 0.998802 -0.0467851 -0.0143318 0 0.394433 -0.000175478 0.763429 1 
0.0136508 -0.0148935 0.999786 0 -0.0469887 -0.998784 -0.014237 0 0.998802 -0.0467852 -0.0143343 0 0.394434 -0.00017494 0.763428 1 
0.0136528 -0.0149014 0.999786 0 -0.0469828 -0.998784 -0.0142449 0 0.998802 -0.0467791 -0.0143366 0 0.394433 -0.000174531 0.763425 1 
0.0136596 -0.0149099 0.999786 0 -0.0469765 -0.998785 -0.0142532 0 0.998803 -0.0467726 -0.0143437 0 0.394435 -0.000173253 0.763422 1 
0.0136599 -0.0149094 0.999786 0 -0.0469783 -0.998785 -0.0142527 0 0.998802 -0.0467744 -0.014344 0 0.394434 -0.000175199 0.763421 1 
0.0136597 -0.0149041 0.999786 0 -0.0469694 -0.998785 -0.0142475 0 0.998803 -0.0467656 -0.0143434 0 0.394433 -0.000171647 0.763421 1 
0.0136697 -0.0149072 0.999786 0 -0.0469662 -0.998785 -0.0142501 0 0.998803 -0.0467623 -0.0143535 0 0.394435 -0.000172505 0.763416 1 
0.0136725 -0.0149133 0.999786 0 -0.0469603 -0.998785 -0.0142562 0 0.998803 -0.0467562 -0.0143565 0 0.394435 -0.000170639 0.763413 1 
0.0136774 -0.0149253 0.999785 0 -0.0469439 -0.998786 -0.0142682 0 0.998804 -0.0467396 -0.0143617 0 0.394435 -0.000169962 0.763409 1 
0.0136832 -0.0149245 0.999785 0 -0.0469402 -0.998786 -0.0142671 0 0.998804 -0.0467358 -0.0143674 0 0.394436 -0.000170439 0.763404 1 
0.0136968 -0.0149333 0.999785 0 -0.0469305 -0.998787 -0.0142755 0 0.998804 -0.0467258 -0.0143812 0 0.394439 -0.000168443 0.763398 1 
0.0136906 -0.0149336 0.999785 0 -0.0469258 -0.998787 -0.0142761 0 0.998805 -0.0467212 -0.014375 0 0.394437 -0.00016787 0.7634 1 
0.0137009 -0.0149406 0.999785 0 -0.0469214 -0.998787 -0.0142827 0 0.998805 -0.0467165 -0.0143856 0 0.394439 -0.000168335 0.763395 1 
0.0137124 -0.0149419 0.999785 0 -0.0469121 -0.998787 -0.0142836 0 0.998805 -0.046707 -0.014397 0 0.394441 -0.000166493 0.763388 1 
0.0137112 -0.0149479 0.999785 0 -0.0469031 -0.998788 -0.0142898 0 0.998805 -0.046698 -0.014396 0 0.394441 -0.000165513 0.763388 1 
0.0137168 -0.0149572 0.999784 0 -0.0469013 -0.998788 -0.0142988 0 0.998805 -0.046696 -0.0144019 0 0.394441 -0.000168253 0.763385 1 
0.013719 -0.0149726 0.999784 0 -0.0468929 -0.998788 -0.0143143 0 0.998806 -0.0466873 -0.0144047 0 0.394441 -0.000167495 0.763383 1 
0.013731 -0.0149843 0.999784 0 -0.0468885 -0.998788 -0.0143254 0 0.998806 -0.0466825 -0.0144173 0 0.394444 -0.000169925 0.763376 1 
0.0137403 -0.0149838 0.999784 0 -0.0468805 -0.998788 -0.0143245 0 0.998806 -0.0466744 -0.0144264 0 0.394446 -0.000168674 0.763371 1 
0.0137487 -0.0149825 0.999784 0 -0.0468753 -0.998788 -0.0143229 0 0.998806 -0.0466691 -0.0144346 0 0.394447 -0.000169233 0.763366 1 
0.0137536 -0.0149909 0.999783 0 -0.0468665 -0.998789 -0.0143312 0 0.998806 -0.0466601 -0.0144398 0 0.394448 -0.00016979 0.763364 1 
0.0137609 -0.015006 0.999783 0 -0.0468603 -0.998789 -0.0143461 0 0.998807 -0.0466536 -0.0144477 0 0.394449 -0.000171138 0.763359 1 
0.0137711 -0.0150179 0.999783 0 -0.0468542 -0.998789 -0.0143576 0 0.998807 -0.0466472 -0.0144583 0 0.394451 -0.000172223 0.763353 1 
0.0137788 -0.0150256 0.999783 0 -0.0468514 -0.998789 -0.0143649 0 0.998807 -0.0466441 -0.0144664 0 0.394453 -0.000175396 0.763349 1 
0.0137807 -0.0150282 0.999782 0 -0.0468434 -0.998789 -0.0143676 0 0.998807 -0.0466361 -0.0144682 0 0.394452 -0.00017487 0.763347 1 
0.0137848 -0.0150367 0.999782 0 -0.0468324 -0.99879 -0.014376 0 0.998808 -0.0466249 -0.0144726 0 0.394451 -0.000174019 0.763344 1 
0.0138016 -0.0150432 0.999782 0 -0.0468248 -0.99879 -0.0143819 0 0.998808 -0.046617 -0.0144895 0 0.394457 -0.000175329 0.763335 1 
0.0138035 -0.0150584 0.999782 0 -0.0468218 -0.99879 -0.0143971 0 0.998808 -0.0466137 -0.0144922 0 0.394455 -0.000178339 0.763333 1 
0.0138207 -0.0150722 0.999781 0 -0.0468116 -0.99879 -0.0144101 0 0.998808 -0.0466031 -0.0145098 0 0.394459 -0.000178867 0.763325 1 
0.0138289 -0.0150785 0.999781 0 -0.0468008 -0.998791 -0.0144162 0 0.998808 -0.0465921 -0.0145182 0 0.394461 -0.00017768 0.763319 1 
0.013835 -0.01508 0.999781 0 -0.0467938 -0.998791 -0.0144176 0 0.998809 -0.0465849 -0.0145243 0 0.394462 -0.000178592 0.763315 1 
0.0138469 -0.0150933 0.999781 0 -0.0467886 -0.998791 -0.0144303 0 0.998809 -0.0465794 -0.0145366 0 0.394463 -0.000180505 0.763308 1 
0.0138603 -0.0151072 0.99978 0 -0.0467821 -0.998791 -0.0144437 0 0.998809 -0.0465725 -0.0145506 0 0.394466 -0.000182038 0.763302 1 
0.0138637 -0.0151119 0.99978 0 -0.046775 -0.998791 -0.0144483 0 0.998809 -0.0465653 -0.014554 0 0.394465 -0.000182162 0.763298 1 
0.0138718 -0.0151266 0.99978 0 -0.0467677 -0.998791 -0.0144628 0 0.998809 -0.0465577 -0.0145628 0 0.394467 -0.000183972 0.763293 1 
0.0138802 -0.0151249 0.99978 0 -0.0467578 -0.998792 -0.0144608 0 0.99881 -0.0465477 -0.0145709 0 0.394468 -0.000182996 0.763288 1 
0.0138885 -0.0151366 0.999779 0 -0.046754 -0.998792 -0.0144722 0 0.99881 -0.0465436 -0.0145797 0 0.394469 -0.000187055 0.763283 1 
0.013904 -0.0151507 0.999779 0 -0.0467422 -0.998792 -0.0144857 0 0.99881 -0.0465313 -0.0145956 0 0.394472 -0.00018699 0.763274 1 
0.0139133 -0.0151662 0.999779 0 -0.0467404 -0.998792 -0.0145008 0 0.99881 -0.0465292 -0.0146056 0 0.394473 -0.000190874 0.763268 1 
0.0139222 -0.0151789 0.999778 0 -0.0467307 -0.998792 -0.0145132 0 0.99881 -0.0465192 -0.0146149 0 0.394474 -0.000192321 0.763263 1 
0.0139338 -0.01518 0.999778 0 -0.0467221 -0.998793 -0.0145139 0 0.998811 -0.0465104 -0.0146265 0 0.394476 -0.000192595 0.763256 1 
0.0139428 -0.0151938 0.999778 0 -0.0467146 -0.998793 -0.0145273 0 0.998811 -0.0465026 -0.0146361 0 0.394477 -0.00019431 0.76325 1 
0.0139546 -0.0152068 0.999777 0 -0.0467116 -0.998793 -0.0145398 0 0.998811 -0.0464992 -0.0146484 0 0.394479 -0.000198609 0.763243 1 
0.0139649 -0.0152243 0.999777 0 -0.0467026 -0.998793 -0.014557 0 0.998811 -0.0464898 -0.0146593 0 0.39448 -0.000200685 0.763237 1 
0.0139799 -0.0152291 0.999777 0 -0.0466994 -0.998793 -0.0145611 0 0.998811 -0.0464863 -0.0146745 0 0.394484 -0.000204396 0.763229 1 
0.0139902 -0.0152483 0.999776 0 -0.0466929 -0.998793 -0.01458 0 0.998811 -0.0464793 -0.0146856 0 0.394484 -0.000208114 0.763222 1 
0.0140015 -0.0152498 0.999776 0 -0.046688 -0.998793 -0.014581 0 0.998811 -0.0464743 -0.0146969 0 0.394487 -0.000210204 0.763215 1 
0.0140119 -0.0152643 0.999776 0 -0.0466779 -0.998794 -0.0145951 0 0.998812 -0.0464638 -0.0147078 0 0.394488 -0.000210914 0.763209 1 
0.01402 -0.0152786 0.999775 0 -0.0466686 -0.998794 -0.0146092 0 0.998812 -0.0464542 -0.0147164 0 0.394489 -0.000212939 0.763202 1 
0.0140302 -0.015295 0.999775 0 -0.0466619 -0.998794 -0.0146252 0 0.998812 -0.0464471 -0.0147273 0 0.39449 -0.000215258 0.763196 1 
0.0140447 -0.0153118 0.999774 0 -0.0466557 -0.998794 -0.0146414 0 0.998812 -0.0464404 -0.0147424 0 0.394493 -0.000218984 0.763188 1 
0.0140582 -0.0153295 0.999774 0 -0.0466516 -0.998794 -0.0146584 0 0.998812 -0.0464359 -0.0147567 0 0.394495 -0.000224365 0.76318 1 
0.0140609 -0.015338 0.999774 0 -0.0466445 -0.998794 -0.0146669 0 0.998813 -0.0464286 -0.0147597 0 0.394495 -0.000226761 0.763177 1 
0.014081 -0.0153524 0.999773 0 -0.0466351 -0.998794 -0.0146806 0 0.998813 -0.0464187 -0.0147803 0 0.394499 -0.000229169 0.763165 1 
0.0140928 -0.0153685 0.999773 0 -0.046628 -0.998795 -0.0146962 0 0.998813 -0.0464111 -0.0147927 0 0.3945 -0.000233125 0.763159 1 
0.0141016 -0.0153762 0.999773 0 -0.0466234 -0.998795 -0.0147035 0 0.998813 -0.0464063 -0.0148017 0 0.394501 -0.000235668 0.763153 1 
0.0141134 -0.0153983 0.999772 0 -0.0466205 -0.998794 -0.0147251 0 0.998813 -0.046403 -0.0148145 0 0.394503 -0.00024102 0.763144 1 
0.0141304 -0.0154089 0.999772 0 -0.0466124 -0.998795 -0.0147351 0 0.998813 -0.0463945 -0.0148319 0 0.394506 -0.00024276 0.763134 1 
0.0141453 -0.0154179 0.999771 0 -0.0466067 -0.998795 -0.0147434 0 0.998813 -0.0463884 -0.0148471 0 0.394508 -0.000246348 0.763126 1 
0.0141563 -0.0154331 0.999771 0 -0.0465975 -0.998795 -0.0147582 0 0.998813 -0.0463788 -0.0148586 0 0.394509 -0.000249888 0.763119 1 
0.0141681 -0.015448 0.999771 0 -0.0465912 -0.998795 -0.0147727 0 0.998814 -0.0463721 -0.0148711 0 0.394511 -0.000253613 0.763111 1 
0.0141797 -0.0154609 0.99977 0 -0.046587 -0.998795 -0.0147851 0 0.998814 -0.0463675 -0.0148832 0 0.394513 -0.000257535 0.763103 1 
0.0141967 -0.0154779 0.99977 0 -0.0465845 -0.998795 -0.0148013 0 0.998813 -0.0463646 -0.0149009 0 0.394516 -0.00026268 0.763093 1 
0.0142083 -0.0154943 0.999769 0 -0.046578 -0.998795 -0.0148172 0 0.998814 -0.0463576 -0.0149132 0 0.394517 -0.000267509 0.763086 1 
0.0142236 -0.0155048 0.999769 0 -0.0465704 -0.998795 -0.0148271 0 0.998814 -0.0463497 -0.0149289 0 0.394519 -0.000269479 0.763076 1 
0.014233 -0.015522 0.999769 0 -0.0465708 -0.998795 -0.0148439 0 0.998814 -0.0463497 -0.0149391 0 0.394521 -0.000276703 0.76307 1 
0.0142541 -0.015537 0.999768 0 -0.0465635 -0.998795 -0.014858 0 0.998814 -0.0463418 -0.0149607 0 0.394525 -0.0002805 0.763057 1 
0.0142629 -0.0155577 0.999768 0 -0.0465597 -0.998795 -0.0148783 0 0.998814 -0.0463375 -0.0149704 0 0.394526 -0.000285436 0.763051 1 
