0.0713044 -0.0512717 0.996126 0 -0.115914 -0.992328 -0.0427789 0 0.990696 -0.112417 -0.0767019 0 0.356442 -0.0237042 0.785117 1 
0.0712661 -0.0511299 0.996136 0 -0.115775 -0.99235 -0.0426527 0 0.990715 -0.11229 -0.0766419 0 0.35644 -0.0236033 0.785126 1 
0.071271 -0.0511258 0.996136 0 -0.115775 -0.99235 -0.042648 0 0.990715 -0.11229 -0.0766463 0 0.356442 -0.0236031 0.785125 1 
0.0712658 -0.0511242 0.996137 0 -0.115774 -0.99235 -0.0426472 0 0.990716 -0.112289 -0.0766409 0 0.35644 -0.0236028 0.785127 1 
0.0712585 -0.0511237 0.996137 0 -0.115773 -0.99235 -0.0426475 0 0.990716 -0.112289 -0.0766335 0 0.356437 -0.0236025 0.78513 1 
0.0712672 -0.0511215 0.996137 0 -0.115773 -0.99235 -0.0426443 0 0.990715 -0.112289 -0.076642 0 0.35644 -0.0236009 0.785126 1 
0.0712621 -0.0511257 0.996137 0 -0.115771 -0.99235 -0.0426493 0 0.990716 -0.112287 -0.0766373 0 0.356439 -0.023601 0.785129 1 
0.0712651 -0.0511205 0.996137 0 -0.115774 -0.99235 -0.0426435 0 0.990716 -0.11229 -0.0766399 0 0.35644 -0.0236014 0.785127 1 
0.0712556 -0.0511224 0.996137 0 -0.115772 -0.99235 -0.0426467 0 0.990717 -0.112288 -0.0766305 0 0.356437 -0.0236006 0.785132 1 
0.0712601 -0.05112 0.996137 0 -0.115773 -0.99235 -0.0426436 0 0.990716 -0.11229 -0.0766348 0 0.356438 -0.0236018 0.78513 1 
0.0712639 -0.0511224 0.996137 0 -0.115773 -0.99235 -0.0426457 0 0.990716 -0.112288 -0.0766388 0 0.35644 -0.0236008 0.785129 1 
0.0712638 -0.0511246 0.996137 0 -0.115773 -0.99235 -0.0426478 0 0.990716 -0.112289 -0.0766389 0 0.356441 -0.023601 0.785128 1 
0.0712599 -0.0511236 0.996137 0 -0.115772 -0.99235 -0.0426473 0 0.990716 -0.112288 -0.0766349 0 0.356439 -0.0236012 0.78513 1 
0.0712578 -0.0511167 0.996138 0 -0.115773 -0.99235 -0.0426406 0 0.990716 -0.11229 -0.0766322 0 0.356438 -0.023601 0.785131 1 
0.0712607 -0.051119 0.996137 0 -0.115771 -0.99235 -0.0426428 0 0.990716 -0.112287 -0.0766351 0 0.356439 -0.0235995 0.785129 1 
0.0712574 -0.051121 0.996137 0 -0.115772 -0.99235 -0.042645 0 0.990716 -0.112288 -0.0766321 0 0.356438 -0.0236003 0.785131 1 
0.0712553 -0.0511242 0.996137 0 -0.115779 -0.992349 -0.042648 0 0.990716 -0.112295 -0.0766307 0 0.356437 -0.0236034 0.785131 1 
0.07126 -0.0511208 0.996137 0 -0.115777 -0.99235 -0.0426442 0 0.990716 -0.112293 -0.0766349 0 0.356438 -0.0236024 0.785129 1 
0.0712588 -0.0511164 0.996138 0 -0.115775 -0.99235 -0.0426401 0 0.990716 -0.112291 -0.0766331 0 0.356438 -0.0236013 0.78513 1 
0.0712615 -0.0511234 0.996137 0 -0.115772 -0.99235 -0.042647 0 0.990716 -0.112288 -0.0766365 0 0.356439 -0.0235999 0.785129 1 
0.0712618 -0.0511281 0.996137 0 -0.115775 -0.99235 -0.0426514 0 0.990716 -0.11229 -0.0766375 0 0.35644 -0.0236024 0.785129 1 
0.0712546 -0.051123 0.996138 0 -0.115773 -0.99235 -0.0426473 0 0.990716 -0.11229 -0.0766297 0 0.356437 -0.0236022 0.785132 1 
0.0712614 -0.0511192 0.996137 0 -0.115775 -0.99235 -0.0426426 0 0.990716 -0.112291 -0.076636 0 0.356439 -0.0236008 0.785129 1 
0.0712586 -0.0511215 0.996137 0 -0.115774 -0.99235 -0.0426453 0 0.990716 -0.11229 -0.0766334 0 0.356438 -0.0236005 0.78513 1 
0.0712641 -0.0511236 0.996137 0 -0.115773 -0.99235 -0.0426468 0 0.990716 -0.112289 -0.0766391 0 0.35644 -0.023601 0.785128 1 
0.071256 -0.0511238 0.996137 0 -0.115778 -0.992349 -0.0426475 0 0.990716 -0.112294 -0.0766314 0 0.356437 -0.023604 0.785131 1 
0.071262 -0.0511169 0.996137 0 -0.11577 -0.992351 -0.0426406 0 0.990716 -0.112287 -0.0766361 0 0.356439 -0.0235993 0.785129 1 
0.0712589 -0.0511235 0.996137 0 -0.115772 -0.99235 -0.0426474 0 0.990716 -0.112288 -0.0766339 0 0.356437 -0.0236001 0.78513 1 
0.0712596 -0.0511249 0.996137 0 -0.115776 -0.99235 -0.0426484 0 0.990716 -0.112292 -0.0766349 0 0.356438 -0.0236024 0.78513 1 
0.0712556 -0.0511219 0.996138 0 -0.115774 -0.99235 -0.042646 0 0.990716 -0.11229 -0.0766305 0 0.356436 -0.0236008 0.785131 1 
0.0712571 -0.0511211 0.996137 0 -0.115775 -0.99235 -0.0426449 0 0.990716 -0.112291 -0.076632 0 0.356437 -0.0236017 0.785131 1 
0.0712567 -0.0511136 0.996138 0 -0.11577 -0.992351 -0.042638 0 0.990717 -0.112286 -0.0766305 0 0.356437 -0.0235987 0.785132 1 
0.0712588 -0.051119 0.996137 0 -0.115774 -0.99235 -0.0426427 0 0.990716 -0.11229 -0.0766334 0 0.356437 -0.0236011 0.785129 1 
0.0712556 -0.0511245 0.996137 0 -0.115775 -0.99235 -0.0426485 0 0.990716 -0.112291 -0.0766309 0 0.356436 -0.0236012 0.785131 1 
0.0712543 -0.0511189 0.996138 0 -0.115775 -0.99235 -0.042643 0 0.990716 -0.112292 -0.076629 0 0.356435 -0.023601 0.785131 1 
0.0712568 -0.0511166 0.996138 0 -0.115775 -0.99235 -0.0426404 0 0.990716 -0.112292 -0.0766312 0 0.356436 -0.0236009 0.78513 1 
0.0712522 -0.0511173 0.996138 0 -0.115777 -0.99235 -0.0426415 0 0.990716 -0.112294 -0.0766268 0 0.356435 -0.0236028 0.785132 1 
0.0712528 -0.0511214 0.996138 0 -0.115769 -0.99235 -0.0426461 0 0.990717 -0.112286 -0.0766275 0 0.356435 -0.0235988 0.785132 1 
0.0712543 -0.0511197 0.996138 0 -0.115769 -0.992351 -0.0426443 0 0.990717 -0.112286 -0.0766289 0 0.356436 -0.0235985 0.785132 1 
0.0712525 -0.0511148 0.996138 0 -0.115774 -0.99235 -0.0426393 0 0.990716 -0.112291 -0.0766266 0 0.356435 -0.0236006 0.785132 1 
0.0712566 -0.0511233 0.996137 0 -0.115778 -0.99235 -0.042647 0 0.990716 -0.112294 -0.0766318 0 0.356437 -0.023604 0.78513 1 
0.0712515 -0.0511188 0.996138 0 -0.115773 -0.99235 -0.0426434 0 0.990717 -0.11229 -0.076626 0 0.356435 -0.0236 0.785132 1 
0.0712537 -0.0511216 0.996138 0 -0.115775 -0.99235 -0.0426459 0 0.990716 -0.112291 -0.0766287 0 0.356436 -0.0236008 0.785131 1 
0.0712551 -0.0511193 0.996138 0 -0.115774 -0.99235 -0.0426435 0 0.990716 -0.112291 -0.0766298 0 0.356437 -0.0236012 0.785131 1 
0.0712557 -0.0511142 0.996138 0 -0.115772 -0.992351 -0.0426385 0 0.990717 -0.112288 -0.0766297 0 0.356437 -0.0235996 0.785131 1 
0.0712501 -0.051117 0.996138 0 -0.115772 -0.99235 -0.0426419 0 0.990717 -0.112289 -0.0766245 0 0.356435 -0.0236003 0.785133 1 
0.0712469 -0.0511225 0.996138 0 -0.115779 -0.992349 -0.0426472 0 0.990716 -0.112296 -0.0766222 0 0.356433 -0.0236041 0.785134 1 
0.0712529 -0.0511217 0.996138 0 -0.115776 -0.99235 -0.0426459 0 0.990716 -0.112292 -0.0766279 0 0.356436 -0.0236023 0.785131 1 
0.0712496 -0.0511254 0.996138 0 -0.115777 -0.992349 -0.0426499 0 0.990716 -0.112293 -0.0766251 0 0.356434 -0.0236027 0.785133 1 
0.0712471 -0.0511164 0.996138 0 -0.115773 -0.99235 -0.0426415 0 0.990717 -0.11229 -0.0766215 0 0.356434 -0.0236011 0.785135 1 
0.0712497 -0.0511208 0.996138 0 -0.115772 -0.99235 -0.0426456 0 0.990717 -0.112289 -0.0766245 0 0.356434 -0.0236012 0.785133 1 
0.0712502 -0.0511246 0.996138 0 -0.115773 -0.99235 -0.0426493 0 0.990717 -0.11229 -0.0766255 0 0.356435 -0.0236021 0.785132 1 
0.0712482 -0.0511271 0.996138 0 -0.115775 -0.99235 -0.0426519 0 0.990717 -0.112291 -0.0766238 0 0.356434 -0.0236028 0.785133 1 
0.0712495 -0.0511264 0.996138 0 -0.115778 -0.992349 -0.0426509 0 0.990716 -0.112294 -0.0766251 0 0.356435 -0.0236049 0.785133 1 
0.071248 -0.0511226 0.996138 0 -0.115778 -0.992349 -0.0426472 0 0.990716 -0.112295 -0.0766232 0 0.356435 -0.0236033 0.785134 1 
0.0712501 -0.0511277 0.996138 0 -0.115777 -0.992349 -0.0426521 0 0.990716 -0.112293 -0.0766259 0 0.356435 -0.0236041 0.785132 1 
0.0712469 -0.0511269 0.996138 0 -0.115779 -0.992349 -0.0426515 0 0.990716 -0.112296 -0.0766228 0 0.356433 -0.0236052 0.785134 1 
0.071247 -0.0511219 0.996138 0 -0.115778 -0.992349 -0.0426466 0 0.990716 -0.112295 -0.0766222 0 0.356434 -0.0236043 0.785134 1 
0.0712467 -0.0511207 0.996138 0 -0.11578 -0.992349 -0.0426453 0 0.990716 -0.112297 -0.0766219 0 0.356433 -0.0236049 0.785134 1 
0.0712449 -0.0511304 0.996138 0 -0.115784 -0.992348 -0.0426549 0 0.990716 -0.112301 -0.0766214 0 0.356433 -0.0236074 0.785134 1 
0.0712508 -0.0511284 0.996138 0 -0.115782 -0.992349 -0.0426524 0 0.990716 -0.112298 -0.0766268 0 0.356435 -0.0236062 0.785132 1 
0.0712474 -0.0511302 0.996138 0 -0.115782 -0.992349 -0.0426545 0 0.990716 -0.112298 -0.0766237 0 0.356434 -0.0236079 0.785133 1 
0.0712471 -0.0511316 0.996138 0 -0.11578 -0.992349 -0.0426561 0 0.990716 -0.112296 -0.0766235 0 0.356434 -0.0236074 0.785134 1 
0.0712468 -0.0511321 0.996138 0 -0.115787 -0.992348 -0.0426562 0 0.990715 -0.112303 -0.0766235 0 0.356433 -0.0236091 0.785134 1 
0.0712498 -0.0511332 0.996137 0 -0.115786 -0.992348 -0.042657 0 0.990715 -0.112302 -0.0766266 0 0.356434 -0.0236099 0.785133 1 
0.07125 -0.0511344 0.996137 0 -0.115788 -0.992348 -0.042658 0 0.990715 -0.112303 -0.076627 0 0.356434 -0.0236106 0.785132 1 
0.0712465 -0.0511307 0.996138 0 -0.115782 -0.992349 -0.0426551 0 0.990716 -0.112298 -0.0766229 0 0.356434 -0.0236083 0.785135 1 
0.0712485 -0.0511319 0.996138 0 -0.115784 -0.992348 -0.042656 0 0.990716 -0.1123 -0.076625 0 0.356434 -0.0236092 0.785133 1 
0.0712534 -0.0511362 0.996137 0 -0.115788 -0.992348 -0.0426594 0 0.990715 -0.112303 -0.0766305 0 0.356435 -0.0236121 0.78513 1 
0.0712495 -0.0511316 0.996137 0 -0.115784 -0.992348 -0.0426555 0 0.990715 -0.1123 -0.0766261 0 0.356435 -0.0236092 0.785133 1 
0.0712508 -0.0511342 0.996137 0 -0.115786 -0.992348 -0.0426579 0 0.990715 -0.112301 -0.0766277 0 0.356435 -0.0236109 0.785132 1 
0.0712505 -0.0511401 0.996137 0 -0.11579 -0.992347 -0.0426634 0 0.990715 -0.112305 -0.0766283 0 0.356434 -0.0236151 0.785131 1 
0.0712523 -0.0511403 0.996137 0 -0.115788 -0.992348 -0.0426636 0 0.990715 -0.112303 -0.07663 0 0.356434 -0.0236133 0.78513 1 
0.0712533 -0.0511412 0.996137 0 -0.115792 -0.992347 -0.0426641 0 0.990714 -0.112306 -0.0766312 0 0.356435 -0.0236148 0.78513 1 
0.0712503 -0.0511398 0.996137 0 -0.115785 -0.992348 -0.0426635 0 0.990715 -0.112301 -0.0766278 0 0.356435 -0.0236114 0.785132 1 
0.0712521 -0.0511393 0.996137 0 -0.115787 -0.992348 -0.0426627 0 0.990715 -0.112302 -0.0766296 0 0.356435 -0.0236137 0.78513 1 
0.0712504 -0.0511381 0.996137 0 -0.11579 -0.992347 -0.0426614 0 0.990715 -0.112306 -0.0766279 0 0.356434 -0.0236149 0.785131 1 
0.0712546 -0.0511427 0.996137 0 -0.115791 -0.992347 -0.0426656 0 0.990714 -0.112305 -0.0766326 0 0.356436 -0.0236153 0.78513 1 
0.071245 -0.0511454 0.996137 0 -0.115792 -0.992347 -0.0426692 0 0.990715 -0.112307 -0.0766235 0 0.356434 -0.023617 0.785134 1 
0.0712465 -0.0511406 0.996137 0 -0.115787 -0.992348 -0.0426646 0 0.990715 -0.112303 -0.0766242 0 0.356433 -0.0236145 0.785133 1 
0.0712488 -0.0511418 0.996137 0 -0.115792 -0.992347 -0.0426652 0 0.990715 -0.112307 -0.0766268 0 0.356434 -0.0236172 0.785132 1 
0.0712506 -0.0511443 0.996137 0 -0.115792 -0.992347 -0.0426675 0 0.990715 -0.112307 -0.0766289 0 0.356434 -0.0236176 0.785132 1 
0.0712462 -0.051148 0.996137 0 -0.115792 -0.992347 -0.0426716 0 0.990715 -0.112307 -0.076625 0 0.356434 -0.023616 0.785134 1 
0.0712477 -0.0511438 0.996137 0 -0.115791 -0.992347 -0.0426674 0 0.990715 -0.112306 -0.0766259 0 0.356434 -0.0236161 0.785133 1 
0.0712533 -0.0511466 0.996136 0 -0.115793 -0.992347 -0.0426694 0 0.990714 -0.112308 -0.0766318 0 0.356436 -0.0236186 0.78513 1 
0.0712481 -0.0511432 0.996137 0 -0.115797 -0.992346 -0.0426663 0 0.990714 -0.112312 -0.0766265 0 0.356434 -0.0236196 0.785133 1 
0.0712502 -0.0511514 0.996136 0 -0.115796 -0.992346 -0.0426743 0 0.990714 -0.11231 -0.0766294 0 0.356435 -0.0236199 0.785131 1 
0.0712507 -0.0511534 0.996136 0 -0.115796 -0.992346 -0.0426763 0 0.990714 -0.11231 -0.0766302 0 0.356435 -0.0236201 0.785131 1 
0.0712439 -0.0511507 0.996137 0 -0.115796 -0.992346 -0.0426743 0 0.990714 -0.112311 -0.0766231 0 0.356432 -0.0236213 0.785134 1 
0.07125 -0.0511474 0.996137 0 -0.115798 -0.992346 -0.0426702 0 0.990714 -0.112312 -0.0766289 0 0.356434 -0.023621 0.785132 1 
0.0712473 -0.0511534 0.996136 0 -0.115797 -0.992346 -0.0426765 0 0.990714 -0.112311 -0.0766268 0 0.356434 -0.0236215 0.785132 1 
0.0712517 -0.0511563 0.996136 0 -0.1158 -0.992346 -0.0426787 0 0.990714 -0.112314 -0.0766317 0 0.356435 -0.0236233 0.78513 1 
0.0712526 -0.0511563 0.996136 0 -0.115798 -0.992346 -0.0426787 0 0.990714 -0.112312 -0.0766325 0 0.356435 -0.0236227 0.78513 1 
0.0712469 -0.0511526 0.996137 0 -0.115798 -0.992346 -0.0426757 0 0.990714 -0.112312 -0.0766264 0 0.356434 -0.023621 0.785133 1 
0.0712482 -0.0511529 0.996136 0 -0.115796 -0.992346 -0.042676 0 0.990714 -0.112311 -0.0766277 0 0.356434 -0.0236216 0.785132 1 
0.0712496 -0.0511546 0.996136 0 -0.115799 -0.992346 -0.0426773 0 0.990714 -0.112313 -0.0766294 0 0.356435 -0.0236236 0.785131 1 
0.0712506 -0.0511539 0.996136 0 -0.115797 -0.992346 -0.0426767 0 0.990714 -0.112311 -0.0766301 0 0.356435 -0.0236217 0.785131 1 
0.0712446 -0.051152 0.996137 0 -0.115799 -0.992346 -0.0426753 0 0.990714 -0.112313 -0.0766241 0 0.356433 -0.0236219 0.785134 1 
0.0712476 -0.051153 0.996136 0 -0.115802 -0.992345 -0.0426758 0 0.990714 -0.112316 -0.0766274 0 0.356434 -0.0236253 0.785132 1 
0.0712564 -0.0511532 0.996136 0 -0.115801 -0.992346 -0.042675 0 0.990713 -0.112315 -0.0766361 0 0.356436 -0.0236236 0.785128 1 
0.0712521 -0.0511545 0.996136 0 -0.115798 -0.992346 -0.0426771 0 0.990714 -0.112312 -0.0766318 0 0.356435 -0.0236231 0.785131 1 
0.0712494 -0.0511569 0.996136 0 -0.115798 -0.992346 -0.0426797 0 0.990714 -0.112312 -0.0766294 0 0.356434 -0.0236233 0.785131 1 
0.0712536 -0.05116 0.996136 0 -0.115801 -0.992345 -0.0426821 0 0.990713 -0.112315 -0.0766341 0 0.356436 -0.0236252 0.78513 1 
0.0712508 -0.0511573 0.996136 0 -0.115798 -0.992346 -0.0426799 0 0.990714 -0.112312 -0.0766308 0 0.356435 -0.0236225 0.785131 1 
0.071246 -0.0511565 0.996136 0 -0.115801 -0.992345 -0.0426795 0 0.990714 -0.112315 -0.0766261 0 0.356434 -0.0236261 0.785132 1 
0.0712496 -0.0511574 0.996136 0 -0.1158 -0.992345 -0.04268 0 0.990714 -0.112314 -0.0766297 0 0.356435 -0.0236241 0.785132 1 
0.0712516 -0.0511563 0.996136 0 -0.115801 -0.992345 -0.0426786 0 0.990713 -0.112315 -0.0766316 0 0.356435 -0.0236251 0.78513 1 
0.0712489 -0.051153 0.996136 0 -0.115799 -0.992346 -0.0426758 0 0.990714 -0.112313 -0.0766285 0 0.356434 -0.0236234 0.785131 1 
0.0712458 -0.0511549 0.996137 0 -0.115802 -0.992345 -0.0426777 0 0.990714 -0.112317 -0.0766257 0 0.356433 -0.0236242 0.785133 1 
0.0712447 -0.0511577 0.996136 0 -0.115802 -0.992345 -0.0426807 0 0.990714 -0.112316 -0.076625 0 0.356433 -0.0236245 0.785133 1 
0.0712481 -0.0511586 0.996136 0 -0.1158 -0.992345 -0.0426814 0 0.990714 -0.112314 -0.0766284 0 0.356434 -0.023624 0.785132 1 
0.0712492 -0.0511551 0.996136 0 -0.115797 -0.992346 -0.042678 0 0.990714 -0.112311 -0.0766289 0 0.356434 -0.0236225 0.785132 1 
0.0712438 -0.0511518 0.996137 0 -0.115797 -0.992346 -0.0426753 0 0.990714 -0.112311 -0.0766232 0 0.356432 -0.0236214 0.785134 1 
0.0712489 -0.0511561 0.996136 0 -0.1158 -0.992346 -0.0426788 0 0.990714 -0.112314 -0.0766289 0 0.356434 -0.0236233 0.785132 1 
0.0712495 -0.0511564 0.996136 0 -0.115797 -0.992346 -0.0426793 0 0.990714 -0.112311 -0.0766294 0 0.356435 -0.0236217 0.785132 1 
0.0712524 -0.051154 0.996136 0 -0.115798 -0.992346 -0.0426765 0 0.990714 -0.112312 -0.076632 0 0.356435 -0.0236226 0.78513 1 
0.0712522 -0.0511555 0.996136 0 -0.1158 -0.992346 -0.0426779 0 0.990713 -0.112313 -0.076632 0 0.356435 -0.0236232 0.78513 1 
0.0712485 -0.0511558 0.996136 0 -0.1158 -0.992346 -0.0426786 0 0.990714 -0.112314 -0.0766284 0 0.356434 -0.023624 0.785132 1 
0.0712486 -0.0511545 0.996136 0 -0.1158 -0.992346 -0.0426772 0 0.990714 -0.112314 -0.0766284 0 0.356434 -0.0236229 0.785131 1 
0.0712475 -0.0511575 0.996136 0 -0.115797 -0.992346 -0.0426807 0 0.990714 -0.112311 -0.0766275 0 0.356434 -0.0236215 0.785132 1 
0.0712454 -0.0511556 0.996137 0 -0.115795 -0.992346 -0.0426791 0 0.990715 -0.112309 -0.0766251 0 0.356434 -0.0236208 0.785133 1 
0.0712523 -0.0511542 0.996136 0 -0.115799 -0.992346 -0.0426766 0 0.990714 -0.112313 -0.076632 0 0.356435 -0.0236235 0.78513 1 
0.0712483 -0.0511525 0.996136 0 -0.115795 -0.992346 -0.0426756 0 0.990714 -0.112309 -0.0766276 0 0.356435 -0.0236213 0.785132 1 
0.0712504 -0.05116 0.996136 0 -0.115798 -0.992346 -0.0426827 0 0.990714 -0.112312 -0.0766307 0 0.356435 -0.023623 0.785131 1 
0.0712539 -0.051158 0.996136 0 -0.115799 -0.992346 -0.0426802 0 0.990713 -0.112313 -0.0766341 0 0.356436 -0.0236229 0.785129 1 
0.0712557 -0.0511573 0.996136 0 -0.115798 -0.992346 -0.0426794 0 0.990713 -0.112311 -0.0766357 0 0.356437 -0.0236224 0.785129 1 
0.0712527 -0.051158 0.996136 0 -0.115797 -0.992346 -0.0426804 0 0.990714 -0.112311 -0.0766327 0 0.356435 -0.023623 0.78513 1 
0.0712481 -0.051152 0.996136 0 -0.115796 -0.992346 -0.0426752 0 0.990714 -0.11231 -0.0766275 0 0.356433 -0.0236204 0.785132 1 
0.0712475 -0.051155 0.996136 0 -0.115798 -0.992346 -0.042678 0 0.990714 -0.112312 -0.0766273 0 0.356434 -0.0236221 0.785133 1 
0.0712552 -0.0511537 0.996136 0 -0.115797 -0.992346 -0.0426759 0 0.990714 -0.112311 -0.0766347 0 0.356436 -0.0236217 0.785129 1 
0.071252 -0.0511602 0.996136 0 -0.115802 -0.992345 -0.0426823 0 0.990713 -0.112316 -0.0766325 0 0.356435 -0.0236252 0.78513 1 
0.0712515 -0.051154 0.996136 0 -0.115797 -0.992346 -0.0426767 0 0.990714 -0.112311 -0.0766311 0 0.356435 -0.0236221 0.785131 1 
0.0712508 -0.0511512 0.996136 0 -0.115798 -0.992346 -0.0426738 0 0.990714 -0.112313 -0.0766302 0 0.356435 -0.0236223 0.785131 1 
0.0712496 -0.0511548 0.996136 0 -0.115801 -0.992346 -0.0426774 0 0.990714 -0.112315 -0.0766294 0 0.356435 -0.023623 0.785131 1 
0.0712505 -0.0511527 0.996136 0 -0.115799 -0.992346 -0.0426753 0 0.990714 -0.112313 -0.07663 0 0.356435 -0.0236213 0.785131 1 
0.0712478 -0.0511535 0.996136 0 -0.115801 -0.992346 -0.0426763 0 0.990714 -0.112315 -0.0766275 0 0.356434 -0.0236239 0.785132 1 
0.071247 -0.0511559 0.996136 0 -0.115801 -0.992345 -0.0426788 0 0.990714 -0.112315 -0.076627 0 0.356434 -0.0236241 0.785132 1 
0.0712516 -0.0511603 0.996136 0 -0.115803 -0.992345 -0.0426825 0 0.990713 -0.112317 -0.0766321 0 0.356435 -0.023625 0.78513 1 
0.0712506 -0.051158 0.996136 0 -0.115802 -0.992345 -0.0426803 0 0.990713 -0.112316 -0.0766309 0 0.356435 -0.0236236 0.785131 1 
0.0712468 -0.051153 0.996137 0 -0.115802 -0.992345 -0.0426758 0 0.990714 -0.112316 -0.0766265 0 0.356433 -0.0236233 0.785133 1 
0.0712478 -0.0511556 0.996136 0 -0.1158 -0.992345 -0.0426784 0 0.990714 -0.112314 -0.0766277 0 0.356434 -0.0236238 0.785132 1 
0.0712469 -0.0511543 0.996136 0 -0.115801 -0.992345 -0.0426772 0 0.990714 -0.112315 -0.0766268 0 0.356434 -0.0236237 0.785133 1 
0.0712517 -0.0511575 0.996136 0 -0.1158 -0.992345 -0.0426799 0 0.990713 -0.112314 -0.0766318 0 0.356436 -0.023623 0.785131 1 
0.0712495 -0.0511602 0.996136 0 -0.115805 -0.992345 -0.0426825 0 0.990713 -0.112318 -0.0766301 0 0.356434 -0.0236261 0.785131 1 
0.0712491 -0.0511592 0.996136 0 -0.115804 -0.992345 -0.0426815 0 0.990713 -0.112318 -0.0766296 0 0.356434 -0.0236266 0.785132 1 
0.0712476 -0.0511616 0.996136 0 -0.115805 -0.992345 -0.0426841 0 0.990713 -0.112318 -0.0766284 0 0.356434 -0.023627 0.785132 1 
0.0712465 -0.0511711 0.996136 0 -0.115805 -0.992344 -0.0426937 0 0.990713 -0.112318 -0.0766284 0 0.356434 -0.0236283 0.785132 1 
0.0712478 -0.0511594 0.996136 0 -0.115805 -0.992345 -0.0426818 0 0.990713 -0.112319 -0.0766284 0 0.356434 -0.0236272 0.785132 1 
0.0712461 -0.0511631 0.996136 0 -0.115806 -0.992344 -0.0426856 0 0.990713 -0.11232 -0.0766272 0 0.356433 -0.0236277 0.785133 1 
0.0712442 -0.0511594 0.996136 0 -0.115805 -0.992345 -0.0426822 0 0.990713 -0.112319 -0.0766248 0 0.356433 -0.0236269 0.785134 1 
0.0712436 -0.0511697 0.996136 0 -0.115812 -0.992344 -0.042692 0 0.990713 -0.112325 -0.0766256 0 0.356433 -0.0236323 0.785134 1 
0.0712412 -0.0511658 0.996136 0 -0.115811 -0.992344 -0.0426885 0 0.990713 -0.112324 -0.0766228 0 0.356432 -0.0236303 0.785135 1 
0.0712432 -0.0511654 0.996136 0 -0.115811 -0.992344 -0.0426879 0 0.990713 -0.112325 -0.0766247 0 0.356432 -0.0236311 0.785134 1 
0.0712494 -0.0511629 0.996136 0 -0.115812 -0.992344 -0.0426846 0 0.990712 -0.112325 -0.0766307 0 0.356435 -0.0236315 0.785132 1 
0.0712419 -0.051169 0.996136 0 -0.115812 -0.992344 -0.0426915 0 0.990713 -0.112325 -0.0766239 0 0.356433 -0.0236329 0.785135 1 
0.0712435 -0.0511676 0.996136 0 -0.115812 -0.992344 -0.0426899 0 0.990713 -0.112325 -0.0766253 0 0.356432 -0.0236328 0.785134 1 
0.071248 -0.0511668 0.996136 0 -0.115812 -0.992344 -0.0426886 0 0.990712 -0.112325 -0.0766298 0 0.356434 -0.0236329 0.785132 1 
0.0712459 -0.051172 0.996136 0 -0.115811 -0.992344 -0.0426941 0 0.990713 -0.112324 -0.0766282 0 0.356434 -0.0236335 0.785133 1 
0.0712438 -0.051178 0.996135 0 -0.115812 -0.992343 -0.0427003 0 0.990713 -0.112324 -0.0766268 0 0.356433 -0.0236345 0.785134 1 
0.0712353 -0.0511739 0.996136 0 -0.115817 -0.992343 -0.0426968 0 0.990713 -0.11233 -0.0766181 0 0.356431 -0.023636 0.785137 1 
0.0712373 -0.0511744 0.996136 0 -0.115812 -0.992343 -0.0426974 0 0.990713 -0.112325 -0.07662 0 0.356431 -0.0236351 0.785136 1 
0.0712378 -0.0511734 0.996136 0 -0.115812 -0.992343 -0.0426964 0 0.990713 -0.112326 -0.0766203 0 0.356431 -0.0236358 0.785136 1 
0.0712381 -0.0511778 0.996136 0 -0.115816 -0.992343 -0.0427004 0 0.990713 -0.112329 -0.0766213 0 0.356431 -0.0236371 0.785136 1 
0.0712379 -0.0511834 0.996136 0 -0.115817 -0.992342 -0.0427059 0 0.990712 -0.11233 -0.0766218 0 0.356432 -0.0236399 0.785136 1 
0.0712463 -0.0511825 0.996135 0 -0.115823 -0.992342 -0.0427036 0 0.990711 -0.112335 -0.0766303 0 0.356434 -0.0236421 0.785132 1 
0.0712396 -0.0511791 0.996136 0 -0.115822 -0.992342 -0.0427011 0 0.990712 -0.112334 -0.0766232 0 0.356431 -0.0236409 0.785135 1 
0.0712416 -0.0511854 0.996135 0 -0.115823 -0.992342 -0.0427071 0 0.990712 -0.112335 -0.0766259 0 0.356432 -0.0236434 0.785135 1 
0.0712401 -0.0511895 0.996135 0 -0.115826 -0.992341 -0.042711 0 0.990711 -0.112338 -0.0766251 0 0.356432 -0.0236451 0.785135 1 
0.0712418 -0.0511889 0.996135 0 -0.115822 -0.992342 -0.0427106 0 0.990712 -0.112334 -0.0766265 0 0.356432 -0.0236427 0.785134 1 
0.0712387 -0.0511955 0.996135 0 -0.115826 -0.992341 -0.0427172 0 0.990711 -0.112338 -0.0766243 0 0.356431 -0.0236478 0.785135 1 
0.0712419 -0.0511851 0.996135 0 -0.115824 -0.992341 -0.0427066 0 0.990711 -0.112336 -0.0766262 0 0.356433 -0.0236451 0.785135 1 
0.071241 -0.0511912 0.996135 0 -0.115825 -0.992341 -0.0427127 0 0.990711 -0.112337 -0.0766261 0 0.356432 -0.0236463 0.785135 1 
0.0712401 -0.0511963 0.996135 0 -0.11583 -0.99234 -0.0427175 0 0.990711 -0.112341 -0.0766259 0 0.356432 -0.0236503 0.785134 1 
0.0712405 -0.0511979 0.996135 0 -0.115832 -0.99234 -0.0427189 0 0.990711 -0.112344 -0.0766266 0 0.356431 -0.0236513 0.785134 1 
0.0712401 -0.0511939 0.996135 0 -0.115833 -0.99234 -0.0427149 0 0.99071 -0.112345 -0.0766259 0 0.356431 -0.0236523 0.785134 1 
0.071237 -0.0512048 0.996135 0 -0.115836 -0.992339 -0.0427258 0 0.99071 -0.112347 -0.0766241 0 0.35643 -0.0236554 0.785135 1 
0.0712344 -0.0512044 0.996135 0 -0.115835 -0.992339 -0.0427259 0 0.990711 -0.112346 -0.0766215 0 0.356429 -0.0236548 0.785136 1 
0.0712368 -0.0512104 0.996134 0 -0.115842 -0.992338 -0.042731 0 0.99071 -0.112353 -0.0766248 0 0.35643 -0.0236597 0.785136 1 
0.0712434 -0.0512075 0.996134 0 -0.115839 -0.992339 -0.0427276 0 0.990709 -0.11235 -0.0766309 0 0.356432 -0.0236587 0.785133 1 
0.0712397 -0.051207 0.996134 0 -0.115841 -0.992339 -0.0427275 0 0.99071 -0.112351 -0.0766272 0 0.356431 -0.0236598 0.785134 1 
0.0712399 -0.0512126 0.996134 0 -0.115846 -0.992338 -0.0427326 0 0.990709 -0.112356 -0.0766283 0 0.356431 -0.0236627 0.785134 1 
0.0712396 -0.0512143 0.996134 0 -0.115844 -0.992338 -0.0427344 0 0.990709 -0.112354 -0.0766281 0 0.356431 -0.0236614 0.785134 1 
0.0712431 -0.0512179 0.996133 0 -0.115845 -0.992338 -0.0427376 0 0.990709 -0.112354 -0.076632 0 0.356432 -0.0236635 0.785132 1 
0.0712401 -0.0512164 0.996134 0 -0.115846 -0.992338 -0.0427363 0 0.990709 -0.112355 -0.0766289 0 0.356432 -0.0236652 0.785134 1 
0.0712405 -0.0512153 0.996134 0 -0.115845 -0.992338 -0.0427353 0 0.990709 -0.112355 -0.0766292 0 0.356431 -0.0236656 0.785134 1 
0.0712398 -0.0512238 0.996133 0 -0.115853 -0.992337 -0.0427432 0 0.990708 -0.112362 -0.0766298 0 0.356431 -0.0236713 0.785133 1 
0.0712379 -0.0512292 0.996133 0 -0.11585 -0.992337 -0.042749 0 0.990709 -0.112359 -0.0766283 0 0.356431 -0.0236708 0.785134 1 
0.0712349 -0.0512309 0.996133 0 -0.115852 -0.992336 -0.0427508 0 0.990709 -0.112361 -0.0766256 0 0.35643 -0.0236735 0.785136 1 
0.0712325 -0.0512409 0.996133 0 -0.115857 -0.992335 -0.0427607 0 0.990708 -0.112366 -0.0766247 0 0.356429 -0.0236797 0.785136 1 
0.0712391 -0.0512463 0.996132 0 -0.115861 -0.992335 -0.042765 0 0.990707 -0.112369 -0.076632 0 0.356432 -0.0236833 0.785133 1 
0.0712404 -0.0512493 0.996132 0 -0.11586 -0.992335 -0.0427679 0 0.990707 -0.112367 -0.0766336 0 0.356431 -0.0236843 0.785132 1 
0.0712409 -0.0512589 0.996132 0 -0.115861 -0.992334 -0.0427774 0 0.990707 -0.112367 -0.0766352 0 0.356431 -0.0236877 0.785132 1 
0.0712371 -0.0512668 0.996131 0 -0.11587 -0.992333 -0.042785 0 0.990706 -0.112376 -0.0766326 0 0.356429 -0.0236951 0.785133 1 
0.0712345 -0.0512659 0.996132 0 -0.115871 -0.992333 -0.0427843 0 0.990706 -0.112377 -0.07663 0 0.356429 -0.0236958 0.785134 1 
0.0712313 -0.0512681 0.996132 0 -0.115872 -0.992332 -0.0427868 0 0.990707 -0.112378 -0.0766271 0 0.356427 -0.0236987 0.785136 1 
0.0712346 -0.0512824 0.996131 0 -0.115877 -0.992331 -0.0428003 0 0.990706 -0.112381 -0.0766322 0 0.356429 -0.0237034 0.785134 1 
0.0712343 -0.0512839 0.996131 0 -0.115877 -0.992331 -0.0428019 0 0.990706 -0.112382 -0.0766322 0 0.356429 -0.0237042 0.785134 1 
0.0712312 -0.0512922 0.996131 0 -0.115883 -0.99233 -0.04281 0 0.990705 -0.112387 -0.0766302 0 0.356428 -0.0237098 0.785135 1 
0.0712346 -0.0512908 0.99613 0 -0.11589 -0.992329 -0.0428077 0 0.990704 -0.112394 -0.0766338 0 0.356428 -0.0237136 0.785133 1 
0.0712285 -0.0512986 0.99613 0 -0.115889 -0.992329 -0.0428161 0 0.990705 -0.112393 -0.0766285 0 0.356426 -0.0237161 0.785135 1 
0.0712259 -0.0512963 0.996131 0 -0.115893 -0.992329 -0.0428139 0 0.990704 -0.112397 -0.0766258 0 0.356425 -0.0237179 0.785136 1 
0.0712309 -0.0513037 0.99613 0 -0.115897 -0.992328 -0.0428204 0 0.990704 -0.1124 -0.0766318 0 0.356427 -0.0237193 0.785134 1 
0.0712351 -0.0513029 0.99613 0 -0.115902 -0.992328 -0.0428187 0 0.990703 -0.112406 -0.0766362 0 0.356429 -0.0237235 0.785133 1 
0.0712339 -0.0513112 0.996129 0 -0.115908 -0.992327 -0.0428267 0 0.990702 -0.112411 -0.0766362 0 0.356428 -0.0237271 0.785133 1 
0.0712319 -0.0513079 0.99613 0 -0.115906 -0.992327 -0.0428238 0 0.990702 -0.112409 -0.0766337 0 0.356427 -0.0237254 0.785133 1 
0.0712356 -0.051316 0.996129 0 -0.115912 -0.992326 -0.0428309 0 0.990701 -0.112415 -0.0766386 0 0.356429 -0.0237297 0.785131 1 
0.0712383 -0.0513134 0.996129 0 -0.115917 -0.992325 -0.0428277 0 0.990701 -0.11242 -0.0766412 0 0.356429 -0.0237324 0.78513 1 
0.0712388 -0.051316 0.996129 0 -0.11592 -0.992325 -0.0428299 0 0.9907 -0.112422 -0.076642 0 0.35643 -0.023735 0.78513 1 
0.0712412 -0.0513227 0.996128 0 -0.115922 -0.992324 -0.0428362 0 0.9907 -0.112424 -0.0766453 0 0.35643 -0.0237365 0.785128 1 
0.0712435 -0.0513251 0.996128 0 -0.115923 -0.992324 -0.0428382 0 0.9907 -0.112425 -0.0766479 0 0.356431 -0.0237378 0.785127 1 
0.0712382 -0.0513241 0.996128 0 -0.115927 -0.992324 -0.0428375 0 0.9907 -0.112429 -0.0766427 0 0.356429 -0.0237385 0.78513 1 
0.0712415 -0.0513327 0.996128 0 -0.115928 -0.992323 -0.0428457 0 0.990699 -0.112429 -0.076647 0 0.35643 -0.0237424 0.785127 1 
0.0712399 -0.0513297 0.996128 0 -0.115935 -0.992323 -0.0428424 0 0.990699 -0.112436 -0.0766453 0 0.356429 -0.0237452 0.785128 1 
0.0712385 -0.0513337 0.996128 0 -0.115931 -0.992323 -0.0428467 0 0.990699 -0.112432 -0.0766443 0 0.35643 -0.0237451 0.785129 1 
0.0712403 -0.0513346 0.996128 0 -0.115934 -0.992323 -0.0428472 0 0.990699 -0.112435 -0.0766462 0 0.35643 -0.0237456 0.785128 1 
0.0712316 -0.0513446 0.996128 0 -0.115935 -0.992322 -0.0428581 0 0.990699 -0.112436 -0.0766388 0 0.356426 -0.0237483 0.78513 1 
0.0712471 -0.0513367 0.996127 0 -0.115934 -0.992323 -0.0428486 0 0.990698 -0.112434 -0.0766532 0 0.356432 -0.0237467 0.785125 1 
0.0712371 -0.0513439 0.996127 0 -0.115937 -0.992322 -0.0428566 0 0.990698 -0.112438 -0.0766443 0 0.356429 -0.0237506 0.785129 1 
0.0712372 -0.0513494 0.996127 0 -0.11594 -0.992321 -0.0428619 0 0.990698 -0.112439 -0.0766451 0 0.356428 -0.023753 0.785128 1 
0.0712405 -0.0513566 0.996127 0 -0.115945 -0.99232 -0.0428682 0 0.990697 -0.112444 -0.0766495 0 0.35643 -0.0237563 0.785127 1 
0.0712394 -0.0513582 0.996127 0 -0.115943 -0.992321 -0.0428702 0 0.990698 -0.112442 -0.0766484 0 0.356429 -0.0237563 0.785127 1 
0.0712413 -0.0513483 0.996127 0 -0.115943 -0.992321 -0.0428601 0 0.990697 -0.112443 -0.0766492 0 0.356429 -0.0237564 0.785127 1 
0.0712358 -0.051363 0.996127 0 -0.115946 -0.99232 -0.0428751 0 0.990698 -0.112445 -0.0766455 0 0.356428 -0.0237607 0.785129 1 
0.0712416 -0.0513613 0.996126 0 -0.115946 -0.99232 -0.0428728 0 0.990697 -0.112444 -0.0766511 0 0.35643 -0.0237593 0.785126 1 
0.0712377 -0.0513644 0.996126 0 -0.115943 -0.99232 -0.0428765 0 0.990698 -0.112441 -0.0766475 0 0.356429 -0.0237591 0.785128 1 
0.0712386 -0.0513652 0.996126 0 -0.115946 -0.99232 -0.042877 0 0.990697 -0.112444 -0.0766486 0 0.356429 -0.0237612 0.785127 1 
0.071243 -0.0513683 0.996126 0 -0.11595 -0.992319 -0.0428793 0 0.990697 -0.112448 -0.0766534 0 0.35643 -0.0237658 0.785125 1 
0.0712419 -0.0513699 0.996126 0 -0.115952 -0.992319 -0.0428809 0 0.990696 -0.11245 -0.0766526 0 0.35643 -0.0237657 0.785126 1 
0.0712413 -0.0513699 0.996126 0 -0.115947 -0.99232 -0.0428812 0 0.990697 -0.112445 -0.0766518 0 0.35643 -0.0237642 0.785126 1 
0.0712458 -0.0513749 0.996125 0 -0.115952 -0.992319 -0.0428853 0 0.990696 -0.11245 -0.076657 0 0.356432 -0.0237672 0.785124 1 
0.0712438 -0.0513827 0.996125 0 -0.115955 -0.992318 -0.0428931 0 0.990696 -0.112452 -0.0766561 0 0.356431 -0.0237716 0.785125 1 
0.0712445 -0.051379 0.996125 0 -0.115949 -0.992319 -0.0428898 0 0.990697 -0.112446 -0.0766561 0 0.356432 -0.0237687 0.785125 1 
0.0712459 -0.0513785 0.996125 0 -0.115957 -0.992318 -0.0428885 0 0.990695 -0.112455 -0.0766577 0 0.356431 -0.0237714 0.785124 1 
0.0712459 -0.0513845 0.996125 0 -0.115956 -0.992318 -0.0428946 0 0.990696 -0.112453 -0.0766584 0 0.356432 -0.0237726 0.785124 1 
0.071241 -0.0513875 0.996125 0 -0.115957 -0.992318 -0.042898 0 0.990696 -0.112454 -0.0766539 0 0.356429 -0.0237757 0.785126 1 
0.0712426 -0.0513912 0.996125 0 -0.115957 -0.992318 -0.0429016 0 0.990696 -0.112454 -0.0766559 0 0.35643 -0.0237752 0.785125 1 
0.0712485 -0.0513863 0.996124 0 -0.115956 -0.992318 -0.0428961 0 0.990695 -0.112452 -0.0766612 0 0.356432 -0.0237748 0.785122 1 
0.0712465 -0.0513959 0.996124 0 -0.115961 -0.992317 -0.0429054 0 0.990695 -0.112457 -0.0766606 0 0.356432 -0.0237787 0.785123 1 
0.0712444 -0.0513987 0.996124 0 -0.115964 -0.992316 -0.0429083 0 0.990695 -0.11246 -0.0766589 0 0.356431 -0.0237811 0.785124 1 
0.0712413 -0.0514031 0.996124 0 -0.115967 -0.992316 -0.0429128 0 0.990695 -0.112462 -0.0766564 0 0.35643 -0.023784 0.785125 1 
0.0712408 -0.0514091 0.996124 0 -0.115969 -0.992315 -0.0429187 0 0.990695 -0.112464 -0.0766567 0 0.35643 -0.0237873 0.785125 1 
0.0712462 -0.0514074 0.996123 0 -0.115968 -0.992316 -0.0429164 0 0.990694 -0.112463 -0.0766618 0 0.356431 -0.0237871 0.785123 1 
0.0712399 -0.0514104 0.996124 0 -0.115971 -0.992315 -0.0429199 0 0.990694 -0.112466 -0.076656 0 0.356429 -0.0237895 0.785125 1 
0.0712416 -0.0514211 0.996123 0 -0.115972 -0.992315 -0.0429303 0 0.990694 -0.112466 -0.076659 0 0.356429 -0.0237921 0.785124 1 
0.0712415 -0.0514185 0.996123 0 -0.115974 -0.992314 -0.0429276 0 0.990694 -0.112469 -0.0766587 0 0.35643 -0.0237945 0.785124 1 
0.0712419 -0.0514255 0.996123 0 -0.115978 -0.992314 -0.0429342 0 0.990693 -0.112472 -0.07666 0 0.35643 -0.0237982 0.785124 1 
0.0712358 -0.0514305 0.996123 0 -0.115983 -0.992313 -0.0429395 0 0.990693 -0.112477 -0.0766548 0 0.356428 -0.0238017 0.785126 1 
0.071236 -0.0514355 0.996123 0 -0.115988 -0.992312 -0.0429441 0 0.990693 -0.112481 -0.0766557 0 0.356427 -0.023806 0.785126 1 
0.0712425 -0.051435 0.996122 0 -0.115989 -0.992312 -0.0429427 0 0.990692 -0.112482 -0.0766622 0 0.356429 -0.0238079 0.785123 1 
0.0712342 -0.0514411 0.996123 0 -0.11599 -0.992312 -0.0429497 0 0.990692 -0.112483 -0.0766547 0 0.356427 -0.0238099 0.785127 1 
0.0712346 -0.0514532 0.996122 0 -0.115992 -0.992311 -0.0429615 0 0.990692 -0.112484 -0.0766566 0 0.356427 -0.0238132 0.785126 1 
0.0712357 -0.0514539 0.996122 0 -0.115994 -0.992311 -0.042962 0 0.990692 -0.112486 -0.0766577 0 0.356428 -0.0238137 0.785126 1 
0.0712381 -0.0514562 0.996122 0 -0.115993 -0.992311 -0.042964 0 0.990692 -0.112485 -0.0766603 0 0.356428 -0.0238157 0.785125 1 
0.0712313 -0.0514594 0.996122 0 -0.115999 -0.99231 -0.0429676 0 0.990692 -0.112491 -0.0766543 0 0.356426 -0.0238189 0.785128 1 
0.0712326 -0.0514628 0.996122 0 -0.116 -0.99231 -0.0429707 0 0.990691 -0.112491 -0.076656 0 0.356427 -0.0238191 0.785127 1 
0.071225 -0.0514617 0.996122 0 -0.115999 -0.99231 -0.0429706 0 0.990692 -0.112491 -0.0766483 0 0.356424 -0.0238199 0.78513 1 
0.0712283 -0.0514602 0.996122 0 -0.116006 -0.992309 -0.0429682 0 0.990691 -0.112497 -0.0766516 0 0.356424 -0.0238224 0.785128 1 
0.071227 -0.0514622 0.996122 0 -0.116005 -0.992309 -0.0429703 0 0.990691 -0.112497 -0.0766506 0 0.356424 -0.0238229 0.785129 1 
0.0712235 -0.0514706 0.996122 0 -0.116008 -0.992308 -0.0429789 0 0.990691 -0.1125 -0.0766482 0 0.356423 -0.0238255 0.78513 1 
0.0712186 -0.0514627 0.996123 0 -0.116008 -0.992309 -0.0429716 0 0.990692 -0.1125 -0.0766424 0 0.356421 -0.0238241 0.785132 1 
0.0712129 -0.0514618 0.996123 0 -0.116007 -0.992309 -0.0429714 0 0.990692 -0.112499 -0.0766366 0 0.356419 -0.023823 0.785135 1 
0.0712159 -0.0514654 0.996123 0 -0.116006 -0.992309 -0.0429747 0 0.990692 -0.112498 -0.0766399 0 0.35642 -0.0238259 0.785134 1 
0.0712183 -0.0514718 0.996122 0 -0.11601 -0.992308 -0.0429804 0 0.990691 -0.112502 -0.0766432 0 0.356422 -0.0238279 0.785133 1 
0.0712156 -0.051465 0.996123 0 -0.116006 -0.992309 -0.0429743 0 0.990692 -0.112498 -0.0766395 0 0.356421 -0.0238256 0.785135 1 
0.0712157 -0.0514695 0.996122 0 -0.116011 -0.992308 -0.0429785 0 0.990691 -0.112503 -0.0766404 0 0.356421 -0.0238279 0.785134 1 
0.0712098 -0.0514693 0.996123 0 -0.116007 -0.992308 -0.0429792 0 0.990692 -0.112498 -0.0766344 0 0.356419 -0.0238263 0.785136 1 
0.0712108 -0.0514721 0.996123 0 -0.116007 -0.992308 -0.0429819 0 0.990692 -0.112498 -0.0766356 0 0.35642 -0.0238277 0.785137 1 
0.0712123 -0.0514708 0.996123 0 -0.116008 -0.992308 -0.0429803 0 0.990692 -0.1125 -0.0766371 0 0.356419 -0.0238276 0.785136 1 
0.0712153 -0.0514733 0.996122 0 -0.116005 -0.992308 -0.0429827 0 0.990692 -0.112497 -0.0766402 0 0.356421 -0.0238262 0.785134 1 
0.0712087 -0.0514695 0.996123 0 -0.11601 -0.992308 -0.0429793 0 0.990692 -0.112502 -0.0766335 0 0.356418 -0.023828 0.785137 1 
0.0712054 -0.0514692 0.996123 0 -0.116006 -0.992308 -0.0429797 0 0.990693 -0.112498 -0.0766299 0 0.356418 -0.023828 0.785139 1 
0.0712054 -0.0514694 0.996123 0 -0.116008 -0.992308 -0.0429797 0 0.990692 -0.1125 -0.07663 0 0.356417 -0.0238282 0.785139 1 
0.0712086 -0.051472 0.996123 0 -0.116004 -0.992309 -0.0429823 0 0.990693 -0.112496 -0.0766333 0 0.356418 -0.0238267 0.785138 1 
0.0712075 -0.0514793 0.996123 0 -0.116008 -0.992308 -0.0429894 0 0.990692 -0.112499 -0.0766332 0 0.356418 -0.0238282 0.785137 1 
0.0711989 -0.0514783 0.996123 0 -0.11601 -0.992308 -0.0429892 0 0.990693 -0.112502 -0.0766246 0 0.356415 -0.0238311 0.785141 1 
0.0712 -0.0514738 0.996123 0 -0.116008 -0.992308 -0.0429847 0 0.990693 -0.1125 -0.0766252 0 0.356415 -0.0238298 0.785141 1 
0.0712005 -0.0514743 0.996123 0 -0.116004 -0.992308 -0.0429854 0 0.990693 -0.112496 -0.0766256 0 0.356415 -0.0238291 0.785141 1 
0.0711952 -0.0514792 0.996123 0 -0.116008 -0.992308 -0.0429907 0 0.990693 -0.1125 -0.076621 0 0.356413 -0.0238299 0.785142 1 
0.0711928 -0.0514757 0.996124 0 -0.116006 -0.992308 -0.0429876 0 0.990694 -0.112498 -0.0766182 0 0.356412 -0.0238287 0.785144 1 
0.0711931 -0.051474 0.996124 0 -0.116006 -0.992308 -0.0429858 0 0.990694 -0.112498 -0.0766182 0 0.356413 -0.0238292 0.785144 1 
0.0711936 -0.0514697 0.996124 0 -0.11601 -0.992308 -0.0429812 0 0.990693 -0.112502 -0.0766185 0 0.356412 -0.0238304 0.785143 1 
0.0711886 -0.0514701 0.996124 0 -0.116008 -0.992308 -0.0429824 0 0.990694 -0.112501 -0.0766134 0 0.356411 -0.0238308 0.785145 1 
0.0711895 -0.0514755 0.996124 0 -0.116008 -0.992308 -0.0429876 0 0.990694 -0.1125 -0.0766149 0 0.356411 -0.0238296 0.785145 1 
0.0711951 -0.0514832 0.996123 0 -0.116009 -0.992307 -0.0429946 0 0.990693 -0.1125 -0.0766215 0 0.356413 -0.023832 0.785142 1 
0.0711925 -0.0514788 0.996124 0 -0.116009 -0.992308 -0.0429905 0 0.990693 -0.112501 -0.0766183 0 0.356412 -0.023832 0.785143 1 
0.0711905 -0.0514758 0.996124 0 -0.116006 -0.992308 -0.0429879 0 0.990694 -0.112498 -0.0766159 0 0.356411 -0.0238306 0.785145 1 
0.071188 -0.0514821 0.996124 0 -0.116009 -0.992307 -0.0429943 0 0.990694 -0.112501 -0.0766143 0 0.35641 -0.023832 0.785145 1 
0.0711895 -0.0514811 0.996124 0 -0.116012 -0.992307 -0.0429929 0 0.990693 -0.112504 -0.0766158 0 0.356411 -0.023834 0.785144 1 
0.0711897 -0.0514866 0.996123 0 -0.116009 -0.992307 -0.0429986 0 0.990693 -0.112501 -0.0766165 0 0.356411 -0.0238339 0.785144 1 
0.0711888 -0.0514827 0.996124 0 -0.116012 -0.992307 -0.0429946 0 0.990693 -0.112504 -0.0766153 0 0.35641 -0.0238344 0.785145 1 
0.0711867 -0.0514808 0.996124 0 -0.116013 -0.992307 -0.0429928 0 0.990693 -0.112505 -0.076613 0 0.356409 -0.0238354 0.785146 1 
0.0711888 -0.0514835 0.996124 0 -0.116013 -0.992307 -0.0429953 0 0.990693 -0.112505 -0.0766153 0 0.35641 -0.0238356 0.785145 1 
0.0711905 -0.0514902 0.996123 0 -0.116014 -0.992307 -0.0430016 0 0.990693 -0.112505 -0.0766178 0 0.35641 -0.0238373 0.785143 1 
0.0711912 -0.0514875 0.996123 0 -0.116017 -0.992306 -0.0429988 0 0.990692 -0.112508 -0.0766183 0 0.356411 -0.0238376 0.785143 1 
0.0711896 -0.0514933 0.996123 0 -0.11602 -0.992306 -0.0430043 0 0.990692 -0.112511 -0.0766176 0 0.356411 -0.0238403 0.785143 1 
0.0711869 -0.0514863 0.996124 0 -0.116019 -0.992306 -0.0429978 0 0.990693 -0.11251 -0.076614 0 0.356409 -0.0238392 0.785144 1 
0.0711846 -0.0514933 0.996123 0 -0.116021 -0.992306 -0.0430049 0 0.990693 -0.112512 -0.0766126 0 0.356408 -0.0238415 0.785145 1 
0.0711917 -0.0514921 0.996123 0 -0.11602 -0.992306 -0.043003 0 0.990692 -0.11251 -0.0766196 0 0.356411 -0.0238415 0.785142 1 
0.071189 -0.0514917 0.996123 0 -0.116022 -0.992306 -0.0430027 0 0.990692 -0.112513 -0.0766169 0 0.356409 -0.0238429 0.785144 1 
0.0711916 -0.0514876 0.996123 0 -0.116021 -0.992306 -0.0429984 0 0.990692 -0.112512 -0.076619 0 0.35641 -0.0238413 0.785142 1 
0.0711937 -0.05149 0.996123 0 -0.116019 -0.992306 -0.0430008 0 0.990692 -0.11251 -0.0766212 0 0.35641 -0.0238411 0.785141 1 
0.071193 -0.0515038 0.996122 0 -0.116028 -0.992304 -0.0430138 0 0.990691 -0.112518 -0.0766225 0 0.356411 -0.0238471 0.785141 1 
0.0711954 -0.051496 0.996123 0 -0.116023 -0.992305 -0.0430062 0 0.990691 -0.112513 -0.0766237 0 0.356412 -0.0238444 0.78514 1 
0.0711948 -0.051498 0.996122 0 -0.116026 -0.992305 -0.043008 0 0.990691 -0.112517 -0.0766236 0 0.356411 -0.0238458 0.78514 1 
0.0711936 -0.0514965 0.996123 0 -0.116027 -0.992305 -0.0430066 0 0.990691 -0.112518 -0.0766222 0 0.35641 -0.0238456 0.785141 1 
0.0711943 -0.0514922 0.996123 0 -0.116023 -0.992305 -0.0430025 0 0.990691 -0.112514 -0.0766222 0 0.356411 -0.0238436 0.785142 1 
0.0711972 -0.0514939 0.996123 0 -0.116023 -0.992305 -0.0430039 0 0.990691 -0.112513 -0.0766253 0 0.356412 -0.0238446 0.785139 1 
0.0711965 -0.0514949 0.996123 0 -0.116021 -0.992306 -0.0430051 0 0.990692 -0.112512 -0.0766247 0 0.356411 -0.0238438 0.78514 1 
0.0711978 -0.0515023 0.996122 0 -0.116024 -0.992305 -0.0430121 0 0.990691 -0.112514 -0.076627 0 0.356412 -0.0238456 0.785138 1 
0.0712036 -0.0515052 0.996121 0 -0.116026 -0.992305 -0.0430142 0 0.99069 -0.112516 -0.0766331 0 0.356414 -0.0238468 0.785136 1 
0.071207 -0.0514988 0.996122 0 -0.116023 -0.992305 -0.0430077 0 0.990691 -0.112513 -0.0766356 0 0.356415 -0.0238441 0.785135 1 
0.0712017 -0.0514996 0.996122 0 -0.116023 -0.992305 -0.0430091 0 0.990691 -0.112513 -0.0766304 0 0.356414 -0.0238451 0.785137 1 
0.0712103 -0.0514988 0.996121 0 -0.116023 -0.992305 -0.0430073 0 0.99069 -0.112513 -0.0766389 0 0.356416 -0.0238459 0.785134 1 
