0.00483591 0.00108368 0.999978 0 0.000817145 -0.999989 0.00107974 0 0.999988 0.000811921 -0.00483684 0 0.430599 0.000221818 0.782827 1 
0.00465635 -0.0200143 0.999779 0 -0.0152223 -0.999676 -0.0199414 0 0.999873 -0.0151264 -0.0049596 0 0.430418 -0.0163118 0.782669 1 
0.00465595 -0.0200156 0.999779 0 -0.015217 -0.999676 -0.0199427 0 0.999873 -0.0151211 -0.00495911 0 0.430418 -0.0163096 0.782669 1 
0.0046629 -0.0200133 0.999779 0 -0.0152214 -0.999676 -0.0199402 0 0.999873 -0.0151253 -0.00496611 0 0.43042 -0.0163127 0.782666 1 
0.00465563 -0.0200179 0.999779 0 -0.0152253 -0.999676 -0.0199449 0 0.999873 -0.0151294 -0.00495899 0 0.430418 -0.0163147 0.78267 1 
0.00466289 -0.0200128 0.999779 0 -0.0152217 -0.999676 -0.0199397 0 0.999873 -0.0151257 -0.0049661 0 0.43042 -0.0163121 0.782666 1 
0.00465852 -0.0200156 0.999779 0 -0.0152204 -0.999676 -0.0199426 0 0.999873 -0.0151245 -0.00496175 0 0.430419 -0.0163112 0.782669 1 
0.00466407 -0.0200135 0.999779 0 -0.0152235 -0.999676 -0.0199404 0 0.999873 -0.0151275 -0.00496733 0 0.43042 -0.0163127 0.782665 1 
0.00466301 -0.0200088 0.999779 0 -0.0152192 -0.999676 -0.0199357 0 0.999873 -0.0151232 -0.00496611 0 0.43042 -0.0163099 0.782666 1 
0.00466672 -0.0200176 0.999779 0 -0.0152216 -0.999676 -0.0199445 0 0.999873 -0.0151255 -0.00497 0 0.430421 -0.0163121 0.782664 1 
0.00466682 -0.0200162 0.999779 0 -0.0152199 -0.999676 -0.0199431 0 0.999873 -0.0151238 -0.00497005 0 0.43042 -0.0163113 0.782664 1 
0.0046619 -0.0200109 0.999779 0 -0.0152223 -0.999676 -0.0199379 0 0.999873 -0.0151263 -0.0049651 0 0.43042 -0.0163117 0.782667 1 
0.00466593 -0.0200113 0.999779 0 -0.0152154 -0.999676 -0.0199382 0 0.999873 -0.0151193 -0.00496899 0 0.430421 -0.0163088 0.782665 1 
0.00466687 -0.0200148 0.999779 0 -0.0152182 -0.999676 -0.0199417 0 0.999873 -0.0151221 -0.00497004 0 0.43042 -0.0163106 0.782664 1 
0.0046716 -0.0200145 0.999779 0 -0.0152193 -0.999676 -0.0199413 0 0.999873 -0.0151231 -0.00497479 0 0.430423 -0.0163099 0.782662 1 
0.00467169 -0.0200131 0.999779 0 -0.0152159 -0.999676 -0.01994 0 0.999873 -0.0151197 -0.00497479 0 0.430422 -0.0163085 0.782662 1 
0.00467195 -0.0200117 0.999779 0 -0.0152131 -0.999676 -0.0199386 0 0.999873 -0.0151168 -0.00497497 0 0.430422 -0.0163069 0.782662 1 
0.00467192 -0.0200082 0.999779 0 -0.0152159 -0.999676 -0.0199351 0 0.999873 -0.0151197 -0.00497495 0 0.430422 -0.0163083 0.782662 1 
0.00467791 -0.0200138 0.999779 0 -0.0152177 -0.999676 -0.0199406 0 0.999873 -0.0151213 -0.00498106 0 0.430424 -0.0163091 0.782659 1 
0.00467055 -0.0200156 0.999779 0 -0.0152188 -0.999676 -0.0199425 0 0.999873 -0.0151225 -0.00497375 0 0.430422 -0.0163103 0.782663 1 
0.00468081 -0.0200121 0.999779 0 -0.0152148 -0.999676 -0.0199388 0 0.999873 -0.0151184 -0.00498387 0 0.430425 -0.0163073 0.782658 1 
0.00468038 -0.0200089 0.999779 0 -0.0152176 -0.999676 -0.0199356 0 0.999873 -0.0151213 -0.00498345 0 0.430425 -0.0163091 0.782658 1 
0.00468021 -0.0200108 0.999779 0 -0.0152156 -0.999676 -0.0199375 0 0.999873 -0.0151192 -0.00498326 0 0.430424 -0.0163067 0.782658 1 
0.00467961 -0.020014 0.999779 0 -0.0152148 -0.999676 -0.0199407 0 0.999873 -0.0151184 -0.00498269 0 0.430425 -0.0163075 0.782659 1 
0.00468019 -0.0200113 0.999779 0 -0.0152134 -0.999676 -0.0199381 0 0.999873 -0.015117 -0.00498321 0 0.430424 -0.0163061 0.782658 1 
0.00468235 -0.0200089 0.999779 0 -0.015216 -0.999676 -0.0199356 0 0.999873 -0.0151196 -0.00498538 0 0.430425 -0.0163083 0.782657 1 
0.00468815 -0.0200082 0.999779 0 -0.0152095 -0.999676 -0.0199348 0 0.999873 -0.0151129 -0.00499104 0 0.430427 -0.0163034 0.782654 1 
0.00468417 -0.020011 0.999779 0 -0.0152123 -0.999676 -0.0199376 0 0.999873 -0.0151158 -0.00498716 0 0.430426 -0.016305 0.782656 1 
0.00468231 -0.0200092 0.999779 0 -0.0152099 -0.999676 -0.0199359 0 0.999873 -0.0151135 -0.00498523 0 0.430426 -0.0163031 0.782657 1 
0.00469013 -0.0200026 0.999779 0 -0.0152096 -0.999676 -0.0199292 0 0.999873 -0.0151131 -0.00499294 0 0.430428 -0.0163025 0.782654 1 
0.00469149 -0.0200055 0.999779 0 -0.0152106 -0.999676 -0.0199321 0 0.999873 -0.0151141 -0.00499436 0 0.430428 -0.0163036 0.782653 1 
0.00469001 -0.0200074 0.999779 0 -0.0152109 -0.999676 -0.019934 0 0.999873 -0.0151144 -0.00499292 0 0.430427 -0.0163038 0.782653 1 
0.00469343 -0.0200077 0.999779 0 -0.0152083 -0.999676 -0.0199342 0 0.999873 -0.0151117 -0.00499629 0 0.430429 -0.0163022 0.782652 1 
0.00469229 -0.0200045 0.999779 0 -0.0152037 -0.999676 -0.0199311 0 0.999873 -0.0151072 -0.00499501 0 0.430428 -0.0162991 0.782653 1 
0.00469211 -0.0199988 0.999779 0 -0.0152058 -0.999676 -0.0199254 0 0.999873 -0.0151092 -0.00499478 0 0.430429 -0.0162999 0.782653 1 
0.00469514 -0.0200039 0.999779 0 -0.0152058 -0.999676 -0.0199304 0 0.999873 -0.0151091 -0.00499789 0 0.430429 -0.0162999 0.782651 1 
0.00469276 -0.0200026 0.999779 0 -0.0152088 -0.999676 -0.0199291 0 0.999873 -0.0151122 -0.00499555 0 0.430428 -0.0163017 0.782652 1 
0.00469296 -0.0200054 0.999779 0 -0.0152088 -0.999676 -0.019932 0 0.999873 -0.0151122 -0.00499579 0 0.430428 -0.0163017 0.782653 1 
0.00469093 -0.0200029 0.999779 0 -0.0152116 -0.999676 -0.0199294 0 0.999873 -0.015115 -0.00499378 0 0.430427 -0.0163036 0.782654 1 
0.00469228 -0.0200002 0.999779 0 -0.0152052 -0.999676 -0.0199268 0 0.999873 -0.0151086 -0.00499496 0 0.430428 -0.0163003 0.782653 1 
0.00469225 -0.0199995 0.999779 0 -0.0152058 -0.999676 -0.0199261 0 0.999873 -0.0151092 -0.00499493 0 0.430429 -0.0162999 0.782653 1 
0.0046952 -0.0200034 0.999779 0 -0.0152046 -0.999676 -0.0199299 0 0.999873 -0.015108 -0.00499792 0 0.43043 -0.0162988 0.782652 1 
0.00469358 -0.0200033 0.999779 0 -0.0152005 -0.999676 -0.0199299 0 0.999873 -0.0151039 -0.00499622 0 0.430429 -0.0162973 0.782652 1 
0.00469618 -0.0200001 0.999779 0 -0.0152051 -0.999676 -0.0199267 0 0.999873 -0.0151084 -0.00499886 0 0.43043 -0.0162997 0.782651 1 
0.00469882 -0.0200009 0.999779 0 -0.0152072 -0.999676 -0.0199274 0 0.999873 -0.0151105 -0.00500155 0 0.430431 -0.016301 0.78265 1 
0.00469445 -0.0200046 0.999779 0 -0.0152033 -0.999676 -0.0199312 0 0.999873 -0.0151067 -0.00499716 0 0.43043 -0.0162985 0.782652 1 
0.00469597 -0.0200013 0.999779 0 -0.0151996 -0.999676 -0.0199279 0 0.999873 -0.0151029 -0.00499856 0 0.430431 -0.0162965 0.782651 1 
0.00469789 -0.0199976 0.999779 0 -0.0152024 -0.999676 -0.0199241 0 0.999873 -0.0151057 -0.00500047 0 0.430431 -0.0162967 0.782651 1 
0.00469412 -0.019998 0.999779 0 -0.0151999 -0.999676 -0.0199246 0 0.999873 -0.0151033 -0.00499666 0 0.43043 -0.0162961 0.782652 1 
0.00469468 -0.0199952 0.999779 0 -0.0152015 -0.999676 -0.0199217 0 0.999873 -0.0151049 -0.00499722 0 0.43043 -0.0162967 0.782652 1 
0.00469373 -0.0200048 0.999779 0 -0.0152035 -0.999676 -0.0199314 0 0.999873 -0.0151069 -0.00499645 0 0.43043 -0.0162981 0.782652 1 
0.00469494 -0.0200001 0.999779 0 -0.0152035 -0.999676 -0.0199266 0 0.999873 -0.0151068 -0.00499758 0 0.43043 -0.0162978 0.782652 1 
0.00469722 -0.0199972 0.999779 0 -0.0152 -0.999676 -0.0199238 0 0.999873 -0.0151034 -0.00499976 0 0.430431 -0.0162955 0.782651 1 
0.00469142 -0.0199981 0.999779 0 -0.0152029 -0.999676 -0.0199247 0 0.999873 -0.0151063 -0.00499402 0 0.430428 -0.0162974 0.782653 1 
0.00469796 -0.0199967 0.999779 0 -0.0152022 -0.999676 -0.0199232 0 0.999873 -0.0151055 -0.00500053 0 0.430432 -0.0162965 0.78265 1 
0.00469769 -0.0200027 0.999779 0 -0.0152063 -0.999676 -0.0199292 0 0.999873 -0.0151096 -0.00500043 0 0.43043 -0.0162996 0.782652 1 
0.00469458 -0.0200012 0.999779 0 -0.0152011 -0.999676 -0.0199278 0 0.999873 -0.0151045 -0.0049972 0 0.430429 -0.0162966 0.782652 1 
0.0046982 -0.0199991 0.999779 0 -0.015207 -0.999676 -0.0199256 0 0.999873 -0.0151103 -0.0050009 0 0.43043 -0.0163 0.782651 1 
0.00470015 -0.0199973 0.999779 0 -0.015203 -0.999676 -0.0199238 0 0.999873 -0.0151063 -0.00500274 0 0.430432 -0.0162973 0.78265 1 
0.00469739 -0.0199995 0.999779 0 -0.0152022 -0.999676 -0.019926 0 0.999873 -0.0151055 -0.005 0 0.430431 -0.0162974 0.782651 1 
0.00469526 -0.0199958 0.999779 0 -0.0151997 -0.999676 -0.0199224 0 0.999873 -0.0151031 -0.00499776 0 0.43043 -0.016296 0.782653 1 
0.00469742 -0.0200006 0.999779 0 -0.0152027 -0.999676 -0.0199271 0 0.999873 -0.015106 -0.00500005 0 0.430431 -0.016298 0.782651 1 
0.00469191 -0.0200017 0.999779 0 -0.0152017 -0.999676 -0.0199283 0 0.999873 -0.0151052 -0.00499454 0 0.43043 -0.0162979 0.782653 1 
0.00469036 -0.0200016 0.999779 0 -0.0152051 -0.999676 -0.0199282 0 0.999873 -0.0151086 -0.00499306 0 0.430429 -0.0162996 0.782654 1 
0.00469212 -0.0200014 0.999779 0 -0.0152061 -0.999676 -0.019928 0 0.999873 -0.0151095 -0.00499484 0 0.430429 -0.0162993 0.782653 1 
0.00469022 -0.0199988 0.999779 0 -0.0152057 -0.999676 -0.0199254 0 0.999873 -0.0151092 -0.00499289 0 0.430428 -0.0162999 0.782654 1 
0.00469213 -0.0200028 0.999779 0 -0.0152071 -0.999676 -0.0199294 0 0.999873 -0.0151106 -0.00499489 0 0.430429 -0.0163013 0.782653 1 
0.00468542 -0.0200025 0.999779 0 -0.0152052 -0.999676 -0.0199292 0 0.999873 -0.0151088 -0.00498814 0 0.430428 -0.0163001 0.782656 1 
0.00469412 -0.0200031 0.999779 0 -0.0152075 -0.999676 -0.0199297 0 0.999873 -0.0151109 -0.00499689 0 0.43043 -0.0163006 0.782653 1 
0.00468581 -0.0199983 0.999779 0 -0.0152057 -0.999676 -0.0199249 0 0.999873 -0.0151093 -0.00498847 0 0.430427 -0.0162998 0.782656 1 
0.00468771 -0.0200083 0.999779 0 -0.0152084 -0.999676 -0.0199349 0 0.999873 -0.0151118 -0.00499058 0 0.430428 -0.0163024 0.782656 1 
0.00468248 -0.0200052 0.999779 0 -0.0152072 -0.999676 -0.0199319 0 0.999873 -0.0151108 -0.00498528 0 0.430427 -0.0163011 0.782658 1 
0.00468233 -0.0200081 0.999779 0 -0.015208 -0.999676 -0.0199348 0 0.999873 -0.0151116 -0.00498519 0 0.430427 -0.016302 0.782658 1 
0.00467934 -0.0200016 0.999779 0 -0.0152052 -0.999676 -0.0199284 0 0.999873 -0.0151089 -0.00498205 0 0.430426 -0.0162997 0.782659 1 
0.00467947 -0.0200046 0.999779 0 -0.0152087 -0.999676 -0.0199314 0 0.999873 -0.0151123 -0.00498229 0 0.430427 -0.016302 0.782659 1 
0.00467297 -0.0200106 0.999779 0 -0.0152084 -0.999676 -0.0199375 0 0.999873 -0.0151122 -0.00497588 0 0.430424 -0.0163036 0.782662 1 
0.00467077 -0.020008 0.999779 0 -0.0152122 -0.999676 -0.0199348 0 0.999873 -0.015116 -0.00497371 0 0.430424 -0.016304 0.782663 1 
0.00467342 -0.0200085 0.999779 0 -0.0152092 -0.999676 -0.0199354 0 0.999873 -0.015113 -0.00497632 0 0.430424 -0.0163026 0.782662 1 
0.00467136 -0.0200025 0.999779 0 -0.0152106 -0.999676 -0.0199294 0 0.999873 -0.0151144 -0.00497419 0 0.430425 -0.0163036 0.782663 1 
0.00467286 -0.0200095 0.999779 0 -0.0152089 -0.999676 -0.0199364 0 0.999873 -0.0151127 -0.00497576 0 0.430424 -0.0163031 0.782664 1 
0.00466642 -0.0200057 0.999779 0 -0.0152116 -0.999676 -0.0199326 0 0.999873 -0.0151155 -0.00496932 0 0.430423 -0.0163053 0.782665 1 
0.00466613 -0.0200083 0.999779 0 -0.0152094 -0.999676 -0.0199353 0 0.999873 -0.0151133 -0.00496902 0 0.430424 -0.0163033 0.782666 1 
0.00466847 -0.0200055 0.999779 0 -0.0152106 -0.999676 -0.0199324 0 0.999873 -0.0151145 -0.00497135 0 0.430424 -0.0163043 0.782664 1 
0.00467199 -0.020006 0.999779 0 -0.015214 -0.999676 -0.0199328 0 0.999873 -0.0151178 -0.00497494 0 0.430425 -0.016306 0.782663 1 
0.00466837 -0.0200075 0.999779 0 -0.0152135 -0.999676 -0.0199344 0 0.999873 -0.0151173 -0.00497134 0 0.430423 -0.0163062 0.782664 1 
0.00466157 -0.0200105 0.999779 0 -0.015214 -0.999676 -0.0199375 0 0.999873 -0.015118 -0.0049646 0 0.430422 -0.0163061 0.782668 1 
0.0046674 -0.0200083 0.999779 0 -0.0152134 -0.999676 -0.0199352 0 0.999873 -0.0151173 -0.00497037 0 0.430424 -0.0163059 0.782666 1 
0.00466043 -0.0200038 0.999779 0 -0.0152123 -0.999676 -0.0199309 0 0.999873 -0.0151163 -0.00496332 0 0.430422 -0.0163045 0.782669 1 
0.00465672 -0.0200062 0.999779 0 -0.0152115 -0.999676 -0.0199333 0 0.999873 -0.0151156 -0.00495963 0 0.430422 -0.0163054 0.78267 1 
0.00466161 -0.0200085 0.999779 0 -0.0152118 -0.999676 -0.0199355 0 0.999873 -0.0151158 -0.00496456 0 0.430423 -0.0163048 0.782668 1 
0.00465971 -0.0200093 0.999779 0 -0.0152132 -0.999676 -0.0199363 0 0.999873 -0.0151173 -0.0049627 0 0.430423 -0.016306 0.782669 1 
0.00465922 -0.0200055 0.999779 0 -0.0152142 -0.999676 -0.0199325 0 0.999873 -0.0151183 -0.00496217 0 0.430421 -0.0163069 0.78267 1 
0.00465683 -0.0200018 0.999779 0 -0.0152105 -0.999676 -0.0199289 0 0.999873 -0.0151147 -0.00495966 0 0.430421 -0.0163036 0.782671 1 
0.00465651 -0.0200085 0.999779 0 -0.01521 -0.999676 -0.0199356 0 0.999873 -0.0151141 -0.00495942 0 0.430421 -0.0163042 0.78267 1 
0.00465379 -0.0200117 0.999779 0 -0.0152155 -0.999676 -0.0199388 0 0.999873 -0.0151196 -0.00495686 0 0.430421 -0.0163067 0.782672 1 
0.00464968 -0.0200047 0.999779 0 -0.0152086 -0.999676 -0.0199319 0 0.999874 -0.0151129 -0.00495251 0 0.43042 -0.0163036 0.782674 1 
0.00465396 -0.0200044 0.999779 0 -0.0152094 -0.999676 -0.0199316 0 0.999873 -0.0151136 -0.0049568 0 0.430421 -0.0163034 0.782672 1 
0.00465236 -0.0200024 0.999779 0 -0.0152074 -0.999676 -0.0199295 0 0.999874 -0.0151116 -0.00495513 0 0.43042 -0.0163024 0.782672 1 
0.00465503 -0.0200078 0.999779 0 -0.0152123 -0.999676 -0.0199349 0 0.999873 -0.0151164 -0.00495798 0 0.430421 -0.0163051 0.782672 1 
0.00464939 -0.0200077 0.999779 0 -0.0152127 -0.999676 -0.0199349 0 0.999873 -0.015117 -0.00495235 0 0.430419 -0.0163052 0.782674 1 
0.0046504 -0.0200081 0.999779 0 -0.0152122 -0.999676 -0.0199353 0 0.999873 -0.0151165 -0.00495335 0 0.430419 -0.0163055 0.782674 1 
0.00465198 -0.0200036 0.999779 0 -0.0152063 -0.999676 -0.0199308 0 0.999874 -0.0151106 -0.00495475 0 0.430421 -0.0163018 0.782673 1 
0.00465125 -0.0200069 0.999779 0 -0.0152087 -0.999676 -0.0199341 0 0.999874 -0.0151129 -0.00495412 0 0.43042 -0.0163037 0.782673 1 
0.00464449 -0.0200061 0.999779 0 -0.015207 -0.999676 -0.0199334 0 0.999874 -0.0151114 -0.00494731 0 0.430418 -0.0163016 0.782677 1 
0.00465047 -0.0200063 0.999779 0 -0.0152022 -0.999676 -0.0199335 0 0.999874 -0.0151065 -0.0049532 0 0.430421 -0.0162998 0.782674 1 
0.00464618 -0.0200003 0.99978 0 -0.0152087 -0.999676 -0.0199276 0 0.999874 -0.015113 -0.00494895 0 0.430419 -0.0163025 0.782676 1 
0.00464733 -0.0200057 0.999779 0 -0.0152054 -0.999676 -0.019933 0 0.999874 -0.0151097 -0.00495011 0 0.43042 -0.0163016 0.782676 1 
0.00464695 -0.0200053 0.999779 0 -0.0152034 -0.999676 -0.0199325 0 0.999874 -0.0151077 -0.00494969 0 0.430419 -0.0162993 0.782675 1 
0.00464998 -0.0200034 0.999779 0 -0.0152077 -0.999676 -0.0199306 0 0.999874 -0.015112 -0.00495277 0 0.43042 -0.0163019 0.782674 1 
0.00465157 -0.0200001 0.99978 0 -0.0152001 -0.999676 -0.0199273 0 0.999874 -0.0151044 -0.00495417 0 0.430421 -0.0162977 0.782674 1 
0.00464946 -0.0200009 0.99978 0 -0.0151987 -0.999676 -0.0199282 0 0.999874 -0.0151029 -0.00495204 0 0.43042 -0.0162964 0.782675 1 
0.00465454 -0.020001 0.999779 0 -0.0151995 -0.999676 -0.0199282 0 0.999874 -0.0151037 -0.00495713 0 0.430421 -0.0162963 0.782672 1 
0.00464967 -0.019999 0.99978 0 -0.0151975 -0.999676 -0.0199263 0 0.999874 -0.0151018 -0.00495219 0 0.43042 -0.0162954 0.782674 1 
0.00465076 -0.0199981 0.99978 0 -0.0151938 -0.999676 -0.0199253 0 0.999874 -0.0150981 -0.00495319 0 0.430421 -0.0162934 0.782674 1 
0.00465322 -0.0199954 0.99978 0 -0.0151958 -0.999676 -0.0199226 0 0.999874 -0.0151 -0.00495565 0 0.430421 -0.016294 0.782672 1 
0.00465268 -0.0199958 0.99978 0 -0.0151932 -0.999676 -0.019923 0 0.999874 -0.0150975 -0.00495507 0 0.430421 -0.0162915 0.782673 1 
0.00465036 -0.0199958 0.99978 0 -0.0151901 -0.999676 -0.019923 0 0.999874 -0.0150943 -0.00495268 0 0.43042 -0.0162897 0.782674 1 
0.00464374 -0.0199939 0.99978 0 -0.0151934 -0.999676 -0.0199213 0 0.999874 -0.0150979 -0.00494611 0 0.430418 -0.0162917 0.782677 1 
0.00464985 -0.0199925 0.99978 0 -0.0151932 -0.999677 -0.0199197 0 0.999874 -0.0150975 -0.00495219 0 0.430419 -0.0162925 0.782674 1 
0.00465551 -0.0199919 0.99978 0 -0.0151958 -0.999676 -0.0199191 0 0.999874 -0.0151 -0.00495789 0 0.43042 -0.0162928 0.782672 1 
0.00465088 -0.0199898 0.99978 0 -0.0151895 -0.999677 -0.0199171 0 0.999874 -0.0150939 -0.00495311 0 0.43042 -0.016289 0.782674 1 
0.00465396 -0.0199931 0.99978 0 -0.0151914 -0.999677 -0.0199203 0 0.999874 -0.0150957 -0.00495627 0 0.430421 -0.0162899 0.782673 1 
0.00465222 -0.019989 0.99978 0 -0.0151929 -0.999677 -0.0199163 0 0.999874 -0.0150972 -0.0049545 0 0.430421 -0.016291 0.782674 1 
0.00465232 -0.0199846 0.99978 0 -0.0151857 -0.999677 -0.0199119 0 0.999874 -0.01509 -0.00495439 0 0.430421 -0.0162862 0.782674 1 
0.00465598 -0.0199869 0.99978 0 -0.0151842 -0.999677 -0.0199141 0 0.999874 -0.0150884 -0.00495806 0 0.430421 -0.0162849 0.782672 1 
0.00464896 -0.0199887 0.99978 0 -0.0151802 -0.999677 -0.0199161 0 0.999874 -0.0150845 -0.00495099 0 0.430419 -0.0162833 0.782675 1 
0.00465606 -0.0199854 0.99978 0 -0.01518 -0.999677 -0.0199127 0 0.999874 -0.0150843 -0.00495803 0 0.430421 -0.0162827 0.782672 1 
0.00465726 -0.0199837 0.99978 0 -0.0151816 -0.999677 -0.0199109 0 0.999874 -0.0150858 -0.00495923 0 0.430422 -0.016283 0.782672 1 
0.00465343 -0.0199769 0.99978 0 -0.0151798 -0.999677 -0.0199042 0 0.999874 -0.0150841 -0.00495526 0 0.430421 -0.0162805 0.782674 1 
0.00465194 -0.0199823 0.99978 0 -0.0151782 -0.999677 -0.0199096 0 0.999874 -0.0150825 -0.00495383 0 0.430421 -0.016281 0.782674 1 
0.00465286 -0.0199781 0.99978 0 -0.0151751 -0.999677 -0.0199054 0 0.999874 -0.0150795 -0.00495462 0 0.430421 -0.0162793 0.782674 1 
0.00465341 -0.0199833 0.99978 0 -0.0151768 -0.999677 -0.0199106 0 0.999874 -0.0150811 -0.00495528 0 0.430421 -0.0162799 0.782674 1 
0.00465181 -0.0199769 0.99978 0 -0.0151737 -0.999677 -0.0199043 0 0.999874 -0.0150781 -0.00495353 0 0.430421 -0.0162778 0.782675 1 
0.00465518 -0.0199769 0.99978 0 -0.0151751 -0.999677 -0.0199042 0 0.999874 -0.0150794 -0.00495693 0 0.430422 -0.0162789 0.782673 1 
0.00465032 -0.0199832 0.99978 0 -0.0151737 -0.999677 -0.0199106 0 0.999874 -0.015078 -0.00495213 0 0.43042 -0.016278 0.782675 1 
0.00465128 -0.0199784 0.99978 0 -0.0151705 -0.999677 -0.0199058 0 0.999874 -0.0150749 -0.00495296 0 0.430421 -0.0162761 0.782674 1 
0.00465302 -0.0199737 0.99978 0 -0.0151705 -0.999677 -0.019901 0 0.999874 -0.0150749 -0.00495463 0 0.430421 -0.0162757 0.782673 1 
0.00465093 -0.0199732 0.99978 0 -0.0151678 -0.999677 -0.0199006 0 0.999874 -0.0150722 -0.00495248 0 0.430421 -0.0162735 0.782675 1 
0.0046553 -0.0199727 0.99978 0 -0.0151657 -0.999677 -0.0199 0 0.999874 -0.01507 -0.0049568 0 0.430421 -0.0162723 0.782673 1 
0.00465622 -0.0199732 0.99978 0 -0.0151672 -0.999677 -0.0199006 0 0.999874 -0.0150715 -0.00495775 0 0.430422 -0.0162728 0.782672 1 
0.00465719 -0.0199748 0.99978 0 -0.0151684 -0.999677 -0.019902 0 0.999874 -0.0150726 -0.00495877 0 0.430423 -0.0162741 0.782672 1 
0.00465216 -0.0199765 0.99978 0 -0.0151649 -0.999677 -0.0199039 0 0.999874 -0.0150693 -0.0049537 0 0.430421 -0.0162721 0.782674 1 
0.00466118 -0.0199711 0.99978 0 -0.0151648 -0.999677 -0.0198984 0 0.999874 -0.015069 -0.00496263 0 0.430424 -0.0162716 0.78267 1 
0.00465523 -0.0199747 0.99978 0 -0.0151663 -0.999677 -0.019902 0 0.999874 -0.0150706 -0.00495677 0 0.430422 -0.0162715 0.782673 1 
0.00465377 -0.0199662 0.99978 0 -0.015159 -0.999678 -0.0198935 0 0.999874 -0.0150634 -0.00495503 0 0.430422 -0.0162681 0.782674 1 
0.00465466 -0.0199695 0.99978 0 -0.0151645 -0.999677 -0.0198969 0 0.999874 -0.0150689 -0.00495608 0 0.430421 -0.0162699 0.782673 1 
0.00465022 -0.0199733 0.99978 0 -0.0151672 -0.999677 -0.0199007 0 0.999874 -0.0150716 -0.00495175 0 0.430421 -0.0162724 0.782675 1 
0.00465698 -0.0199709 0.99978 0 -0.0151626 -0.999677 -0.0198983 0 0.999874 -0.0150669 -0.00495839 0 0.430422 -0.016269 0.782672 1 
0.00465955 -0.0199656 0.99978 0 -0.0151643 -0.999677 -0.0198929 0 0.999874 -0.0150686 -0.00496091 0 0.430423 -0.0162702 0.782671 1 
0.00465409 -0.0199706 0.99978 0 -0.0151633 -0.999677 -0.019898 0 0.999874 -0.0150676 -0.0049555 0 0.430422 -0.0162697 0.782674 1 
0.00465479 -0.0199731 0.99978 0 -0.015163 -0.999677 -0.0199005 0 0.999874 -0.0150674 -0.00495624 0 0.430422 -0.0162694 0.782673 1 
0.00465881 -0.0199728 0.99978 0 -0.0151638 -0.999677 -0.0199001 0 0.999874 -0.015068 -0.00496027 0 0.430423 -0.0162698 0.782671 1 
0.00465421 -0.0199705 0.99978 0 -0.0151604 -0.999677 -0.0198979 0 0.999874 -0.0150648 -0.00495556 0 0.430422 -0.0162692 0.782674 1 
0.00465916 -0.01997 0.99978 0 -0.0151648 -0.999677 -0.0198973 0 0.999874 -0.015069 -0.00496059 0 0.430424 -0.0162705 0.782672 1 
0.00465631 -0.0199709 0.99978 0 -0.015166 -0.999677 -0.0198982 0 0.999874 -0.0150703 -0.00495779 0 0.430422 -0.0162712 0.782672 1 
0.00465658 -0.0199736 0.99978 0 -0.015162 -0.999677 -0.0199009 0 0.999874 -0.0150662 -0.00495801 0 0.430423 -0.0162696 0.782673 1 
0.00465703 -0.0199682 0.99978 0 -0.0151639 -0.999677 -0.0198955 0 0.999874 -0.0150682 -0.00495842 0 0.430422 -0.0162702 0.782672 1 
0.00465693 -0.0199716 0.99978 0 -0.0151688 -0.999677 -0.0198988 0 0.999874 -0.0150731 -0.00495847 0 0.430422 -0.0162738 0.782672 1 
0.00465458 -0.0199715 0.99978 0 -0.0151646 -0.999677 -0.0198989 0 0.999874 -0.0150689 -0.00495603 0 0.430422 -0.0162707 0.782674 1 
0.00465599 -0.0199715 0.99978 0 -0.0151683 -0.999677 -0.0198988 0 0.999874 -0.0150726 -0.00495751 0 0.430422 -0.0162734 0.782673 1 
0.00465292 -0.0199719 0.99978 0 -0.0151655 -0.999677 -0.0198992 0 0.999874 -0.0150699 -0.0049544 0 0.430421 -0.0162718 0.782674 1 
0.00465529 -0.0199698 0.99978 0 -0.0151674 -0.999677 -0.0198971 0 0.999874 -0.0150717 -0.00495677 0 0.430422 -0.0162726 0.782673 1 
0.00465103 -0.0199703 0.99978 0 -0.0151643 -0.999677 -0.0198977 0 0.999874 -0.0150687 -0.00495246 0 0.430421 -0.0162717 0.782675 1 
0.00465596 -0.0199741 0.99978 0 -0.0151715 -0.999677 -0.0199014 0 0.999874 -0.0150758 -0.00495759 0 0.430422 -0.0162764 0.782673 1 
0.00466651 -0.0199767 0.99978 0 -0.0151708 -0.999677 -0.0199039 0 0.999874 -0.0150749 -0.00496816 0 0.430425 -0.016275 0.782668 1 
0.00465419 -0.0199777 0.99978 0 -0.0151724 -0.999677 -0.019905 0 0.999874 -0.0150767 -0.00495589 0 0.430422 -0.0162764 0.782674 1 
0.00465529 -0.0199715 0.99978 0 -0.0151681 -0.999677 -0.0198989 0 0.999874 -0.0150724 -0.00495682 0 0.430422 -0.016274 0.782674 1 
0.00465989 -0.0199752 0.99978 0 -0.0151734 -0.999677 -0.0199024 0 0.999874 -0.0150776 -0.00496157 0 0.430423 -0.0162775 0.782672 1 
0.00465823 -0.0199783 0.99978 0 -0.0151753 -0.999677 -0.0199056 0 0.999874 -0.0150796 -0.00496 0 0.430423 -0.0162781 0.782672 1 
0.00465583 -0.019975 0.99978 0 -0.0151779 -0.999677 -0.0199022 0 0.999874 -0.0150822 -0.0049576 0 0.430422 -0.016279 0.782673 1 
0.00466034 -0.0199778 0.99978 0 -0.0151774 -0.999677 -0.019905 0 0.999874 -0.0150816 -0.00496214 0 0.430424 -0.0162797 0.782671 1 
0.00466362 -0.019978 0.99978 0 -0.0151818 -0.999677 -0.0199052 0 0.999874 -0.0150859 -0.00496551 0 0.430423 -0.0162828 0.78267 1 
0.00466331 -0.0199772 0.99978 0 -0.0151809 -0.999677 -0.0199043 0 0.999874 -0.015085 -0.00496517 0 0.430423 -0.0162812 0.78267 1 
0.00465906 -0.0199803 0.99978 0 -0.0151772 -0.999677 -0.0199075 0 0.999874 -0.0150814 -0.00496089 0 0.430423 -0.0162797 0.782672 1 
0.00466588 -0.0199811 0.99978 0 -0.0151767 -0.999677 -0.0199082 0 0.999874 -0.0150808 -0.00496771 0 0.430424 -0.0162809 0.782669 1 
0.00465377 -0.0199783 0.99978 0 -0.0151802 -0.999677 -0.0199056 0 0.999874 -0.0150845 -0.00495564 0 0.430421 -0.0162823 0.782675 1 
0.00466767 -0.0199771 0.99978 0 -0.0151795 -0.999677 -0.0199042 0 0.999874 -0.0150836 -0.0049695 0 0.430424 -0.0162815 0.782668 1 
0.00466331 -0.0199813 0.99978 0 -0.0151804 -0.999677 -0.0199085 0 0.999874 -0.0150845 -0.00496522 0 0.430423 -0.0162824 0.78267 1 
0.00466268 -0.0199857 0.99978 0 -0.015182 -0.999677 -0.0199129 0 0.999874 -0.0150861 -0.00496469 0 0.430424 -0.0162839 0.78267 1 
0.00465809 -0.0199822 0.99978 0 -0.0151836 -0.999677 -0.0199094 0 0.999874 -0.0150878 -0.00496008 0 0.430423 -0.0162844 0.782673 1 
0.00466458 -0.0199806 0.99978 0 -0.0151853 -0.999677 -0.0199077 0 0.999874 -0.0150894 -0.00496658 0 0.430424 -0.0162856 0.78267 1 
0.00466386 -0.0199872 0.99978 0 -0.0151917 -0.999677 -0.0199143 0 0.999874 -0.0150958 -0.00496609 0 0.430424 -0.0162897 0.782669 1 
0.00466556 -0.019987 0.99978 0 -0.015186 -0.999677 -0.019914 0 0.999874 -0.0150901 -0.00496767 0 0.430424 -0.0162862 0.782669 1 
0.00467085 -0.0199865 0.99978 0 -0.0151875 -0.999677 -0.0199135 0 0.999874 -0.0150914 -0.00497298 0 0.430426 -0.0162867 0.782667 1 
0.00467068 -0.0199834 0.99978 0 -0.0151871 -0.999677 -0.0199104 0 0.999874 -0.015091 -0.00497276 0 0.430426 -0.0162871 0.782667 1 
0.00466665 -0.0199808 0.99978 0 -0.0151836 -0.999677 -0.0199079 0 0.999874 -0.0150877 -0.00496861 0 0.430424 -0.0162847 0.782668 1 
0.00467526 -0.0199882 0.99978 0 -0.01519 -0.999677 -0.0199151 0 0.999874 -0.0150938 -0.00497746 0 0.430428 -0.0162887 0.782665 1 
0.00467548 -0.0199837 0.99978 0 -0.0151916 -0.999677 -0.0199106 0 0.999874 -0.0150955 -0.00497765 0 0.430428 -0.016289 0.782665 1 
0.00466975 -0.0199841 0.99978 0 -0.015187 -0.999677 -0.0199111 0 0.999874 -0.0150909 -0.00497184 0 0.430425 -0.0162867 0.782667 1 
0.00467264 -0.0199892 0.99978 0 -0.0151863 -0.999677 -0.0199162 0 0.999874 -0.0150901 -0.00497478 0 0.430426 -0.0162873 0.782666 1 
0.00467652 -0.0199821 0.99978 0 -0.0151873 -0.999677 -0.019909 0 0.999874 -0.0150912 -0.00497858 0 0.430427 -0.0162863 0.782664 1 
0.00468242 -0.0199858 0.99978 0 -0.0151902 -0.999677 -0.0199126 0 0.999874 -0.0150939 -0.00498459 0 0.430428 -0.0162888 0.782662 1 
0.00467491 -0.0199873 0.99978 0 -0.0151899 -0.999677 -0.0199142 0 0.999874 -0.0150937 -0.0049771 0 0.430427 -0.0162893 0.782665 1 
0.00467543 -0.0199857 0.99978 0 -0.0151898 -0.999677 -0.0199126 0 0.999874 -0.0150937 -0.00497759 0 0.430426 -0.0162894 0.782664 1 
0.00467955 -0.0199917 0.99978 0 -0.0151937 -0.999677 -0.0199185 0 0.999874 -0.0150974 -0.00498188 0 0.430428 -0.0162913 0.782663 1 
0.00468324 -0.0199892 0.99978 0 -0.015193 -0.999677 -0.019916 0 0.999874 -0.0150967 -0.00498552 0 0.430429 -0.0162913 0.78266 1 
0.00468445 -0.0199824 0.99978 0 -0.0151907 -0.999677 -0.0199091 0 0.999874 -0.0150943 -0.00498658 0 0.43043 -0.0162884 0.78266 1 
0.00468859 -0.0199821 0.99978 0 -0.0151906 -0.999677 -0.0199088 0 0.999874 -0.0150942 -0.00499071 0 0.430431 -0.0162884 0.782658 1 
0.00468656 -0.0199829 0.99978 0 -0.0151903 -0.999677 -0.0199096 0 0.999874 -0.0150939 -0.00498869 0 0.43043 -0.016289 0.78266 1 
0.00469033 -0.0199883 0.99978 0 -0.0151937 -0.999677 -0.019915 0 0.999874 -0.0150972 -0.0049926 0 0.430431 -0.016291 0.782658 1 
0.00469521 -0.0199897 0.99978 0 -0.0151944 -0.999677 -0.0199163 0 0.999874 -0.0150978 -0.00499752 0 0.430433 -0.0162908 0.782655 1 
0.00469756 -0.0199851 0.99978 0 -0.0151918 -0.999677 -0.0199116 0 0.999874 -0.0150952 -0.00499975 0 0.430434 -0.0162901 0.782654 1 
0.00469344 -0.0199829 0.99978 0 -0.0151911 -0.999677 -0.0199095 0 0.999874 -0.0150946 -0.00499558 0 0.430432 -0.0162886 0.782655 1 
0.00469828 -0.0199877 0.99978 0 -0.0151903 -0.999677 -0.0199142 0 0.999874 -0.0150936 -0.00500048 0 0.430433 -0.0162888 0.782654 1 
0.00470171 -0.019988 0.99978 0 -0.015189 -0.999677 -0.0199145 0 0.999874 -0.0150923 -0.00500388 0 0.430435 -0.0162876 0.782652 1 
0.00469616 -0.0199845 0.99978 0 -0.0151921 -0.999677 -0.0199111 0 0.999874 -0.0150955 -0.00499834 0 0.430433 -0.0162894 0.782655 1 
0.00470463 -0.0199792 0.99978 0 -0.0151911 -0.999677 -0.0199057 0 0.999874 -0.0150944 -0.00500671 0 0.430436 -0.0162885 0.782652 1 
0.00470819 -0.0199799 0.99978 0 -0.0151893 -0.999677 -0.0199063 0 0.999874 -0.0150925 -0.00501024 0 0.430436 -0.0162875 0.782649 1 
0.00470052 -0.019986 0.99978 0 -0.0151901 -0.999677 -0.0199126 0 0.999874 -0.0150934 -0.00500269 0 0.430434 -0.0162878 0.782653 1 
0.00470448 -0.0199814 0.99978 0 -0.0151858 -0.999677 -0.0199079 0 0.999874 -0.015089 -0.00500649 0 0.430436 -0.0162852 0.782651 1 
0.00471052 -0.0199809 0.99978 0 -0.0151866 -0.999677 -0.0199073 0 0.999874 -0.0150898 -0.00501253 0 0.430436 -0.0162861 0.782649 1 
0.00471245 -0.0199805 0.99978 0 -0.0151877 -0.999677 -0.0199069 0 0.999874 -0.0150908 -0.00501448 0 0.430437 -0.016287 0.782648 1 
0.00471933 -0.0199813 0.99978 0 -0.0151859 -0.999677 -0.0199076 0 0.999874 -0.0150889 -0.00502134 0 0.430439 -0.0162846 0.782644 1 
0.00471326 -0.0199781 0.99978 0 -0.0151814 -0.999677 -0.0199044 0 0.999874 -0.0150846 -0.00501513 0 0.430438 -0.0162812 0.782646 1 
0.00471585 -0.0199818 0.99978 0 -0.0151857 -0.999677 -0.0199081 0 0.999874 -0.0150888 -0.00501786 0 0.430439 -0.0162844 0.782646 1 
0.00471885 -0.0199807 0.99978 0 -0.0151815 -0.999677 -0.019907 0 0.999874 -0.0150845 -0.00502076 0 0.430439 -0.0162832 0.782644 1 
0.00472332 -0.0199763 0.99978 0 -0.0151794 -0.999677 -0.0199025 0 0.999874 -0.0150824 -0.00502512 0 0.43044 -0.0162808 0.782643 1 
0.00471596 -0.0199791 0.99978 0 -0.0151817 -0.999677 -0.0199054 0 0.999874 -0.0150848 -0.00501784 0 0.430438 -0.0162818 0.782646 1 
0.00471714 -0.0199765 0.99978 0 -0.0151814 -0.999677 -0.0199028 0 0.999874 -0.0150845 -0.00501899 0 0.430439 -0.0162813 0.782645 1 
0.00471609 -0.0199772 0.99978 0 -0.0151808 -0.999677 -0.0199036 0 0.999874 -0.0150839 -0.00501793 0 0.430438 -0.0162815 0.782646 1 
0.00472543 -0.0199723 0.99978 0 -0.0151745 -0.999677 -0.0198985 0 0.999874 -0.0150774 -0.00502707 0 0.430441 -0.0162768 0.782642 1 
0.00471874 -0.0199735 0.99978 0 -0.0151747 -0.999677 -0.0198998 0 0.999874 -0.0150777 -0.0050204 0 0.43044 -0.0162762 0.782646 1 
0.00472187 -0.0199722 0.99978 0 -0.0151723 -0.999677 -0.0198985 0 0.999874 -0.0150753 -0.00502346 0 0.43044 -0.0162754 0.782644 1 
0.00472347 -0.019975 0.99978 0 -0.0151746 -0.999677 -0.0199013 0 0.999874 -0.0150776 -0.00502515 0 0.430441 -0.0162762 0.782644 1 
0.00472597 -0.0199666 0.99978 0 -0.0151654 -0.999677 -0.0198928 0 0.999874 -0.0150683 -0.00502735 0 0.430441 -0.016271 0.782642 1 
0.00472529 -0.0199667 0.99978 0 -0.0151668 -0.999677 -0.019893 0 0.999874 -0.0150698 -0.0050267 0 0.430442 -0.0162716 0.782642 1 
0.00472665 -0.0199697 0.99978 0 -0.0151682 -0.999677 -0.0198959 0 0.999874 -0.0150711 -0.00502812 0 0.430442 -0.0162726 0.782642 1 
0.0047244 -0.0199666 0.99978 0 -0.0151667 -0.999677 -0.0198929 0 0.999874 -0.0150697 -0.0050258 0 0.430441 -0.0162703 0.782644 1 
0.00471564 -0.0199633 0.99978 0 -0.0151577 -0.999678 -0.0198897 0 0.999874 -0.0150608 -0.00501681 0 0.43044 -0.0162652 0.782648 1 
0.0047232 -0.0199637 0.99978 0 -0.0151589 -0.999678 -0.01989 0 0.999874 -0.0150619 -0.0050244 0 0.430442 -0.0162662 0.782645 1 
0.00472307 -0.0199612 0.99978 0 -0.0151555 -0.999678 -0.0198875 0 0.999874 -0.0150585 -0.00502417 0 0.430442 -0.0162641 0.782645 1 
0.00472578 -0.0199542 0.99978 0 -0.0151558 -0.999678 -0.0198805 0 0.999874 -0.0150588 -0.00502678 0 0.430443 -0.0162636 0.782644 1 
0.00472499 -0.0199581 0.99978 0 -0.0151564 -0.999678 -0.0198844 0 0.999874 -0.0150594 -0.00502606 0 0.430442 -0.016265 0.782644 1 
0.00472582 -0.0199559 0.99978 0 -0.0151531 -0.999678 -0.0198822 0 0.999874 -0.0150561 -0.00502679 0 0.430444 -0.0162619 0.782645 1 
0.00472653 -0.0199624 0.99978 0 -0.0151517 -0.999678 -0.0198887 0 0.999874 -0.0150546 -0.00502757 0 0.430444 -0.0162614 0.782643 1 
0.00472381 -0.0199563 0.99978 0 -0.0151466 -0.999678 -0.0198827 0 0.999874 -0.0150497 -0.00502466 0 0.430443 -0.0162585 0.782645 1 
0.0047185 -0.0199545 0.99978 0 -0.0151531 -0.999678 -0.0198809 0 0.999874 -0.0150562 -0.00501945 0 0.430441 -0.0162621 0.782647 1 
0.00471868 -0.0199494 0.99978 0 -0.0151478 -0.999678 -0.0198759 0 0.999874 -0.015051 -0.00501944 0 0.430441 -0.016258 0.782648 1 
0.00472561 -0.0199554 0.99978 0 -0.0151467 -0.999678 -0.0198818 0 0.999874 -0.0150497 -0.00502644 0 0.430443 -0.0162587 0.782644 1 
0.0047215 -0.0199548 0.99978 0 -0.0151464 -0.999678 -0.0198812 0 0.999874 -0.0150495 -0.00502232 0 0.430442 -0.0162585 0.782646 1 
0.00472059 -0.0199473 0.99978 0 -0.0151452 -0.999678 -0.0198737 0 0.999874 -0.0150483 -0.00502127 0 0.430442 -0.0162564 0.782647 1 
0.00471963 -0.0199521 0.99978 0 -0.0151433 -0.999678 -0.0198786 0 0.999874 -0.0150464 -0.00502035 0 0.430441 -0.0162557 0.782647 1 
0.00472178 -0.0199486 0.99978 0 -0.0151449 -0.999678 -0.019875 0 0.999874 -0.0150481 -0.00502248 0 0.430442 -0.0162565 0.782646 1 
0.00472467 -0.019952 0.99978 0 -0.0151446 -0.999678 -0.0198784 0 0.999874 -0.0150476 -0.00502541 0 0.430443 -0.0162561 0.782645 1 
0.00472198 -0.0199521 0.99978 0 -0.015146 -0.999678 -0.0198785 0 0.999874 -0.0150491 -0.00502275 0 0.430442 -0.0162573 0.782646 1 
0.00472767 -0.0199517 0.99978 0 -0.0151464 -0.999678 -0.019878 0 0.999874 -0.0150494 -0.00502844 0 0.430444 -0.0162576 0.782644 1 
0.0047254 -0.01995 0.99978 0 -0.015146 -0.999678 -0.0198764 0 0.999874 -0.015049 -0.00502613 0 0.430443 -0.0162571 0.782645 1 
0.00472698 -0.0199479 0.99978 0 -0.0151462 -0.999678 -0.0198742 0 0.999874 -0.0150492 -0.00502769 0 0.430444 -0.0162565 0.782645 1 
0.00472423 -0.019946 0.99978 0 -0.0151438 -0.999678 -0.0198724 0 0.999874 -0.0150469 -0.00502486 0 0.430444 -0.0162546 0.782646 1 
0.00472478 -0.019945 0.99978 0 -0.0151449 -0.999678 -0.0198714 0 0.999874 -0.015048 -0.00502542 0 0.430443 -0.0162551 0.782645 1 
0.00472604 -0.0199455 0.99978 0 -0.0151469 -0.999678 -0.0198718 0 0.999874 -0.0150499 -0.00502673 0 0.430444 -0.0162563 0.782645 1 
0.0047274 -0.0199462 0.99978 0 -0.0151395 -0.999678 -0.0198726 0 0.999874 -0.0150425 -0.00502795 0 0.430444 -0.016253 0.782644 1 
0.00472508 -0.0199487 0.99978 0 -0.0151409 -0.999678 -0.0198751 0 0.999874 -0.0150439 -0.00502569 0 0.430443 -0.0162534 0.782645 1 
0.0047235 -0.019948 0.99978 0 -0.0151375 -0.999678 -0.0198744 0 0.999874 -0.0150406 -0.00502404 0 0.430443 -0.0162519 0.782646 1 
0.00472678 -0.0199413 0.99978 0 -0.0151425 -0.999678 -0.0198677 0 0.999874 -0.0150456 -0.00502732 0 0.430443 -0.0162542 0.782645 1 
0.00472131 -0.0199465 0.99978 0 -0.0151447 -0.999678 -0.0198729 0 0.999874 -0.0150479 -0.00502197 0 0.430442 -0.0162563 0.782647 1 
0.00472437 -0.0199488 0.99978 0 -0.0151417 -0.999678 -0.0198752 0 0.999874 -0.0150448 -0.00502501 0 0.430443 -0.0162545 0.782646 1 
0.00471707 -0.0199431 0.99978 0 -0.0151387 -0.999678 -0.0198696 0 0.999874 -0.015042 -0.00501756 0 0.430441 -0.0162519 0.782649 1 
0.00472468 -0.0199361 0.99978 0 -0.0151403 -0.999678 -0.0198625 0 0.999874 -0.0150434 -0.00502509 0 0.430444 -0.0162522 0.782646 1 
0.00471916 -0.0199423 0.99978 0 -0.0151414 -0.999678 -0.0198688 0 0.999874 -0.0150446 -0.00501969 0 0.430441 -0.0162534 0.782648 1 
0.00472205 -0.0199464 0.99978 0 -0.0151431 -0.999678 -0.0198729 0 0.999874 -0.0150462 -0.00502268 0 0.430443 -0.0162543 0.782647 1 
0.00472201 -0.019944 0.99978 0 -0.0151447 -0.999678 -0.0198705 0 0.999874 -0.0150479 -0.00502264 0 0.430442 -0.0162554 0.782647 1 
0.00472451 -0.0199434 0.99978 0 -0.0151423 -0.999678 -0.0198698 0 0.999874 -0.0150454 -0.00502507 0 0.430443 -0.0162544 0.782647 1 
0.0047279 -0.0199474 0.99978 0 -0.0151422 -0.999678 -0.0198737 0 0.999874 -0.0150452 -0.00502852 0 0.430444 -0.0162546 0.782645 1 
0.00472169 -0.019945 0.99978 0 -0.0151461 -0.999678 -0.0198714 0 0.999874 -0.0150492 -0.00502235 0 0.430442 -0.0162563 0.782647 1 
0.00472203 -0.0199452 0.99978 0 -0.015141 -0.999678 -0.0198716 0 0.999874 -0.0150442 -0.0050226 0 0.430442 -0.0162539 0.782648 1 
0.00472006 -0.0199477 0.99978 0 -0.0151463 -0.999678 -0.0198742 0 0.999874 -0.0150495 -0.00502077 0 0.430442 -0.0162565 0.782649 1 
0.00472063 -0.0199404 0.99978 0 -0.0151459 -0.999678 -0.0198668 0 0.999874 -0.0150491 -0.00502122 0 0.430442 -0.0162563 0.782648 1 
0.00472373 -0.0199458 0.99978 0 -0.0151476 -0.999678 -0.0198722 0 0.999874 -0.0150507 -0.00502444 0 0.430443 -0.0162567 0.782647 1 
0.00471673 -0.0199484 0.99978 0 -0.0151462 -0.999678 -0.0198749 0 0.999874 -0.0150494 -0.00501745 0 0.430441 -0.0162564 0.782651 1 
0.00472619 -0.0199448 0.99978 0 -0.015145 -0.999678 -0.0198712 0 0.999874 -0.0150481 -0.00502683 0 0.430443 -0.0162549 0.782646 1 
0.00472578 -0.019945 0.99978 0 -0.0151466 -0.999678 -0.0198713 0 0.999874 -0.0150496 -0.00502646 0 0.430443 -0.0162573 0.782647 1 
0.00472882 -0.0199456 0.99978 0 -0.0151481 -0.999678 -0.0198719 0 0.999874 -0.0150511 -0.00502953 0 0.430443 -0.0162581 0.782645 1 
0.00472661 -0.0199418 0.99978 0 -0.0151463 -0.999678 -0.0198681 0 0.999874 -0.0150494 -0.00502723 0 0.430443 -0.016257 0.782647 1 
0.00473294 -0.0199463 0.99978 0 -0.0151452 -0.999678 -0.0198726 0 0.999874 -0.0150481 -0.00503361 0 0.430445 -0.0162561 0.782644 1 
0.00472113 -0.0199468 0.99978 0 -0.015148 -0.999678 -0.0198733 0 0.999874 -0.0150511 -0.00502186 0 0.430442 -0.0162579 0.782649 1 
0.00472288 -0.0199416 0.99978 0 -0.0151439 -0.999678 -0.019868 0 0.999874 -0.0150471 -0.00502345 0 0.430442 -0.0162553 0.782648 1 
0.00473307 -0.0199389 0.99978 0 -0.0151469 -0.999678 -0.0198652 0 0.999874 -0.0150498 -0.00503365 0 0.430445 -0.0162567 0.782644 1 
0.00472882 -0.0199474 0.99978 0 -0.0151492 -0.999678 -0.0198737 0 0.999874 -0.0150522 -0.00502958 0 0.430444 -0.0162591 0.782646 1 
0.00472837 -0.0199491 0.99978 0 -0.0151463 -0.999678 -0.0198754 0 0.999874 -0.0150493 -0.0050291 0 0.430443 -0.0162575 0.782647 1 
0.00472687 -0.0199422 0.99978 0 -0.0151481 -0.999678 -0.0198686 0 0.999874 -0.0150511 -0.00502753 0 0.430444 -0.0162581 0.782647 1 
0.00473222 -0.0199462 0.99978 0 -0.0151526 -0.999678 -0.0198725 0 0.999874 -0.0150555 -0.00503303 0 0.430445 -0.016261 0.782645 1 
0.00472701 -0.0199433 0.99978 0 -0.0151498 -0.999678 -0.0198696 0 0.999874 -0.0150529 -0.00502772 0 0.430443 -0.0162591 0.782646 1 
0.00473379 -0.0199465 0.99978 0 -0.0151534 -0.999678 -0.0198727 0 0.999874 -0.0150563 -0.00503462 0 0.430446 -0.0162606 0.782643 1 
0.00473469 -0.019944 0.99978 0 -0.0151518 -0.999678 -0.0198702 0 0.999874 -0.0150547 -0.00503545 0 0.430447 -0.0162597 0.782643 1 
0.0047333 -0.0199489 0.99978 0 -0.0151543 -0.999678 -0.0198751 0 0.999874 -0.0150572 -0.00503418 0 0.430447 -0.0162621 0.782643 1 
0.00473906 -0.0199454 0.99978 0 -0.0151511 -0.999678 -0.0198716 0 0.999874 -0.0150539 -0.00503982 0 0.430449 -0.0162607 0.78264 1 
0.00473961 -0.0199492 0.99978 0 -0.0151525 -0.999678 -0.0198753 0 0.999874 -0.0150553 -0.00504046 0 0.430448 -0.0162609 0.782641 1 
0.00474121 -0.0199513 0.99978 0 -0.0151504 -0.999678 -0.0198774 0 0.999874 -0.0150531 -0.00504205 0 0.430449 -0.0162607 0.782641 1 
0.00474242 -0.0199508 0.99978 0 -0.0151568 -0.999678 -0.0198769 0 0.999874 -0.0150595 -0.00504338 0 0.430449 -0.0162638 0.782641 1 
0.00474602 -0.0199488 0.99978 0 -0.0151537 -0.999678 -0.0198748 0 0.999874 -0.0150564 -0.00504689 0 0.43045 -0.016262 0.782639 1 
0.00474903 -0.0199526 0.99978 0 -0.0151537 -0.999678 -0.0198786 0 0.999874 -0.0150562 -0.00504995 0 0.43045 -0.016262 0.782638 1 
0.00474473 -0.0199483 0.99978 0 -0.0151589 -0.999678 -0.0198743 0 0.999874 -0.0150616 -0.00504569 0 0.43045 -0.0162646 0.782639 1 
0.00474494 -0.0199513 0.99978 0 -0.0151556 -0.999678 -0.0198773 0 0.999874 -0.0150583 -0.00504588 0 0.43045 -0.0162632 0.78264 1 
0.00475354 -0.0199492 0.99978 0 -0.0151551 -0.999678 -0.0198751 0 0.999874 -0.0150576 -0.00505444 0 0.430452 -0.016263 0.782636 1 
0.00475911 -0.0199471 0.99978 0 -0.0151522 -0.999678 -0.0198729 0 0.999874 -0.0150546 -0.00505992 0 0.430453 -0.0162611 0.782633 1 
0.00475608 -0.0199508 0.99978 0 -0.0151544 -0.999678 -0.0198766 0 0.999874 -0.0150569 -0.00505698 0 0.430453 -0.0162617 0.782635 1 
0.00475619 -0.0199529 0.99978 0 -0.0151534 -0.999678 -0.0198787 0 0.999874 -0.0150558 -0.00505711 0 0.430454 -0.0162621 0.782635 1 
0.00476279 -0.0199517 0.99978 0 -0.015156 -0.999678 -0.0198774 0 0.999874 -0.0150583 -0.00506374 0 0.430455 -0.0162628 0.782631 1 
0.0047574 -0.0199459 0.99978 0 -0.0151529 -0.999678 -0.0198718 0 0.999874 -0.0150553 -0.00505821 0 0.430454 -0.0162617 0.782635 1 
0.0047607 -0.0199489 0.99978 0 -0.0151553 -0.999678 -0.0198747 0 0.999874 -0.0150576 -0.00506159 0 0.430455 -0.0162629 0.782633 1 
0.00476676 -0.0199531 0.99978 0 -0.0151557 -0.999678 -0.0198788 0 0.999874 -0.0150579 -0.00506773 0 0.430457 -0.0162632 0.78263 1 
0.00477431 -0.0199567 0.99978 0 -0.0151571 -0.999678 -0.0198823 0 0.999874 -0.0150591 -0.00507535 0 0.430458 -0.0162643 0.782626 1 
0.00477097 -0.0199501 0.99978 0 -0.0151549 -0.999678 -0.0198757 0 0.999874 -0.0150571 -0.00507187 0 0.430458 -0.016263 0.782628 1 
