0.00295611 0.00136266 0.999985 0 0.00670747 -0.999967 0.00134281 0 0.999973 0.00670353 -0.00296521 0 0.429825 0.00285456 0.783702 1 
0.0851605 -0.0431013 0.995425 0 -0.121958 -0.991993 -0.0325189 0 0.988875 -0.118633 -0.0897369 0 0.470227 -0.107494 0.760841 1 
0.0851653 -0.0430998 0.995425 0 -0.121931 -0.991996 -0.0325193 0 0.988878 -0.118606 -0.0897405 0 0.470229 -0.107482 0.760838 1 
0.085173 -0.0430999 0.995424 0 -0.121911 -0.991998 -0.0325203 0 0.98888 -0.118585 -0.0897476 0 0.470233 -0.107473 0.760834 1 
0.085178 -0.0431024 0.995423 0 -0.121878 -0.992002 -0.0325252 0 0.988883 -0.118552 -0.0897517 0 0.470237 -0.107457 0.760831 1 
0.0851857 -0.0431047 0.995423 0 -0.121858 -0.992005 -0.0325284 0 0.988885 -0.118532 -0.089759 0 0.470239 -0.107448 0.760826 1 
0.0852013 -0.0431028 0.995421 0 -0.121829 -0.992008 -0.0325273 0 0.988887 -0.118502 -0.0897733 0 0.470245 -0.107434 0.760819 1 
0.0852119 -0.0430993 0.995421 0 -0.121795 -0.992012 -0.0325256 0 0.988891 -0.118468 -0.0897823 0 0.470249 -0.107419 0.760812 1 
0.0852243 -0.0431006 0.995419 0 -0.121766 -0.992016 -0.032528 0 0.988893 -0.118439 -0.0897938 0 0.470254 -0.107405 0.760806 1 
0.0852273 -0.0431053 0.995419 0 -0.121744 -0.992018 -0.0325344 0 0.988895 -0.118416 -0.0897966 0 0.470255 -0.107396 0.760804 1 
0.0852414 -0.0431015 0.995418 0 -0.121711 -0.992023 -0.0325319 0 0.988898 -0.118382 -0.089809 0 0.470261 -0.107379 0.760797 1 
0.0852468 -0.0430975 0.995418 0 -0.121682 -0.992026 -0.0325299 0 0.988901 -0.118353 -0.089813 0 0.470265 -0.107366 0.760794 1 
0.0852649 -0.0430965 0.995416 0 -0.121658 -0.992029 -0.032529 0 0.988903 -0.118329 -0.08983 0 0.470271 -0.107355 0.760784 1 
0.0852727 -0.0430993 0.995415 0 -0.121628 -0.992033 -0.0325336 0 0.988906 -0.118298 -0.0898371 0 0.470275 -0.10734 0.76078 1 
0.0852814 -0.0430956 0.995415 0 -0.121593 -0.992037 -0.032532 0 0.988909 -0.118263 -0.0898442 0 0.470278 -0.107324 0.760776 1 
0.0852906 -0.043098 0.995414 0 -0.121569 -0.99204 -0.0325354 0 0.988912 -0.118239 -0.0898528 0 0.470283 -0.107313 0.76077 1 
0.085307 -0.0430933 0.995413 0 -0.121535 -0.992044 -0.0325319 0 0.988914 -0.118205 -0.0898674 0 0.47029 -0.107297 0.760762 1 
0.0853168 -0.0430921 0.995412 0 -0.121508 -0.992047 -0.032532 0 0.988917 -0.118177 -0.0898761 0 0.470294 -0.107285 0.760758 1 
0.0853227 -0.0430842 0.995412 0 -0.121471 -0.992052 -0.0325269 0 0.988921 -0.11814 -0.0898798 0 0.470298 -0.107266 0.760754 1 
0.0853312 -0.0430901 0.995411 0 -0.121443 -0.992055 -0.0325342 0 0.988924 -0.118111 -0.0898879 0 0.470302 -0.107253 0.76075 1 
0.0853348 -0.0430917 0.99541 0 -0.121412 -0.992059 -0.0325382 0 0.988927 -0.11808 -0.0898907 0 0.470306 -0.107238 0.760747 1 
0.0853487 -0.043082 0.99541 0 -0.121373 -0.992064 -0.0325304 0 0.988931 -0.118042 -0.0899021 0 0.470312 -0.10722 0.760741 1 
0.0853594 -0.0430816 0.995409 0 -0.121344 -0.992068 -0.0325314 0 0.988933 -0.118012 -0.0899117 0 0.470316 -0.107206 0.760735 1 
0.0853724 -0.0430821 0.995408 0 -0.121311 -0.992072 -0.0325333 0 0.988936 -0.117978 -0.0899236 0 0.470321 -0.10719 0.760728 1 
0.0853792 -0.0430875 0.995407 0 -0.121281 -0.992075 -0.0325406 0 0.988939 -0.117948 -0.0899299 0 0.470325 -0.107176 0.760724 1 
0.0853877 -0.0430807 0.995406 0 -0.121247 -0.992079 -0.0325359 0 0.988943 -0.117915 -0.0899365 0 0.47033 -0.10716 0.76072 1 
0.0853974 -0.0430769 0.995406 0 -0.121216 -0.992083 -0.0325338 0 0.988946 -0.117883 -0.0899446 0 0.470336 -0.107146 0.760715 1 
0.0854113 -0.0430736 0.995405 0 -0.121183 -0.992087 -0.0325319 0 0.988948 -0.11785 -0.089957 0 0.470341 -0.10713 0.760707 1 
0.085426 -0.0430789 0.995403 0 -0.12115 -0.992091 -0.0325383 0 0.988951 -0.117816 -0.0899711 0 0.470348 -0.107115 0.7607 1 
0.0854313 -0.043079 0.995403 0 -0.121118 -0.992095 -0.0325408 0 0.988955 -0.117784 -0.0899754 0 0.470351 -0.1071 0.760696 1 
0.0854489 -0.0430707 0.995401 0 -0.121081 -0.9921 -0.0325338 0 0.988958 -0.117746 -0.0899906 0 0.470359 -0.107081 0.760689 1 
0.0854551 -0.0430678 0.995401 0 -0.121048 -0.992104 -0.0325332 0 0.988961 -0.117713 -0.0899954 0 0.470362 -0.107066 0.760686 1 
0.0854639 -0.0430721 0.9954 0 -0.121015 -0.992108 -0.0325394 0 0.988965 -0.11768 -0.0900035 0 0.470367 -0.107051 0.76068 1 
0.0854716 -0.0430741 0.995399 0 -0.120982 -0.992111 -0.0325435 0 0.988968 -0.117646 -0.0900102 0 0.470372 -0.107035 0.760677 1 
0.0854828 -0.0430677 0.995399 0 -0.120951 -0.992115 -0.0325386 0 0.988971 -0.117615 -0.0900196 0 0.470376 -0.107021 0.760671 1 
0.0854938 -0.0430696 0.995398 0 -0.120916 -0.992119 -0.0325424 0 0.988974 -0.117579 -0.0900296 0 0.470382 -0.107004 0.760665 1 
0.0855066 -0.0430653 0.995397 0 -0.120881 -0.992124 -0.0325397 0 0.988977 -0.117544 -0.0900406 0 0.470389 -0.106987 0.760659 1 
0.0855149 -0.0430631 0.995396 0 -0.120845 -0.992128 -0.0325399 0 0.988981 -0.117508 -0.0900475 0 0.470393 -0.106969 0.760654 1 
0.0855323 -0.0430593 0.995395 0 -0.12081 -0.992133 -0.0325373 0 0.988984 -0.117473 -0.0900631 0 0.4704 -0.106952 0.760646 1 
0.0855367 -0.0430516 0.995395 0 -0.120776 -0.992137 -0.0325321 0 0.988987 -0.117439 -0.0900654 0 0.470403 -0.106936 0.760645 1 
0.0855484 -0.0430519 0.995394 0 -0.120749 -0.99214 -0.0325335 0 0.98899 -0.117411 -0.0900762 0 0.470408 -0.106923 0.760637 1 
0.0855611 -0.043047 0.995393 0 -0.120705 -0.992146 -0.0325312 0 0.988994 -0.117368 -0.0900867 0 0.470415 -0.106902 0.760632 1 
0.0855701 -0.0430507 0.995392 0 -0.120676 -0.992149 -0.0325363 0 0.988997 -0.117338 -0.0900952 0 0.470418 -0.106889 0.760627 1 
0.0855786 -0.0430471 0.995391 0 -0.120643 -0.992153 -0.0325348 0 0.989 -0.117305 -0.0901021 0 0.470424 -0.106873 0.760622 1 
0.0855926 -0.0430454 0.99539 0 -0.120609 -0.992157 -0.0325345 0 0.989003 -0.117271 -0.0901147 0 0.470429 -0.106857 0.760614 1 
0.0856117 -0.0430443 0.995389 0 -0.120577 -0.992161 -0.0325341 0 0.989005 -0.117238 -0.0901325 0 0.470436 -0.106841 0.760605 1 
0.0856159 -0.0430405 0.995388 0 -0.120541 -0.992165 -0.032533 0 0.989009 -0.117202 -0.090135 0 0.470439 -0.106824 0.760603 1 
0.085623 -0.0430414 0.995388 0 -0.120507 -0.992169 -0.0325363 0 0.989013 -0.117167 -0.0901411 0 0.470444 -0.106807 0.760599 1 
0.0856404 -0.0430413 0.995386 0 -0.120476 -0.992173 -0.0325369 0 0.989015 -0.117136 -0.0901573 0 0.47045 -0.106792 0.76059 1 
0.0856534 -0.0430352 0.995385 0 -0.12044 -0.992178 -0.0325326 0 0.989018 -0.1171 -0.0901683 0 0.470455 -0.106775 0.760584 1 
0.0856656 -0.0430363 0.995384 0 -0.120414 -0.992181 -0.0325347 0 0.98902 -0.117073 -0.0901796 0 0.470461 -0.106762 0.760577 1 
0.0856756 -0.0430376 0.995383 0 -0.120381 -0.992185 -0.0325378 0 0.989024 -0.11704 -0.0901887 0 0.470465 -0.106747 0.760572 1 
0.0856893 -0.0430384 0.995382 0 -0.120352 -0.992188 -0.0325395 0 0.989026 -0.11701 -0.0902014 0 0.47047 -0.106733 0.760564 1 
0.0856989 -0.0430245 0.995382 0 -0.120316 -0.992193 -0.0325279 0 0.98903 -0.116975 -0.0902082 0 0.470475 -0.106715 0.76056 1 
0.0857117 -0.0430291 0.995381 0 -0.120285 -0.992196 -0.0325338 0 0.989032 -0.116943 -0.0902203 0 0.470481 -0.106701 0.760553 1 
0.0857228 -0.0430262 0.99538 0 -0.120254 -0.9922 -0.0325324 0 0.989035 -0.116912 -0.09023 0 0.470485 -0.106686 0.760547 1 
0.0857354 -0.0430296 0.995379 0 -0.120226 -0.992204 -0.0325368 0 0.989037 -0.116883 -0.090242 0 0.470491 -0.106672 0.76054 1 
0.085742 -0.043027 0.995378 0 -0.120189 -0.992208 -0.0325368 0 0.989041 -0.116846 -0.090247 0 0.470494 -0.106655 0.760537 1 
0.085761 -0.0430235 0.995377 0 -0.120157 -0.992212 -0.032534 0 0.989043 -0.116814 -0.0902644 0 0.4705 -0.106639 0.760527 1 
0.0857682 -0.0430199 0.995376 0 -0.120124 -0.992216 -0.0325326 0 0.989047 -0.116781 -0.0902701 0 0.470505 -0.106623 0.760524 1 
0.0857861 -0.0430196 0.995375 0 -0.120091 -0.99222 -0.0325333 0 0.989049 -0.116747 -0.0902866 0 0.470511 -0.106606 0.760514 1 
0.0857949 -0.0430207 0.995374 0 -0.120059 -0.992224 -0.0325362 0 0.989052 -0.116714 -0.0902945 0 0.470515 -0.106591 0.760509 1 
0.0858134 -0.0430226 0.995372 0 -0.12003 -0.992227 -0.0325386 0 0.989054 -0.116684 -0.0903121 0 0.470523 -0.106577 0.760499 1 
0.0858192 -0.0430154 0.995372 0 -0.119999 -0.992231 -0.0325336 0 0.989058 -0.116653 -0.090316 0 0.470526 -0.106562 0.760497 1 
0.0858362 -0.0430071 0.995371 0 -0.119963 -0.992236 -0.0325265 0 0.98906 -0.116618 -0.0903307 0 0.470533 -0.106544 0.760488 1 
0.085852 -0.043011 0.995369 0 -0.119931 -0.992239 -0.0325315 0 0.989063 -0.116585 -0.0903458 0 0.470538 -0.106528 0.760479 1 
0.0858601 -0.0430052 0.995369 0 -0.119903 -0.992243 -0.0325273 0 0.989066 -0.116557 -0.0903523 0 0.470541 -0.106515 0.760475 1 
0.0858724 -0.0430043 0.995368 0 -0.119872 -0.992247 -0.0325279 0 0.989068 -0.116526 -0.0903634 0 0.470547 -0.1065 0.760469 1 
0.0858841 -0.0429948 0.995367 0 -0.119833 -0.992252 -0.0325206 0 0.989072 -0.116487 -0.0903726 0 0.470552 -0.10648 0.760463 1 
0.0858927 -0.042998 0.995366 0 -0.119808 -0.992254 -0.032525 0 0.989074 -0.116461 -0.0903807 0 0.470555 -0.106469 0.760458 1 
0.0859094 -0.0430037 0.995365 0 -0.119776 -0.992258 -0.0325316 0 0.989077 -0.116428 -0.0903969 0 0.470562 -0.106454 0.760449 1 
0.0859215 -0.0429954 0.995364 0 -0.119741 -0.992263 -0.0325252 0 0.98908 -0.116393 -0.0904067 0 0.470566 -0.106436 0.760444 1 
0.0859383 -0.0429901 0.995363 0 -0.119712 -0.992266 -0.0325207 0 0.989082 -0.116364 -0.0904219 0 0.470572 -0.106422 0.760435 1 
0.0859451 -0.0429907 0.995362 0 -0.119681 -0.99227 -0.0325232 0 0.989085 -0.116333 -0.0904276 0 0.470575 -0.106408 0.760431 1 
0.0859631 -0.0429867 0.995361 0 -0.119649 -0.992274 -0.0325201 0 0.989088 -0.1163 -0.090444 0 0.470582 -0.106391 0.760423 1 
0.0859719 -0.0429901 0.99536 0 -0.119622 -0.992277 -0.0325249 0 0.98909 -0.116273 -0.0904523 0 0.470586 -0.106379 0.760417 1 
0.0859876 -0.0429888 0.995359 0 -0.119588 -0.992281 -0.0325249 0 0.989093 -0.116238 -0.0904665 0 0.470593 -0.106362 0.760409 1 
0.0860014 -0.042984 0.995358 0 -0.119556 -0.992285 -0.0325214 0 0.989095 -0.116207 -0.0904786 0 0.470598 -0.106347 0.760403 1 
0.0860105 -0.0429813 0.995357 0 -0.119527 -0.992289 -0.0325203 0 0.989098 -0.116177 -0.0904864 0 0.470602 -0.106333 0.760397 1 
0.0860237 -0.042975 0.995356 0 -0.11949 -0.992293 -0.0325158 0 0.989101 -0.11614 -0.0904975 0 0.470609 -0.106315 0.760391 1 
0.0860377 -0.0429791 0.995355 0 -0.119464 -0.992296 -0.0325206 0 0.989103 -0.116113 -0.0905111 0 0.470614 -0.106302 0.760383 1 
0.0860571 -0.0429724 0.995353 0 -0.11943 -0.9923 -0.0325148 0 0.989106 -0.116079 -0.0905284 0 0.470621 -0.106286 0.760373 1 
0.0860793 -0.042971 0.995351 0 -0.119368 -0.992308 -0.0325166 0 0.989111 -0.116016 -0.0905483 0 0.47063 -0.106256 0.760362 1 
0.0860971 -0.0429667 0.99535 0 -0.119336 -0.992312 -0.0325131 0 0.989114 -0.115984 -0.0905644 0 0.470636 -0.10624 0.760354 1 
0.0861117 -0.0429605 0.995349 0 -0.119297 -0.992317 -0.0325088 0 0.989117 -0.115945 -0.0905768 0 0.470642 -0.106221 0.760346 1 
0.0861222 -0.0429611 0.995348 0 -0.119266 -0.99232 -0.032511 0 0.98912 -0.115913 -0.0905863 0 0.470646 -0.106205 0.76034 1 
0.0861366 -0.0429593 0.995347 0 -0.119233 -0.992324 -0.0325104 0 0.989123 -0.115881 -0.0905994 0 0.470653 -0.10619 0.760333 1 
0.0861446 -0.0429604 0.995346 0 -0.119203 -0.992328 -0.0325134 0 0.989126 -0.11585 -0.0906065 0 0.470656 -0.106176 0.760328 1 
0.0861625 -0.042957 0.995345 0 -0.11917 -0.992332 -0.0325109 0 0.989128 -0.115816 -0.0906227 0 0.470662 -0.10616 0.76032 1 
0.0861808 -0.0429509 0.995344 0 -0.119132 -0.992336 -0.0325062 0 0.989131 -0.115778 -0.090639 0 0.47067 -0.106141 0.760311 1 
0.086194 -0.0429513 0.995342 0 -0.119101 -0.99234 -0.0325079 0 0.989134 -0.115746 -0.0906511 0 0.470675 -0.106127 0.760305 1 
0.0862107 -0.0429489 0.995341 0 -0.119071 -0.992344 -0.0325063 0 0.989136 -0.115716 -0.0906664 0 0.470681 -0.106112 0.760295 1 
0.0862222 -0.042951 0.99534 0 -0.119044 -0.992347 -0.0325096 0 0.989138 -0.115688 -0.0906771 0 0.470686 -0.106099 0.760288 1 
0.0862377 -0.0429486 0.995339 0 -0.119006 -0.992352 -0.0325088 0 0.989141 -0.11565 -0.090691 0 0.470693 -0.10608 0.760281 1 
0.0862479 -0.0429434 0.995338 0 -0.118973 -0.992356 -0.0325055 0 0.989144 -0.115617 -0.0906995 0 0.470698 -0.106065 0.760276 1 
0.0862608 -0.042943 0.995337 0 -0.118941 -0.992359 -0.0325066 0 0.989147 -0.115584 -0.0907112 0 0.470703 -0.106049 0.760269 1 
0.0862785 -0.0429374 0.995336 0 -0.118904 -0.992364 -0.0325023 0 0.98915 -0.115547 -0.0907269 0 0.47071 -0.10603 0.76026 1 
0.0862916 -0.0429392 0.995334 0 -0.118874 -0.992367 -0.0325053 0 0.989152 -0.115516 -0.090739 0 0.470715 -0.106016 0.760254 1 
0.0863053 -0.0429435 0.995333 0 -0.118846 -0.992371 -0.0325105 0 0.989155 -0.115488 -0.0907522 0 0.47072 -0.106004 0.760247 1 
0.0863229 -0.0429331 0.995332 0 -0.118809 -0.992375 -0.0325015 0 0.989157 -0.115451 -0.0907674 0 0.470728 -0.105985 0.760239 1 
0.0863334 -0.0429323 0.995331 0 -0.118778 -0.992379 -0.0325024 0 0.98916 -0.115419 -0.0907766 0 0.470732 -0.10597 0.760233 1 
0.086346 -0.0429327 0.99533 0 -0.118745 -0.992383 -0.0325043 0 0.989163 -0.115386 -0.0907881 0 0.470737 -0.105955 0.760226 1 
0.0863671 -0.0429333 0.995328 0 -0.118712 -0.992387 -0.0325054 0 0.989165 -0.115353 -0.0908081 0 0.470744 -0.105938 0.760215 1 
0.0863774 -0.042927 0.995328 0 -0.118675 -0.992391 -0.0325014 0 0.989169 -0.115315 -0.0908163 0 0.470749 -0.10592 0.760211 1 
0.0863922 -0.0429205 0.995327 0 -0.118647 -0.992395 -0.0324957 0 0.989171 -0.115288 -0.0908293 0 0.470754 -0.105907 0.760203 1 
0.0864008 -0.0429231 0.995326 0 -0.118615 -0.992399 -0.0325003 0 0.989174 -0.115255 -0.0908371 0 0.470759 -0.105892 0.760199 1 
0.0864165 -0.0429251 0.995324 0 -0.118584 -0.992402 -0.0325033 0 0.989176 -0.115223 -0.0908519 0 0.470765 -0.105877 0.76019 1 
0.0864335 -0.0429213 0.995323 0 -0.118551 -0.992406 -0.0325006 0 0.989179 -0.115189 -0.0908672 0 0.470772 -0.10586 0.760182 1 
0.0864452 -0.042917 0.995322 0 -0.118514 -0.992411 -0.0324984 0 0.989182 -0.115152 -0.0908771 0 0.470776 -0.105842 0.760177 1 
0.086456 -0.0429165 0.995321 0 -0.11848 -0.992415 -0.0324997 0 0.989185 -0.115118 -0.0908867 0 0.470782 -0.105827 0.760171 1 
0.0864707 -0.042909 0.99532 0 -0.118446 -0.992419 -0.0324936 0 0.989188 -0.115084 -0.0908993 0 0.470788 -0.10581 0.760164 1 
0.0864852 -0.0429134 0.995319 0 -0.118418 -0.992422 -0.032499 0 0.98919 -0.115055 -0.0909133 0 0.470793 -0.105797 0.760156 1 
0.0864981 -0.0429113 0.995318 0 -0.118382 -0.992426 -0.0324987 0 0.989193 -0.115019 -0.0909247 0 0.470799 -0.105779 0.76015 1 
0.0865085 -0.0429098 0.995317 0 -0.118349 -0.99243 -0.0324991 0 0.989196 -0.114985 -0.0909338 0 0.470804 -0.105763 0.760145 1 
0.0865256 -0.042905 0.995316 0 -0.118316 -0.992434 -0.0324952 0 0.989199 -0.114953 -0.0909491 0 0.470811 -0.105747 0.760135 1 
0.0865351 -0.0429042 0.995315 0 -0.118282 -0.992438 -0.0324965 0 0.989202 -0.114918 -0.0909573 0 0.470816 -0.105731 0.760132 1 
0.0865483 -0.0429078 0.995314 0 -0.118254 -0.992442 -0.0325011 0 0.989204 -0.114889 -0.0909699 0 0.470821 -0.105718 0.760125 1 
0.0865614 -0.0429051 0.995313 0 -0.118218 -0.992446 -0.0325002 0 0.989207 -0.114853 -0.0909815 0 0.470827 -0.1057 0.760119 1 
0.0865798 -0.042898 0.995311 0 -0.118183 -0.99245 -0.0324942 0 0.98921 -0.114818 -0.0909978 0 0.470834 -0.105683 0.76011 1 
0.0865938 -0.0428968 0.99531 0 -0.118153 -0.992454 -0.0324942 0 0.989212 -0.114787 -0.0910105 0 0.470839 -0.10567 0.760104 1 
0.0866038 -0.0429016 0.995309 0 -0.118123 -0.992457 -0.0325006 0 0.989215 -0.114756 -0.09102 0 0.470844 -0.105655 0.760098 1 
0.0866188 -0.0429033 0.995308 0 -0.118087 -0.992461 -0.0325038 0 0.989218 -0.11472 -0.0910339 0 0.470852 -0.105638 0.76009 1 
0.0866294 -0.0428949 0.995307 0 -0.118053 -0.992466 -0.0324974 0 0.989221 -0.114686 -0.0910423 0 0.470858 -0.10562 0.760086 1 
0.0866409 -0.0428868 0.995306 0 -0.118022 -0.99247 -0.0324908 0 0.989224 -0.114655 -0.0910517 0 0.470862 -0.105606 0.76008 1 
0.0866525 -0.0428946 0.995305 0 -0.117987 -0.992473 -0.0325004 0 0.989227 -0.114619 -0.091063 0 0.470867 -0.10559 0.760075 1 
0.0866624 -0.0428951 0.995304 0 -0.117952 -0.992477 -0.032503 0 0.98923 -0.114584 -0.0910718 0 0.470874 -0.105574 0.760071 1 
0.0866791 -0.0428886 0.995303 0 -0.117915 -0.992482 -0.032498 0 0.989233 -0.114547 -0.0910864 0 0.470881 -0.105555 0.760062 1 
0.0866931 -0.04289 0.995302 0 -0.117884 -0.992486 -0.0325006 0 0.989236 -0.114515 -0.0910995 0 0.470887 -0.10554 0.760055 1 
0.0867052 -0.0428811 0.995301 0 -0.117851 -0.99249 -0.0324934 0 0.989239 -0.114482 -0.0911094 0 0.470892 -0.105525 0.760051 1 
0.0867172 -0.04288 0.9953 0 -0.117822 -0.992493 -0.0324936 0 0.989241 -0.114453 -0.0911202 0 0.470898 -0.105511 0.760045 1 
0.0867296 -0.0428843 0.995299 0 -0.117782 -0.992498 -0.0325001 0 0.989245 -0.114412 -0.0911317 0 0.470904 -0.105492 0.76004 1 
0.0867389 -0.0428779 0.995298 0 -0.117747 -0.992502 -0.0324959 0 0.989248 -0.114377 -0.0911391 0 0.470909 -0.105476 0.760036 1 
0.086754 -0.0428733 0.995297 0 -0.117712 -0.992506 -0.0324928 0 0.989251 -0.114342 -0.0911524 0 0.470916 -0.105459 0.760029 1 
0.086762 -0.0428747 0.995296 0 -0.11768 -0.99251 -0.0324962 0 0.989254 -0.11431 -0.0911594 0 0.470921 -0.105444 0.760026 1 
0.0867757 -0.0428729 0.995295 0 -0.117643 -0.992514 -0.0324963 0 0.989257 -0.114272 -0.0911716 0 0.470928 -0.105426 0.76002 1 
0.086786 -0.0428713 0.995294 0 -0.117608 -0.992518 -0.0324967 0 0.98926 -0.114237 -0.0911805 0 0.470935 -0.105409 0.760015 1 
0.0868018 -0.0428682 0.995293 0 -0.117574 -0.992523 -0.032495 0 0.989263 -0.114202 -0.0911947 0 0.470941 -0.105393 0.760008 1 
0.0868157 -0.0428653 0.995292 0 -0.117532 -0.992528 -0.0324943 0 0.989267 -0.11416 -0.0912068 0 0.470949 -0.105372 0.760002 1 
0.0868256 -0.0428636 0.995291 0 -0.117495 -0.992532 -0.0324949 0 0.98927 -0.114123 -0.0912151 0 0.470956 -0.105354 0.759998 1 
0.0868392 -0.0428616 0.99529 0 -0.117459 -0.992536 -0.0324947 0 0.989273 -0.114086 -0.0912273 0 0.470961 -0.105337 0.759992 1 
0.086852 -0.0428554 0.995289 0 -0.117421 -0.992541 -0.0324906 0 0.989277 -0.114048 -0.0912381 0 0.470968 -0.105318 0.759987 1 
0.0868597 -0.042855 0.995289 0 -0.117389 -0.992545 -0.0324922 0 0.98928 -0.114015 -0.0912446 0 0.470974 -0.105304 0.759984 1 
0.0868732 -0.0428494 0.995288 0 -0.117349 -0.992549 -0.0324888 0 0.989283 -0.113976 -0.0912561 0 0.470982 -0.105285 0.759978 1 
0.0868823 -0.0428522 0.995287 0 -0.117313 -0.992554 -0.0324938 0 0.989287 -0.11394 -0.0912642 0 0.470988 -0.105268 0.759974 1 
0.0868916 -0.0428413 0.995287 0 -0.117275 -0.992558 -0.0324854 0 0.989291 -0.113902 -0.0912709 0 0.470994 -0.10525 0.759971 1 
0.0869059 -0.0428468 0.995285 0 -0.117233 -0.992563 -0.0324932 0 0.989294 -0.113859 -0.0912844 0 0.471004 -0.10523 0.759965 1 
0.0869217 -0.0428427 0.995284 0 -0.1172 -0.992567 -0.0324902 0 0.989297 -0.113825 -0.0912986 0 0.471011 -0.105214 0.759958 1 
0.0869321 -0.0428438 0.995283 0 -0.117159 -0.992572 -0.0324939 0 0.989301 -0.113784 -0.0913077 0 0.471018 -0.105195 0.759954 1 
0.0869446 -0.042837 0.995282 0 -0.117124 -0.992576 -0.032489 0 0.989304 -0.113749 -0.0913181 0 0.471025 -0.105179 0.759949 1 
0.0869535 -0.0428323 0.995281 0 -0.117084 -0.992581 -0.032487 0 0.989308 -0.113709 -0.0913251 0 0.471032 -0.105159 0.759945 1 
0.0869637 -0.0428272 0.995281 0 -0.117046 -0.992585 -0.0324842 0 0.989311 -0.113671 -0.0913334 0 0.471039 -0.105141 0.759942 1 
0.0869726 -0.0428297 0.99528 0 -0.117004 -0.99259 -0.0324895 0 0.989316 -0.113628 -0.0913411 0 0.471046 -0.105121 0.759939 1 
0.0869916 -0.0428237 0.995279 0 -0.116968 -0.992595 -0.0324847 0 0.989318 -0.113592 -0.0913581 0 0.471055 -0.105104 0.759931 1 
0.0869976 -0.042815 0.995278 0 -0.116925 -0.9926 -0.0324793 0 0.989323 -0.11355 -0.0913617 0 0.471062 -0.105083 0.75993 1 
0.0870056 -0.0428145 0.995278 0 -0.116892 -0.992604 -0.0324809 0 0.989326 -0.113517 -0.0913685 0 0.471068 -0.105069 0.759926 1 
0.0870234 -0.0428183 0.995276 0 -0.11685 -0.992608 -0.0324866 0 0.989329 -0.113473 -0.0913852 0 0.471078 -0.105048 0.759919 1 
0.0870331 -0.042812 0.995275 0 -0.116806 -0.992614 -0.0324832 0 0.989334 -0.11343 -0.0913927 0 0.471085 -0.105026 0.759916 1 
0.0870519 -0.0428087 0.995274 0 -0.116764 -0.992619 -0.0324817 0 0.989337 -0.113387 -0.0914097 0 0.471095 -0.105005 0.759909 1 
0.0870566 -0.0427982 0.995274 0 -0.116723 -0.992624 -0.0324744 0 0.989341 -0.113347 -0.0914118 0 0.471101 -0.104986 0.759909 1 
0.0870711 -0.0428003 0.995273 0 -0.116689 -0.992628 -0.032478 0 0.989344 -0.113312 -0.0914253 0 0.47111 -0.104971 0.759903 1 
0.0871018 -0.0427858 0.995271 0 -0.11657 -0.992642 -0.0324711 0 0.989355 -0.113193 -0.0914501 0 0.471133 -0.104914 0.759893 1 
0.0871216 -0.0427762 0.995269 0 -0.116526 -0.992647 -0.0324633 0 0.989359 -0.113149 -0.0914673 0 0.471143 -0.104892 0.759886 1 
0.08713 -0.0427756 0.995268 0 -0.116482 -0.992652 -0.0324658 0 0.989363 -0.113105 -0.0914742 0 0.47115 -0.104871 0.759884 1 
0.0871379 -0.042773 0.995268 0 -0.116443 -0.992657 -0.0324659 0 0.989367 -0.113065 -0.0914804 0 0.471157 -0.104852 0.759881 1 
0.0871499 -0.0427686 0.995267 0 -0.116403 -0.992662 -0.0324639 0 0.989371 -0.113025 -0.0914905 0 0.471165 -0.104832 0.759878 1 
0.0871652 -0.0427634 0.995266 0 -0.116364 -0.992666 -0.0324605 0 0.989374 -0.112986 -0.0915038 0 0.471174 -0.104816 0.759873 1 
0.0871807 -0.0427627 0.995265 0 -0.116323 -0.992671 -0.0324619 0 0.989378 -0.112944 -0.0915178 0 0.471182 -0.104795 0.759868 1 
0.0871974 -0.0427593 0.995263 0 -0.116283 -0.992676 -0.0324603 0 0.989381 -0.112904 -0.0915327 0 0.471192 -0.104775 0.759862 1 
0.0872129 -0.0427602 0.995262 0 -0.116245 -0.99268 -0.032463 0 0.989384 -0.112866 -0.091547 0 0.4712 -0.104757 0.759856 1 
0.0872179 -0.0427512 0.995262 0 -0.116204 -0.992685 -0.0324572 0 0.989388 -0.112825 -0.0915495 0 0.471206 -0.104738 0.759857 1 
0.087232 -0.0427462 0.995261 0 -0.116165 -0.99269 -0.0324542 0 0.989392 -0.112786 -0.0915617 0 0.471214 -0.104719 0.759853 1 
0.0872492 -0.0427384 0.99526 0 -0.11612 -0.992695 -0.0324486 0 0.989395 -0.112741 -0.0915764 0 0.471224 -0.104697 0.759847 1 
0.08727 -0.0427439 0.995258 0 -0.116084 -0.992699 -0.0324551 0 0.989398 -0.112704 -0.0915965 0 0.471234 -0.10468 0.75984 1 
0.0872849 -0.0427339 0.995257 0 -0.116035 -0.992705 -0.032448 0 0.989402 -0.112655 -0.0916086 0 0.471243 -0.104656 0.759835 1 
0.0872981 -0.0427272 0.995256 0 -0.115997 -0.99271 -0.0324432 0 0.989405 -0.112617 -0.0916197 0 0.471252 -0.104638 0.759831 1 
0.0873157 -0.0427229 0.995254 0 -0.115958 -0.992714 -0.0324406 0 0.989409 -0.112578 -0.0916354 0 0.471261 -0.104619 0.759825 1 
0.087333 -0.0427222 0.995253 0 -0.115914 -0.99272 -0.032442 0 0.989412 -0.112533 -0.0916511 0 0.471271 -0.104598 0.759819 1 
0.087348 -0.0427188 0.995252 0 -0.115871 -0.992725 -0.032441 0 0.989416 -0.112489 -0.0916641 0 0.471279 -0.104576 0.759815 1 
0.0873684 -0.0427153 0.99525 0 -0.115832 -0.992729 -0.0324387 0 0.989419 -0.11245 -0.0916827 0 0.471288 -0.104558 0.759808 1 
0.0873844 -0.04271 0.995249 0 -0.115792 -0.992734 -0.0324354 0 0.989422 -0.112409 -0.0916967 0 0.471297 -0.104539 0.759802 1 
0.0874025 -0.0427065 0.995248 0 -0.115751 -0.992739 -0.0324336 0 0.989425 -0.112368 -0.0917129 0 0.471307 -0.104519 0.759796 1 
0.0874181 -0.0427049 0.995246 0 -0.115705 -0.992744 -0.0324345 0 0.989429 -0.112322 -0.0917267 0 0.471315 -0.104497 0.759791 1 
0.08744 -0.042703 0.995244 0 -0.115667 -0.992749 -0.0324337 0 0.989432 -0.112283 -0.0917471 0 0.471325 -0.104479 0.759784 1 
0.0874588 -0.0426969 0.995243 0 -0.115622 -0.992754 -0.0324296 0 0.989435 -0.112238 -0.0917636 0 0.471335 -0.104458 0.759778 1 
0.0874808 -0.0426922 0.995241 0 -0.11558 -0.992759 -0.0324263 0 0.989438 -0.112195 -0.0917835 0 0.471345 -0.104437 0.759771 1 
0.0874943 -0.0426944 0.99524 0 -0.115534 -0.992764 -0.0324313 0 0.989442 -0.112149 -0.0917957 0 0.471353 -0.104416 0.759767 1 
0.0875113 -0.0426909 0.995239 0 -0.115495 -0.992769 -0.0324294 0 0.989445 -0.11211 -0.0918109 0 0.471363 -0.104397 0.759762 1 
0.0875325 -0.0426865 0.995237 0 -0.11545 -0.992774 -0.0324269 0 0.989449 -0.112064 -0.09183 0 0.471373 -0.104376 0.759755 1 
0.0875567 -0.0426762 0.995235 0 -0.115402 -0.99278 -0.0324184 0 0.989452 -0.112016 -0.0918512 0 0.471385 -0.104352 0.759746 1 
0.0875769 -0.0426779 0.995233 0 -0.115361 -0.992785 -0.0324215 0 0.989455 -0.111974 -0.0918701 0 0.471394 -0.104332 0.759739 1 
0.0875945 -0.0426812 0.995232 0 -0.115317 -0.99279 -0.0324269 0 0.989459 -0.111929 -0.0918865 0 0.471404 -0.104311 0.759733 1 
0.0876203 -0.0426761 0.99523 0 -0.11527 -0.992795 -0.0324233 0 0.989462 -0.111882 -0.0919101 0 0.471415 -0.104289 0.759724 1 
0.0876388 -0.0426642 0.995229 0 -0.115224 -0.992801 -0.0324137 0 0.989466 -0.111836 -0.0919256 0 0.471425 -0.104267 0.759719 1 
0.0876601 -0.0426595 0.995227 0 -0.115175 -0.992807 -0.0324111 0 0.98947 -0.111786 -0.0919446 0 0.471436 -0.104244 0.759712 1 
0.0876827 -0.0426658 0.995225 0 -0.115133 -0.992811 -0.0324188 0 0.989472 -0.111743 -0.0919664 0 0.471448 -0.104224 0.759703 1 
0.0876985 -0.0426604 0.995223 0 -0.115081 -0.992817 -0.0324163 0 0.989477 -0.111691 -0.0919798 0 0.471458 -0.104199 0.759698 1 
0.0877195 -0.0426512 0.995222 0 -0.115035 -0.992823 -0.0324091 0 0.989481 -0.111644 -0.0919981 0 0.471468 -0.104177 0.759691 1 
0.0877411 -0.042649 0.99522 0 -0.114993 -0.992828 -0.0324084 0 0.989484 -0.111602 -0.0920179 0 0.47148 -0.104157 0.759684 1 
0.0877571 -0.0426449 0.995219 0 -0.11494 -0.992834 -0.0324075 0 0.989488 -0.111548 -0.0920316 0 0.471491 -0.10413 0.759678 1 
0.0877801 -0.0426416 0.995217 0 -0.114897 -0.992839 -0.0324055 0 0.989491 -0.111505 -0.0920527 0 0.471503 -0.10411 0.759669 1 
0.0877973 -0.0426402 0.995216 0 -0.11485 -0.992844 -0.0324067 0 0.989495 -0.111457 -0.092068 0 0.471513 -0.104088 0.759664 1 
0.087825 -0.0426297 0.995214 0 -0.114793 -0.992851 -0.0323983 0 0.989499 -0.1114 -0.0920925 0 0.471528 -0.10406 0.759654 1 
0.0878453 -0.0426255 0.995212 0 -0.114746 -0.992857 -0.0323963 0 0.989503 -0.111353 -0.0921107 0 0.471538 -0.104037 0.759646 1 
0.0878662 -0.0426254 0.99521 0 -0.1147 -0.992862 -0.0323981 0 0.989506 -0.111306 -0.0921299 0 0.471551 -0.104016 0.759639 1 
0.0878933 -0.0426169 0.995208 0 -0.114648 -0.992868 -0.0323913 0 0.98951 -0.111254 -0.0921542 0 0.471563 -0.10399 0.75963 1 
0.0879166 -0.0426171 0.995206 0 -0.114605 -0.992873 -0.0323929 0 0.989513 -0.11121 -0.092176 0 0.471576 -0.10397 0.759621 1 
0.0879365 -0.0426094 0.995205 0 -0.114554 -0.992879 -0.0323878 0 0.989517 -0.111159 -0.0921932 0 0.471587 -0.103944 0.759615 1 
0.0879707 -0.0426092 0.995202 0 -0.114505 -0.992885 -0.0323884 0 0.98952 -0.111108 -0.0922255 0 0.471604 -0.103921 0.759602 1 
0.0879934 -0.042606 0.9952 0 -0.114457 -0.99289 -0.0323871 0 0.989523 -0.11106 -0.0922461 0 0.471615 -0.103899 0.759593 1 
0.0880165 -0.0425983 0.995198 0 -0.114407 -0.992896 -0.0323815 0 0.989527 -0.111009 -0.0922666 0 0.471627 -0.103875 0.759586 1 
0.0880388 -0.0425934 0.995196 0 -0.114359 -0.992902 -0.0323786 0 0.989531 -0.110962 -0.0922866 0 0.47164 -0.103851 0.759578 1 
0.0880682 -0.0425891 0.995194 0 -0.114304 -0.992908 -0.0323762 0 0.989534 -0.110905 -0.0923136 0 0.471655 -0.103824 0.759569 1 
0.0880927 -0.04259 0.995192 0 -0.114264 -0.992913 -0.032378 0 0.989537 -0.110864 -0.0923367 0 0.471667 -0.103806 0.75956 1 
0.0881173 -0.0425844 0.99519 0 -0.114215 -0.992919 -0.0323742 0 0.98954 -0.110815 -0.0923588 0 0.47168 -0.103783 0.759551 1 
0.0881443 -0.0425776 0.995188 0 -0.11417 -0.992924 -0.0323686 0 0.989543 -0.11077 -0.0923834 0 0.471694 -0.103762 0.759542 1 
0.0881776 -0.0425753 0.995185 0 -0.114119 -0.99293 -0.0323674 0 0.989546 -0.110718 -0.0924146 0 0.471708 -0.103737 0.759529 1 
0.0881966 -0.0425738 0.995183 0 -0.114076 -0.992935 -0.0323679 0 0.989549 -0.110674 -0.0924319 0 0.471719 -0.103716 0.759523 1 
0.0882293 -0.0425671 0.995181 0 -0.114025 -0.992941 -0.0323622 0 0.989552 -0.110623 -0.092462 0 0.471734 -0.103691 0.759511 1 
0.0882629 -0.04256 0.995178 0 -0.113976 -0.992947 -0.032356 0 0.989555 -0.110573 -0.0924929 0 0.47175 -0.103667 0.7595 1 
0.0882931 -0.042559 0.995175 0 -0.113927 -0.992952 -0.0323562 0 0.989558 -0.110523 -0.0925213 0 0.471764 -0.103644 0.759489 1 
0.0883231 -0.0425584 0.995173 0 -0.113882 -0.992958 -0.0323565 0 0.98956 -0.110476 -0.0925495 0 0.471779 -0.103622 0.759478 1 
0.0883483 -0.0425578 0.99517 0 -0.113839 -0.992962 -0.0323571 0 0.989563 -0.110433 -0.0925731 0 0.471793 -0.103602 0.759469 1 
0.0883789 -0.0425518 0.995168 0 -0.113797 -0.992967 -0.0323516 0 0.989565 -0.11039 -0.0926014 0 0.471808 -0.103583 0.759458 1 
0.0884116 -0.042545 0.995165 0 -0.113748 -0.992973 -0.0323457 0 0.989568 -0.110341 -0.0926316 0 0.471822 -0.103559 0.759447 1 
0.0884468 -0.0425429 0.995162 0 -0.113704 -0.992978 -0.0323439 0 0.98957 -0.110296 -0.0926649 0 0.471838 -0.103538 0.759434 1 
0.0884776 -0.042543 0.99516 0 -0.113651 -0.992984 -0.0323456 0 0.989573 -0.110241 -0.0926937 0 0.471853 -0.103511 0.759423 1 
0.0885101 -0.0425461 0.995157 0 -0.113609 -0.992989 -0.0323489 0 0.989575 -0.110198 -0.092725 0 0.471869 -0.103493 0.759411 1 
0.0885423 -0.0425373 0.995154 0 -0.11356 -0.992995 -0.0323411 0 0.989578 -0.110149 -0.0927544 0 0.471884 -0.103469 0.7594 1 
0.0885781 -0.0425306 0.995151 0 -0.113517 -0.993 -0.0323345 0 0.989579 -0.110105 -0.0927878 0 0.4719 -0.103449 0.759387 1 
0.0886092 -0.0425367 0.995148 0 -0.113474 -0.993005 -0.0323412 0 0.989582 -0.11006 -0.092818 0 0.471914 -0.103429 0.759376 1 
0.0886443 -0.0425298 0.995145 0 -0.113427 -0.99301 -0.0323348 0 0.989584 -0.110013 -0.0928505 0 0.471932 -0.103406 0.759363 1 
0.0886742 -0.0425303 0.995143 0 -0.113379 -0.993016 -0.0323365 0 0.989587 -0.109963 -0.0928788 0 0.471946 -0.103383 0.759353 1 
0.0887058 -0.0425278 0.99514 0 -0.113335 -0.993021 -0.0323346 0 0.989589 -0.109918 -0.0929084 0 0.471961 -0.103362 0.759342 1 
0.0887393 -0.042518 0.995137 0 -0.113287 -0.993027 -0.0323256 0 0.989591 -0.10987 -0.0929391 0 0.471978 -0.103339 0.75933 1 
0.0887745 -0.0425181 0.995134 0 -0.113245 -0.993031 -0.0323258 0 0.989593 -0.109826 -0.0929726 0 0.471994 -0.103319 0.759316 1 
0.0888064 -0.0425159 0.995131 0 -0.113198 -0.993037 -0.0323245 0 0.989595 -0.109779 -0.0930026 0 0.472009 -0.103297 0.759306 1 
0.0888491 -0.0425146 0.995128 0 -0.11315 -0.993042 -0.032323 0 0.989597 -0.109729 -0.0930432 0 0.472028 -0.103274 0.75929 1 
0.0888824 -0.0425076 0.995125 0 -0.113105 -0.993048 -0.0323165 0 0.989599 -0.109684 -0.0930741 0 0.472045 -0.103253 0.759278 1 
0.0889221 -0.0425068 0.995121 0 -0.113059 -0.993053 -0.0323156 0 0.989601 -0.109636 -0.0931119 0 0.472064 -0.103231 0.759263 1 
0.0889583 -0.0425071 0.995118 0 -0.113016 -0.993058 -0.0323161 0 0.989603 -0.109591 -0.0931465 0 0.47208 -0.10321 0.759251 1 
0.0889911 -0.0425059 0.995115 0 -0.112972 -0.993063 -0.0323154 0 0.989605 -0.109546 -0.0931775 0 0.472097 -0.103189 0.759238 1 
0.0890348 -0.0424979 0.995112 0 -0.112928 -0.993068 -0.0323067 0 0.989606 -0.109502 -0.0932186 0 0.472116 -0.103168 0.759223 1 
0.0890696 -0.0424954 0.995109 0 -0.112881 -0.993074 -0.0323048 0 0.989608 -0.109453 -0.0932514 0 0.472133 -0.103146 0.759211 1 
0.0891049 -0.042488 0.995106 0 -0.112833 -0.993079 -0.032298 0 0.98961 -0.109405 -0.0932841 0 0.472151 -0.103123 0.759198 1 
0.0891451 -0.0424895 0.995102 0 -0.112787 -0.993084 -0.0322994 0 0.989612 -0.109358 -0.0933227 0 0.47217 -0.1031 0.759184 1 
0.0891757 -0.0424803 0.9951 0 -0.112738 -0.99309 -0.0322916 0 0.989615 -0.109308 -0.0933504 0 0.472186 -0.103076 0.759173 1 
0.0892129 -0.0424797 0.995097 0 -0.112692 -0.993095 -0.0322911 0 0.989617 -0.109261 -0.0933859 0 0.472204 -0.103056 0.75916 1 
0.0892585 -0.0424774 0.995093 0 -0.112646 -0.993101 -0.0322882 0 0.989618 -0.109214 -0.0934294 0 0.472223 -0.103034 0.759142 1 
0.0892952 -0.0424695 0.99509 0 -0.112595 -0.993107 -0.032281 0 0.98962 -0.109162 -0.0934633 0 0.472243 -0.103008 0.75913 1 
0.089335 -0.0424709 0.995086 0 -0.112549 -0.993112 -0.0322825 0 0.989622 -0.109114 -0.0935015 0 0.47226 -0.102986 0.759115 1 
0.0893752 -0.0424696 0.995082 0 -0.112502 -0.993117 -0.0322811 0 0.989624 -0.109066 -0.0935398 0 0.472281 -0.102963 0.759101 1 
0.0894083 -0.0424625 0.99508 0 -0.112451 -0.993123 -0.0322752 0 0.989626 -0.109014 -0.0935703 0 0.472299 -0.102939 0.75909 1 
0.0894534 -0.0424589 0.995076 0 -0.11241 -0.993128 -0.0322706 0 0.989627 -0.108972 -0.0936132 0 0.472318 -0.10292 0.759074 1 
0.0895016 -0.0424541 0.995072 0 -0.112357 -0.993134 -0.0322655 0 0.989629 -0.108917 -0.0936589 0 0.472341 -0.102893 0.759056 1 
0.0895411 -0.0424531 0.995068 0 -0.112315 -0.993139 -0.0322641 0 0.98963 -0.108875 -0.0936966 0 0.472359 -0.102873 0.759042 1 
0.0895755 -0.0424429 0.995066 0 -0.112261 -0.993145 -0.0322553 0 0.989633 -0.10882 -0.093728 0 0.472377 -0.102846 0.759031 1 
0.0896233 -0.0424411 0.995061 0 -0.112222 -0.99315 -0.032252 0 0.989633 -0.108779 -0.093774 0 0.472399 -0.102828 0.759014 1 
0.0896638 -0.0424375 0.995058 0 -0.112176 -0.993155 -0.0322483 0 0.989635 -0.108732 -0.0938124 0 0.472419 -0.102805 0.758999 1 
0.0897069 -0.0424306 0.995054 0 -0.112125 -0.993161 -0.0322414 0 0.989636 -0.108681 -0.0938528 0 0.472439 -0.10278 0.758985 1 
0.0897511 -0.0424268 0.99505 0 -0.112076 -0.993167 -0.0322375 0 0.989638 -0.10863 -0.0938947 0 0.47246 -0.102756 0.75897 1 
0.089791 -0.042416 0.995047 0 -0.112026 -0.993173 -0.0322271 0 0.98964 -0.108579 -0.0939315 0 0.47248 -0.102732 0.758957 1 
0.0898344 -0.0424121 0.995044 0 -0.11198 -0.993178 -0.0322228 0 0.989641 -0.108532 -0.0939727 0 0.4725 -0.10271 0.758942 1 
0.089882 -0.0424095 0.995039 0 -0.111929 -0.993184 -0.0322199 0 0.989643 -0.10848 -0.094018 0 0.472524 -0.102684 0.758924 1 
0.0899275 -0.0424095 0.995035 0 -0.111886 -0.993189 -0.0322189 0 0.989643 -0.108435 -0.0940618 0 0.472544 -0.102664 0.758909 1 
0.0899723 -0.0424016 0.995032 0 -0.111835 -0.993195 -0.0322111 0 0.989645 -0.108383 -0.0941038 0 0.472567 -0.102637 0.758893 1 
0.0900178 -0.0423959 0.995028 0 -0.111797 -0.993199 -0.032204 0 0.989645 -0.108344 -0.0941472 0 0.472588 -0.10262 0.758877 1 
0.0900622 -0.0423954 0.995024 0 -0.111752 -0.993205 -0.0322029 0 0.989646 -0.108297 -0.0941897 0 0.47261 -0.102598 0.758861 1 
0.0901059 -0.0423843 0.99502 0 -0.111701 -0.993211 -0.0321918 0 0.989648 -0.108247 -0.0942303 0 0.472632 -0.102573 0.758847 1 
0.0901557 -0.0423835 0.995016 0 -0.11166 -0.993215 -0.0321896 0 0.989648 -0.108203 -0.0942784 0 0.472656 -0.102552 0.758828 1 
0.0902064 -0.0423762 0.995011 0 -0.111616 -0.99322 -0.032181 0 0.989649 -0.108159 -0.0943265 0 0.472679 -0.102531 0.758812 1 
0.090256 -0.042368 0.995007 0 -0.111567 -0.993226 -0.0321721 0 0.98965 -0.108108 -0.0943734 0 0.472702 -0.102507 0.758795 1 
0.0902998 -0.0423644 0.995003 0 -0.111523 -0.993231 -0.0321679 0 0.989651 -0.108063 -0.094415 0 0.472723 -0.102485 0.758781 1 
0.0903533 -0.0423652 0.994999 0 -0.111483 -0.993236 -0.0321667 0 0.98965 -0.108022 -0.094467 0 0.472748 -0.102466 0.758761 1 
0.0903998 -0.0423545 0.994995 0 -0.111436 -0.993242 -0.0321553 0 0.989651 -0.107974 -0.0945105 0 0.47277 -0.102443 0.758746 1 
0.0904514 -0.042349 0.99499 0 -0.111394 -0.993246 -0.0321483 0 0.989651 -0.10793 -0.0945598 0 0.472795 -0.102423 0.758727 1 
0.090505 -0.0423472 0.994986 0 -0.111345 -0.993252 -0.0321453 0 0.989652 -0.10788 -0.0946112 0 0.472819 -0.102398 0.758709 1 
0.0905558 -0.0423435 0.994981 0 -0.111304 -0.993257 -0.0321401 0 0.989652 -0.107837 -0.09466 0 0.472842 -0.102377 0.758691 1 
0.0906069 -0.0423441 0.994976 0 -0.111263 -0.993262 -0.0321391 0 0.989652 -0.107794 -0.0947095 0 0.472867 -0.102358 0.758674 1 
0.0906564 -0.0423418 0.994972 0 -0.111218 -0.993267 -0.0321357 0 0.989652 -0.107748 -0.094757 0 0.47289 -0.102338 0.758657 1 
0.0907119 -0.0423304 0.994967 0 -0.111174 -0.993272 -0.0321224 0 0.989652 -0.107703 -0.0948094 0 0.472915 -0.102315 0.758639 1 
0.0907587 -0.0423272 0.994963 0 -0.111128 -0.993277 -0.0321186 0 0.989653 -0.107655 -0.0948541 0 0.472938 -0.102293 0.758624 1 
0.0908151 -0.0423223 0.994958 0 -0.111084 -0.993282 -0.0321118 0 0.989653 -0.10761 -0.0949082 0 0.472965 -0.10227 0.758604 1 
0.0908676 -0.042326 0.994953 0 -0.111048 -0.993286 -0.0321132 0 0.989652 -0.107571 -0.0949596 0 0.47299 -0.102253 0.758585 1 
0.0909248 -0.0423152 0.994949 0 -0.111001 -0.993292 -0.0321008 0 0.989652 -0.107523 -0.0950138 0 0.473016 -0.10223 0.758566 1 
0.0909832 -0.0423016 0.994944 0 -0.11095 -0.993298 -0.0320857 0 0.989652 -0.107472 -0.0950687 0 0.473044 -0.102205 0.758547 1 
0.0910375 -0.0423025 0.994939 0 -0.110914 -0.993302 -0.0320843 0 0.989651 -0.107433 -0.0951215 0 0.473069 -0.102187 0.758528 1 
0.0910949 -0.0422993 0.994934 0 -0.110873 -0.993307 -0.0320788 0 0.989651 -0.107391 -0.0951769 0 0.473096 -0.102167 0.758509 1 
0.0911548 -0.042297 0.994928 0 -0.110826 -0.993312 -0.0320745 0 0.98965 -0.107343 -0.0952347 0 0.473124 -0.102143 0.758489 1 
0.0912079 -0.0422869 0.994924 0 -0.110786 -0.993317 -0.0320625 0 0.98965 -0.107302 -0.0952851 0 0.47315 -0.102124 0.758471 1 
0.0912663 -0.0422814 0.994919 0 -0.110745 -0.993322 -0.0320547 0 0.989649 -0.107258 -0.0953411 0 0.473177 -0.102104 0.758453 1 
0.091327 -0.0422818 0.994913 0 -0.110704 -0.993327 -0.0320525 0 0.989648 -0.107215 -0.0954001 0 0.473204 -0.102084 0.758432 1 
0.0913861 -0.0422802 0.994908 0 -0.110667 -0.993331 -0.032048 0 0.989647 -0.107177 -0.0954575 0 0.473233 -0.102065 0.758412 1 
0.0914449 -0.0422706 0.994903 0 -0.110621 -0.993337 -0.0320365 0 0.989647 -0.107129 -0.0955134 0 0.473259 -0.102043 0.758394 1 
0.091501 -0.0422648 0.994898 0 -0.110581 -0.993341 -0.0320285 0 0.989646 -0.107088 -0.0955673 0 0.473287 -0.102023 0.758376 1 
0.0916213 -0.0422571 0.994887 0 -0.110499 -0.993351 -0.0320157 0 0.989644 -0.107003 -0.0956833 0 0.473343 -0.101982 0.758335 1 
0.0916813 -0.0422532 0.994882 0 -0.110462 -0.993355 -0.032009 0 0.989643 -0.106964 -0.0957413 0 0.473373 -0.101964 0.758317 1 
0.0917481 -0.0422442 0.994876 0 -0.110423 -0.99336 -0.0319965 0 0.989641 -0.106924 -0.0958054 0 0.473404 -0.101945 0.758294 1 
0.0918162 -0.0422397 0.99487 0 -0.110385 -0.993364 -0.0319884 0 0.989639 -0.106884 -0.0958714 0 0.473435 -0.101926 0.758272 1 
0.0918759 -0.0422371 0.994865 0 -0.110345 -0.993369 -0.0319832 0 0.989637 -0.106842 -0.0959292 0 0.473464 -0.101906 0.758253 1 
0.0919351 -0.0422313 0.994859 0 -0.110312 -0.993373 -0.0319743 0 0.989636 -0.106807 -0.0959863 0 0.473493 -0.101889 0.758235 1 
0.0920033 -0.042225 0.994853 0 -0.110272 -0.993378 -0.0319645 0 0.989634 -0.106766 -0.0960521 0 0.473524 -0.101869 0.758212 1 
0.092067 -0.0422204 0.994848 0 -0.110238 -0.993382 -0.0319564 0 0.989632 -0.10673 -0.0961138 0 0.473554 -0.101853 0.75819 1 
0.092131 -0.0422125 0.994842 0 -0.110201 -0.993386 -0.0319451 0 0.98963 -0.106691 -0.0961753 0 0.473584 -0.101834 0.75817 1 
0.0921962 -0.0422073 0.994836 0 -0.110168 -0.99339 -0.0319362 0 0.989627 -0.106657 -0.0962385 0 0.473616 -0.101817 0.75815 1 
0.0922508 -0.0422078 0.994831 0 -0.11013 -0.993394 -0.0319344 0 0.989627 -0.106617 -0.0962916 0 0.473644 -0.101799 0.758134 1 
0.0923153 -0.0422013 0.994825 0 -0.1101 -0.993398 -0.031924 0 0.989624 -0.106585 -0.0963541 0 0.473675 -0.101784 0.758113 1 
0.0923757 -0.0421966 0.99482 0 -0.110065 -0.993402 -0.0319162 0 0.989622 -0.106549 -0.0964124 0 0.473705 -0.101767 0.758094 1 
0.0924414 -0.0421866 0.994814 0 -0.110027 -0.993407 -0.0319028 0 0.98962 -0.10651 -0.0964754 0 0.473739 -0.101747 0.758073 1 
0.0925077 -0.0421848 0.994808 0 -0.109996 -0.99341 -0.0318969 0 0.989617 -0.106476 -0.0965401 0 0.473771 -0.101732 0.758052 1 
0.0925645 -0.0421791 0.994803 0 -0.109968 -0.993414 -0.0318879 0 0.989615 -0.106447 -0.096595 0 0.473802 -0.101717 0.758034 1 
0.0926286 -0.0421729 0.994798 0 -0.109935 -0.993418 -0.031878 0 0.989613 -0.106413 -0.096657 0 0.473835 -0.101701 0.758014 1 
0.0926937 -0.0421681 0.994792 0 -0.109909 -0.993421 -0.0318688 0 0.98961 -0.106385 -0.0967204 0 0.473867 -0.101688 0.757992 1 
0.0927569 -0.0421618 0.994786 0 -0.10988 -0.993425 -0.0318586 0 0.989607 -0.106354 -0.0967816 0 0.473902 -0.101674 0.757972 1 
0.0928231 -0.0421508 0.99478 0 -0.10985 -0.993428 -0.0318434 0 0.989604 -0.106322 -0.0968452 0 0.473935 -0.101657 0.757951 1 
0.0928818 -0.0421498 0.994775 0 -0.109823 -0.993431 -0.0318388 0 0.989602 -0.106294 -0.0969025 0 0.473967 -0.101644 0.757932 1 
