0.00553418 -0.00246006 0.999972 0 -0.00194123 -0.999985 -0.00244935 0 0.999983 -0.00192766 -0.00553898 0 0.430817 -0.0025218 0.782655 1 
0.0419556 -0.0613672 0.997223 0 -0.0647031 -0.996174 -0.0585804 0 0.997022 -0.0620668 -0.0457666 0 0.436791 -0.0591159 0.789273 1 
0.0419648 -0.0613598 0.997223 0 -0.0646733 -0.996176 -0.0585738 0 0.997024 -0.0620369 -0.0457736 0 0.436796 -0.0591032 0.78927 1 
0.0419624 -0.0613596 0.997224 0 -0.0646459 -0.996178 -0.0585751 0 0.997026 -0.0620096 -0.0457695 0 0.436796 -0.0590917 0.789272 1 
0.0419632 -0.0613609 0.997223 0 -0.0646155 -0.99618 -0.0585776 0 0.997027 -0.0619792 -0.0457686 0 0.436797 -0.0590788 0.789273 1 
0.0419599 -0.0613645 0.997223 0 -0.0645911 -0.996181 -0.0585826 0 0.997029 -0.0619549 -0.0457641 0 0.436798 -0.0590684 0.789275 1 
0.0419729 -0.061361 0.997223 0 -0.0645588 -0.996183 -0.0585797 0 0.997031 -0.061922 -0.0457749 0 0.436803 -0.0590531 0.78927 1 
0.0419687 -0.0613648 0.997223 0 -0.0645319 -0.996185 -0.0585851 0 0.997033 -0.0618952 -0.0457694 0 0.436802 -0.0590427 0.789273 1 
0.0419782 -0.0613546 0.997223 0 -0.0645008 -0.996187 -0.0585757 0 0.997034 -0.061864 -0.0457765 0 0.436806 -0.0590283 0.789269 1 
0.0419809 -0.0613535 0.997223 0 -0.064471 -0.996189 -0.0585758 0 0.997036 -0.0618341 -0.0457773 0 0.436808 -0.059014 0.789268 1 
0.0419806 -0.0613619 0.997223 0 -0.0644441 -0.99619 -0.0585855 0 0.997038 -0.0618069 -0.045776 0 0.43681 -0.0590033 0.789268 1 
0.0419799 -0.0613583 0.997223 0 -0.064414 -0.996193 -0.0585832 0 0.99704 -0.061777 -0.0457733 0 0.436811 -0.05899 0.78927 1 
0.041987 -0.0613542 0.997223 0 -0.0643872 -0.996194 -0.05858 0 0.997041 -0.06175 -0.0457786 0 0.436814 -0.0589778 0.789267 1 
0.0419917 -0.0613474 0.997223 0 -0.0643552 -0.996197 -0.0585744 0 0.997043 -0.0617181 -0.0457809 0 0.436817 -0.0589632 0.789267 1 
0.0419936 -0.0613492 0.997223 0 -0.0643275 -0.996198 -0.0585773 0 0.997045 -0.0616901 -0.0457813 0 0.436818 -0.0589516 0.789266 1 
0.0419915 -0.0613507 0.997223 0 -0.0642977 -0.9962 -0.0585803 0 0.997047 -0.0616605 -0.0457775 0 0.436819 -0.058939 0.789268 1 
0.0420025 -0.0613513 0.997222 0 -0.0642676 -0.996202 -0.0585817 0 0.997048 -0.0616297 -0.0457868 0 0.436823 -0.0589249 0.789264 1 
0.0420023 -0.0613464 0.997223 0 -0.064233 -0.996205 -0.0585783 0 0.997051 -0.0615953 -0.0457842 0 0.436825 -0.0589089 0.789265 1 
0.0420075 -0.0613425 0.997223 0 -0.0642038 -0.996207 -0.0585755 0 0.997052 -0.061566 -0.0457875 0 0.436827 -0.0588965 0.789264 1 
0.0420088 -0.0613401 0.997223 0 -0.0641681 -0.996209 -0.0585746 0 0.997054 -0.0615305 -0.0457865 0 0.436829 -0.0588798 0.789264 1 
0.0420119 -0.0613415 0.997223 0 -0.0641354 -0.996211 -0.0585773 0 0.997056 -0.0614975 -0.0457877 0 0.436832 -0.0588653 0.789265 1 
0.0420278 -0.0613389 0.997222 0 -0.0641052 -0.996213 -0.0585751 0 0.997058 -0.0614665 -0.0458016 0 0.436836 -0.0588517 0.789258 1 
0.0420236 -0.0613355 0.997223 0 -0.0640752 -0.996215 -0.0585733 0 0.99706 -0.061437 -0.0457955 0 0.436838 -0.0588388 0.78926 1 
0.0420288 -0.0613325 0.997222 0 -0.0640414 -0.996217 -0.0585716 0 0.997062 -0.061403 -0.0457985 0 0.436841 -0.0588244 0.789258 1 
0.0420287 -0.0613343 0.997222 0 -0.0640111 -0.996219 -0.0585748 0 0.997064 -0.0613726 -0.0457967 0 0.436843 -0.0588104 0.78926 1 
0.0420413 -0.0613359 0.997222 0 -0.0639821 -0.996221 -0.0585769 0 0.997065 -0.0613429 -0.0458077 0 0.436847 -0.0587975 0.789255 1 
0.0420391 -0.0613338 0.997222 0 -0.0639421 -0.996223 -0.0585768 0 0.997068 -0.0613031 -0.045803 0 0.436847 -0.0587791 0.789258 1 
0.0420503 -0.0613297 0.997222 0 -0.0639088 -0.996226 -0.0585735 0 0.997069 -0.0612694 -0.0458119 0 0.436852 -0.0587636 0.789254 1 
0.0420564 -0.0613319 0.997221 0 -0.0638859 -0.996227 -0.0585765 0 0.997071 -0.061246 -0.0458168 0 0.436855 -0.058756 0.789252 1 
0.0420607 -0.0613281 0.997221 0 -0.0638474 -0.99623 -0.0585742 0 0.997073 -0.0612075 -0.0458186 0 0.436858 -0.0587381 0.789251 1 
0.0420649 -0.061329 0.997221 0 -0.063815 -0.996232 -0.0585763 0 0.997075 -0.0611748 -0.0458209 0 0.436861 -0.0587239 0.789251 1 
0.0420647 -0.0613245 0.997221 0 -0.0637793 -0.996234 -0.0585735 0 0.997077 -0.0611394 -0.0458184 0 0.436863 -0.058708 0.789251 1 
0.0420749 -0.0613214 0.997221 0 -0.0637466 -0.996236 -0.0585713 0 0.997079 -0.0611062 -0.0458265 0 0.436867 -0.0586937 0.789248 1 
0.0420792 -0.0613265 0.997221 0 -0.0637128 -0.996238 -0.0585776 0 0.997081 -0.061072 -0.045829 0 0.436871 -0.0586796 0.789247 1 
0.0420759 -0.0613259 0.997221 0 -0.0636809 -0.99624 -0.0585786 0 0.997083 -0.0610403 -0.0458238 0 0.436871 -0.0586656 0.789249 1 
0.0420854 -0.06132 0.997221 0 -0.0636437 -0.996243 -0.0585739 0 0.997085 -0.0610029 -0.0458308 0 0.436876 -0.0586484 0.789246 1 
0.0420868 -0.0613151 0.997221 0 -0.063608 -0.996245 -0.0585705 0 0.997087 -0.0609674 -0.0458297 0 0.436877 -0.0586337 0.789248 1 
0.0420984 -0.0613175 0.99722 0 -0.063573 -0.996247 -0.0585738 0 0.997089 -0.0609316 -0.0458395 0 0.436883 -0.0586182 0.789244 1 
0.0420976 -0.0613181 0.99722 0 -0.0635373 -0.996249 -0.0585762 0 0.997091 -0.0608959 -0.0458366 0 0.436885 -0.0586027 0.789244 1 
0.0421045 -0.0613177 0.99722 0 -0.0635011 -0.996252 -0.058577 0 0.997093 -0.0608594 -0.0458413 0 0.436887 -0.0585872 0.789242 1 
0.0421129 -0.0613142 0.99722 0 -0.0634624 -0.996254 -0.0585747 0 0.997095 -0.0608204 -0.0458472 0 0.436892 -0.0585695 0.78924 1 
0.0421192 -0.0613144 0.99722 0 -0.0634256 -0.996256 -0.0585763 0 0.997097 -0.0607832 -0.0458513 0 0.436896 -0.0585539 0.789238 1 
0.0421223 -0.0613117 0.99722 0 -0.0633866 -0.996259 -0.0585752 0 0.9971 -0.0607442 -0.045852 0 0.436899 -0.058536 0.789239 1 
0.0421392 -0.0613121 0.997219 0 -0.0633498 -0.996261 -0.0585762 0 0.997101 -0.0607065 -0.0458666 0 0.436905 -0.05852 0.789231 1 
0.0421351 -0.061315 0.997219 0 -0.0633117 -0.996263 -0.0585811 0 0.997104 -0.0606685 -0.0458605 0 0.436907 -0.0585042 0.789235 1 
0.0421421 -0.0613088 0.997219 0 -0.0632713 -0.996266 -0.0585763 0 0.997106 -0.060628 -0.0458647 0 0.43691 -0.0584851 0.789232 1 
0.0421509 -0.0613062 0.997219 0 -0.0632322 -0.996269 -0.0585751 0 0.997108 -0.0605886 -0.0458711 0 0.436915 -0.0584684 0.789229 1 
0.042156 -0.0612917 0.99722 0 -0.0631941 -0.996272 -0.058562 0 0.99711 -0.0605508 -0.045873 0 0.436918 -0.0584506 0.789229 1 
0.0421558 -0.061302 0.997219 0 -0.0631549 -0.996274 -0.0585741 0 0.997113 -0.0605112 -0.0458711 0 0.43692 -0.0584344 0.78923 1 
0.0421684 -0.0613019 0.997218 0 -0.0631151 -0.996276 -0.0585751 0 0.997115 -0.0604707 -0.0458814 0 0.436927 -0.0584158 0.789225 1 
0.0421749 -0.0612991 0.997218 0 -0.0630751 -0.996279 -0.0585737 0 0.997117 -0.0604305 -0.0458853 0 0.43693 -0.0583993 0.789224 1 
0.0421834 -0.0613008 0.997218 0 -0.0630356 -0.996281 -0.0585767 0 0.997119 -0.0603904 -0.0458915 0 0.436935 -0.0583823 0.789221 1 
0.0421868 -0.0612946 0.997218 0 -0.0629968 -0.996284 -0.0585722 0 0.997122 -0.0603518 -0.0458923 0 0.436938 -0.0583646 0.789221 1 
0.0421954 -0.0612944 0.997218 0 -0.0629547 -0.996286 -0.0585733 0 0.997124 -0.0603092 -0.0458984 0 0.436943 -0.0583457 0.789219 1 
0.0422007 -0.0612909 0.997218 0 -0.0629136 -0.996289 -0.0585715 0 0.997126 -0.0602679 -0.045901 0 0.436947 -0.0583277 0.789217 1 
0.0422048 -0.0612955 0.997217 0 -0.0628778 -0.996291 -0.0585774 0 0.997128 -0.0602317 -0.0459033 0 0.43695 -0.0583132 0.789217 1 
0.0422119 -0.0612907 0.997217 0 -0.0628393 -0.996294 -0.0585739 0 0.997131 -0.0601931 -0.0459078 0 0.436954 -0.0582966 0.789215 1 
0.0422198 -0.0612879 0.997217 0 -0.0628 -0.996296 -0.0585725 0 0.997133 -0.0601535 -0.0459132 0 0.436959 -0.0582782 0.789213 1 
0.042222 -0.0612876 0.997217 0 -0.0627579 -0.996299 -0.058574 0 0.997135 -0.0601112 -0.0459128 0 0.436962 -0.0582604 0.789213 1 
0.0422263 -0.0612887 0.997217 0 -0.0627201 -0.996301 -0.0585766 0 0.997137 -0.0600732 -0.045915 0 0.436967 -0.0582433 0.789212 1 
0.0422376 -0.0612861 0.997217 0 -0.0626819 -0.996304 -0.058575 0 0.997139 -0.0600345 -0.0459238 0 0.436972 -0.0582269 0.789208 1 
0.0422486 -0.0612853 0.997216 0 -0.0626432 -0.996306 -0.0585754 0 0.997141 -0.0599953 -0.0459325 0 0.436978 -0.0582101 0.789204 1 
0.0422485 -0.0612854 0.997216 0 -0.062606 -0.996308 -0.0585772 0 0.997144 -0.0599581 -0.0459302 0 0.43698 -0.0581941 0.789206 1 
0.0422536 -0.0612861 0.997216 0 -0.0625682 -0.99631 -0.0585794 0 0.997146 -0.0599199 -0.0459332 0 0.436984 -0.0581784 0.789205 1 
0.042264 -0.0612736 0.997216 0 -0.0625213 -0.996314 -0.0585684 0 0.997148 -0.059873 -0.04594 0 0.436989 -0.0581563 0.789202 1 
0.0422657 -0.0612757 0.997216 0 -0.0624846 -0.996316 -0.0585721 0 0.997151 -0.0598362 -0.0459397 0 0.436992 -0.0581399 0.789202 1 
0.0422785 -0.0612781 0.997215 0 -0.0624414 -0.996319 -0.0585757 0 0.997153 -0.0597922 -0.04595 0 0.436998 -0.0581202 0.789198 1 
0.0422827 -0.0612717 0.997215 0 -0.0624059 -0.996321 -0.0585707 0 0.997155 -0.0597567 -0.0459517 0 0.437002 -0.0581049 0.789197 1 
0.0422852 -0.0612697 0.997215 0 -0.0623695 -0.996323 -0.0585702 0 0.997157 -0.0597203 -0.045952 0 0.437005 -0.0580883 0.789197 1 
0.0422943 -0.0612605 0.997216 0 -0.0623221 -0.996327 -0.0585627 0 0.997159 -0.0596729 -0.0459577 0 0.437011 -0.0580664 0.789195 1 
0.0422972 -0.061266 0.997215 0 -0.0622884 -0.996329 -0.0585696 0 0.997161 -0.0596388 -0.0459589 0 0.437014 -0.0580524 0.789194 1 
0.0423069 -0.0612621 0.997215 0 -0.0622461 -0.996331 -0.058567 0 0.997164 -0.0595961 -0.0459659 0 0.437019 -0.0580329 0.789191 1 
0.0423109 -0.061258 0.997215 0 -0.0622057 -0.996334 -0.0585646 0 0.997166 -0.0595557 -0.0459672 0 0.437023 -0.0580152 0.789191 1 
0.0423155 -0.0612579 0.997215 0 -0.0621724 -0.996336 -0.0585657 0 0.997168 -0.0595222 -0.0459699 0 0.437026 -0.0580024 0.78919 1 
0.0423228 -0.0612549 0.997215 0 -0.0621375 -0.996338 -0.0585639 0 0.99717 -0.059487 -0.045975 0 0.43703 -0.0579866 0.789189 1 
0.0423288 -0.0612525 0.997215 0 -0.062101 -0.996341 -0.0585628 0 0.997172 -0.0594503 -0.0459786 0 0.437034 -0.0579708 0.789188 1 
0.0423326 -0.0612525 0.997215 0 -0.0620593 -0.996343 -0.0585645 0 0.997174 -0.0594084 -0.04598 0 0.437037 -0.0579515 0.789187 1 
0.0423396 -0.0612533 0.997214 0 -0.0620281 -0.996345 -0.0585664 0 0.997176 -0.0593767 -0.0459852 0 0.437041 -0.0579369 0.789185 1 
0.0423403 -0.061252 0.997214 0 -0.0619945 -0.996347 -0.0585665 0 0.997178 -0.0593432 -0.0459838 0 0.437044 -0.0579234 0.789185 1 
0.0423499 -0.0612482 0.997214 0 -0.0619549 -0.99635 -0.0585639 0 0.99718 -0.0593033 -0.0459908 0 0.437048 -0.057906 0.789183 1 
0.0423553 -0.0612476 0.997214 0 -0.0619197 -0.996352 -0.0585647 0 0.997182 -0.0592678 -0.0459941 0 0.437052 -0.05789 0.789181 1 
0.0423572 -0.0612488 0.997214 0 -0.0618833 -0.996354 -0.0585675 0 0.997184 -0.0592312 -0.0459939 0 0.437055 -0.0578743 0.789182 1 
0.0423638 -0.0612527 0.997213 0 -0.0618508 -0.996356 -0.0585725 0 0.997186 -0.0591982 -0.0459988 0 0.437059 -0.0578613 0.78918 1 
0.0423721 -0.0612447 0.997213 0 -0.0618169 -0.996358 -0.0585655 0 0.997188 -0.0591643 -0.0460047 0 0.437064 -0.0578444 0.789178 1 
0.0423754 -0.0612432 0.997213 0 -0.0617752 -0.996361 -0.0585658 0 0.99719 -0.0591224 -0.0460054 0 0.437067 -0.0578258 0.789177 1 
0.042385 -0.0612417 0.997213 0 -0.0617446 -0.996363 -0.0585652 0 0.997192 -0.0590914 -0.046013 0 0.437072 -0.0578133 0.789174 1 
0.0423861 -0.0612427 0.997213 0 -0.0617063 -0.996365 -0.0585678 0 0.997194 -0.059053 -0.046012 0 0.437074 -0.0577963 0.789175 1 
0.0423876 -0.061239 0.997213 0 -0.0616659 -0.996367 -0.0585659 0 0.997196 -0.0590128 -0.0460109 0 0.437076 -0.057778 0.789175 1 
0.0423903 -0.0612349 0.997213 0 -0.0616313 -0.99637 -0.0585633 0 0.997198 -0.0589782 -0.0460112 0 0.43708 -0.0577625 0.789176 1 
0.0424 -0.0612281 0.997213 0 -0.0616011 -0.996372 -0.0585572 0 0.9972 -0.0589477 -0.0460188 0 0.437084 -0.0577482 0.789173 1 
0.0424096 -0.0612277 0.997213 0 -0.0615626 -0.996374 -0.0585581 0 0.997202 -0.0589087 -0.046026 0 0.437089 -0.057731 0.789169 1 
0.0424176 -0.061228 0.997212 0 -0.0615252 -0.996377 -0.0585596 0 0.997204 -0.0588709 -0.0460318 0 0.437093 -0.0577143 0.789166 1 
0.0424152 -0.0612249 0.997213 0 -0.061492 -0.996379 -0.0585582 0 0.997206 -0.058838 -0.0460273 0 0.437095 -0.0576995 0.789169 1 
0.0424144 -0.0612232 0.997213 0 -0.0614582 -0.996381 -0.0585581 0 0.997208 -0.0588043 -0.0460244 0 0.437096 -0.0576856 0.789171 1 
0.0424255 -0.0612173 0.997213 0 -0.0614215 -0.996383 -0.0585533 0 0.99721 -0.0587673 -0.046033 0 0.437102 -0.0576678 0.789167 1 
0.042433 -0.0612165 0.997212 0 -0.0613863 -0.996385 -0.0585536 0 0.997212 -0.0587317 -0.0460383 0 0.437106 -0.0576534 0.789166 1 
0.0424325 -0.0612176 0.997212 0 -0.0613561 -0.996387 -0.0585562 0 0.997214 -0.0587015 -0.0460362 0 0.437107 -0.0576394 0.789166 1 
0.042437 -0.0612163 0.997212 0 -0.0613214 -0.996389 -0.0585563 0 0.997215 -0.0586667 -0.0460385 0 0.437111 -0.0576243 0.789165 1 
0.0424409 -0.0612168 0.997212 0 -0.0612847 -0.996391 -0.0585582 0 0.997218 -0.0586297 -0.0460403 0 0.437115 -0.0576084 0.789165 1 
0.0424461 -0.0612099 0.997212 0 -0.0612543 -0.996394 -0.0585523 0 0.997219 -0.0585993 -0.0460433 0 0.437118 -0.0575945 0.789164 1 
0.042446 -0.0612135 0.997212 0 -0.0612238 -0.996395 -0.0585574 0 0.997221 -0.0585687 -0.0460416 0 0.437119 -0.0575819 0.789166 1 
0.0424555 -0.0612085 0.997212 0 -0.0611894 -0.996398 -0.0585534 0 0.997223 -0.058534 -0.0460487 0 0.437123 -0.0575643 0.789162 1 
0.0424602 -0.0612047 0.997212 0 -0.0611587 -0.9964 -0.0585507 0 0.997224 -0.0585032 -0.0460514 0 0.437126 -0.0575517 0.789162 1 
0.0424609 -0.061194 0.997213 0 -0.0611211 -0.996402 -0.0585417 0 0.997227 -0.0584661 -0.0460493 0 0.437129 -0.0575339 0.789163 1 
0.0424676 -0.0611928 0.997212 0 -0.0610959 -0.996404 -0.0585414 0 0.997228 -0.0584407 -0.0460544 0 0.437132 -0.057522 0.789162 1 
0.0424692 -0.0611929 0.997212 0 -0.0610584 -0.996406 -0.0585431 0 0.99723 -0.058403 -0.0460538 0 0.437135 -0.0575052 0.789162 1 
0.0424783 -0.0611929 0.997212 0 -0.0610237 -0.996408 -0.0585442 0 0.997232 -0.0583678 -0.0460609 0 0.43714 -0.057489 0.789159 1 
0.0424795 -0.0611925 0.997212 0 -0.0609968 -0.99641 -0.0585449 0 0.997234 -0.0583409 -0.0460604 0 0.437142 -0.0574776 0.789159 1 
0.0424804 -0.0611917 0.997212 0 -0.0609634 -0.996412 -0.0585456 0 0.997236 -0.0583075 -0.0460593 0 0.437144 -0.0574635 0.78916 1 
0.0424846 -0.0611845 0.997212 0 -0.0609269 -0.996414 -0.0585399 0 0.997238 -0.0582711 -0.0460609 0 0.437147 -0.0574464 0.78916 1 
0.0425158 -0.0611681 0.997212 0 -0.0607653 -0.996425 -0.0585291 0 0.997246 -0.0581085 -0.0460816 0 0.437165 -0.0573723 0.789152 1 
0.04252 -0.0611746 0.997211 0 -0.0607382 -0.996426 -0.0585366 0 0.997248 -0.058081 -0.0460846 0 0.437167 -0.0573617 0.789151 1 
0.0425266 -0.0611675 0.997211 0 -0.0607014 -0.996429 -0.0585309 0 0.99725 -0.0580441 -0.0460885 0 0.437172 -0.0573435 0.78915 1 
0.0425255 -0.0611697 0.997211 0 -0.0606747 -0.99643 -0.0585344 0 0.997251 -0.0580174 -0.046086 0 0.437174 -0.0573323 0.789151 1 
0.0425315 -0.0611672 0.997211 0 -0.060642 -0.996432 -0.058533 0 0.997253 -0.0579845 -0.04609 0 0.437178 -0.0573181 0.78915 1 
0.0425367 -0.061158 0.997212 0 -0.0606086 -0.996435 -0.0585251 0 0.997255 -0.0579513 -0.0460927 0 0.437181 -0.0573011 0.789149 1 
0.0425454 -0.0611647 0.997211 0 -0.0605841 -0.996436 -0.0585324 0 0.997256 -0.057926 -0.0461002 0 0.437185 -0.0572915 0.789145 1 
0.0425494 -0.0611631 0.997211 0 -0.0605455 -0.996438 -0.0585323 0 0.997258 -0.0578872 -0.0461019 0 0.437189 -0.0572739 0.789146 1 
0.0425491 -0.0611575 0.997211 0 -0.0605256 -0.99644 -0.0585277 0 0.997259 -0.0578676 -0.0461001 0 0.43719 -0.0572657 0.789147 1 
0.042551 -0.0611533 0.997211 0 -0.0604965 -0.996442 -0.0585247 0 0.997261 -0.0578386 -0.0461 0 0.437193 -0.0572514 0.789147 1 
0.042564 -0.0611523 0.997211 0 -0.0604644 -0.996444 -0.0585244 0 0.997262 -0.0578058 -0.046111 0 0.437198 -0.0572363 0.789142 1 
0.0425661 -0.0611459 0.997211 0 -0.0604336 -0.996446 -0.0585193 0 0.997264 -0.0577752 -0.046111 0 0.437201 -0.0572228 0.789143 1 
0.042577 -0.0611515 0.99721 0 -0.060407 -0.996447 -0.0585256 0 0.997265 -0.0577478 -0.0461206 0 0.437206 -0.057211 0.789139 1 
0.0425785 -0.0611499 0.99721 0 -0.0603786 -0.996449 -0.0585251 0 0.997267 -0.0577193 -0.0461203 0 0.437208 -0.0571985 0.78914 1 
0.0425823 -0.0611461 0.99721 0 -0.0603549 -0.99645 -0.0585223 0 0.997268 -0.0576956 -0.0461225 0 0.43721 -0.0571887 0.789139 1 
0.0425903 -0.0611456 0.99721 0 -0.0603262 -0.996452 -0.0585226 0 0.99727 -0.0576665 -0.0461288 0 0.437215 -0.057175 0.789137 1 
0.0425951 -0.0611426 0.99721 0 -0.0602893 -0.996454 -0.0585211 0 0.997272 -0.0576295 -0.0461312 0 0.437219 -0.0571576 0.789136 1 
0.0426016 -0.0611411 0.99721 0 -0.0602646 -0.996456 -0.0585203 0 0.997273 -0.0576045 -0.0461361 0 0.437222 -0.057147 0.789133 1 
0.0426053 -0.0611337 0.99721 0 -0.0602335 -0.996458 -0.0585142 0 0.997275 -0.0575735 -0.0461376 0 0.437224 -0.0571319 0.789133 1 
0.0426131 -0.0611388 0.99721 0 -0.0602112 -0.996459 -0.0585198 0 0.997276 -0.0575506 -0.0461443 0 0.437229 -0.0571235 0.78913 1 
0.0426171 -0.0611333 0.99721 0 -0.0601791 -0.996461 -0.0585156 0 0.997277 -0.0575186 -0.0461461 0 0.437233 -0.0571083 0.78913 1 
0.0426313 -0.0611377 0.997209 0 -0.0601525 -0.996463 -0.0585204 0 0.997278 -0.0574909 -0.0461589 0 0.437238 -0.0570977 0.789125 1 
0.0426276 -0.0611248 0.99721 0 -0.0601192 -0.996465 -0.0585092 0 0.997281 -0.0574585 -0.0461526 0 0.437239 -0.057082 0.789129 1 
0.0426431 -0.0611248 0.997209 0 -0.0600937 -0.996467 -0.0585096 0 0.997281 -0.057432 -0.0461666 0 0.437246 -0.057071 0.789123 1 
0.0426478 -0.0611304 0.997209 0 -0.0600652 -0.996468 -0.0585162 0 0.997283 -0.057403 -0.0461699 0 0.43725 -0.0570585 0.789122 1 
0.0426489 -0.0611287 0.997209 0 -0.0600382 -0.99647 -0.0585157 0 0.997285 -0.0573761 -0.0461693 0 0.437251 -0.0570464 0.789122 1 
0.0426597 -0.0611234 0.997209 0 -0.0600045 -0.996472 -0.0585114 0 0.997286 -0.057342 -0.0461778 0 0.437257 -0.0570305 0.789119 1 
0.0426677 -0.0611179 0.997209 0 -0.0599777 -0.996474 -0.0585066 0 0.997287 -0.057315 -0.0461838 0 0.437262 -0.0570185 0.789118 1 
0.0426765 -0.0611211 0.997208 0 -0.0599521 -0.996475 -0.0585105 0 0.997289 -0.0572888 -0.0461913 0 0.437267 -0.0570081 0.789115 1 
0.0426834 -0.0611239 0.997207 0 -0.0599278 -0.996477 -0.058514 0 0.99729 -0.057264 -0.0461969 0 0.43727 -0.0569987 0.789112 1 
0.0426849 -0.06112 0.997208 0 -0.0598926 -0.996479 -0.0585117 0 0.997292 -0.0572289 -0.0461961 0 0.437274 -0.0569814 0.789114 1 
0.0426913 -0.061116 0.997208 0 -0.0598625 -0.996481 -0.0585087 0 0.997293 -0.0571986 -0.0462005 0 0.437279 -0.0569682 0.789113 1 
0.0427013 -0.0611126 0.997207 0 -0.0598357 -0.996483 -0.0585059 0 0.997294 -0.0571714 -0.0462087 0 0.437285 -0.0569561 0.789109 1 
0.0427066 -0.0611114 0.997207 0 -0.0598048 -0.996484 -0.0585059 0 0.997296 -0.0571403 -0.0462121 0 0.437289 -0.0569423 0.789109 1 
0.0427185 -0.0611109 0.997207 0 -0.0597732 -0.996486 -0.0585062 0 0.997297 -0.0571081 -0.046222 0 0.437295 -0.0569273 0.789106 1 
0.0427185 -0.0611121 0.997207 0 -0.0597474 -0.996488 -0.0585086 0 0.997299 -0.0570822 -0.0462207 0 0.437297 -0.056917 0.789107 1 
0.0427309 -0.0611127 0.997206 0 -0.0597251 -0.996489 -0.0585095 0 0.9973 -0.0570592 -0.0462317 0 0.437304 -0.0569072 0.789103 1 
0.0427345 -0.0611082 0.997206 0 -0.0596901 -0.996491 -0.0585064 0 0.997302 -0.0570242 -0.046233 0 0.437307 -0.0568912 0.789103 1 
0.0427496 -0.0611055 0.997206 0 -0.0596655 -0.996493 -0.058504 0 0.997303 -0.0569988 -0.0462464 0 0.437314 -0.0568811 0.789098 1 
0.0427514 -0.0611062 0.997206 0 -0.0596358 -0.996495 -0.058506 0 0.997304 -0.056969 -0.0462466 0 0.437317 -0.0568675 0.7891 1 
0.0427625 -0.0611059 0.997205 0 -0.0596044 -0.996496 -0.0585065 0 0.997306 -0.056937 -0.0462558 0 0.437323 -0.056853 0.789096 1 
0.0427724 -0.0611029 0.997205 0 -0.0595785 -0.996498 -0.0585041 0 0.997307 -0.0569107 -0.046264 0 0.437329 -0.0568425 0.789094 1 
0.0427755 -0.0611001 0.997205 0 -0.0595521 -0.9965 -0.0585024 0 0.997308 -0.0568843 -0.0462653 0 0.437333 -0.0568309 0.789095 1 
0.0427835 -0.0610973 0.997205 0 -0.0595219 -0.996502 -0.0585005 0 0.99731 -0.0568538 -0.0462713 0 0.437338 -0.0568175 0.789093 1 
0.0427886 -0.0611 0.997204 0 -0.0594925 -0.996503 -0.0585043 0 0.997311 -0.056824 -0.0462749 0 0.437344 -0.0568044 0.789093 1 
0.0427952 -0.0610972 0.997204 0 -0.0594637 -0.996505 -0.0585025 0 0.997313 -0.056795 -0.0462796 0 0.437348 -0.0567913 0.789093 1 
0.0428022 -0.0610987 0.997204 0 -0.0594374 -0.996506 -0.0585048 0 0.997314 -0.0567682 -0.0462851 0 0.437353 -0.0567815 0.789093 1 
0.0428113 -0.0610928 0.997204 0 -0.0594075 -0.996509 -0.0584997 0 0.997315 -0.0567381 -0.0462921 0 0.43736 -0.0567678 0.789092 1 
0.042819 -0.061087 0.997204 0 -0.0593756 -0.996511 -0.058495 0 0.997317 -0.056706 -0.0462976 0 0.437365 -0.0567521 0.78909 1 
0.0428245 -0.0610886 0.997204 0 -0.0593475 -0.996512 -0.0584976 0 0.997318 -0.0566775 -0.0463015 0 0.43737 -0.0567408 0.78909 1 
0.0428293 -0.0610872 0.997203 0 -0.0593193 -0.996514 -0.0584972 0 0.99732 -0.0566491 -0.0463045 0 0.437374 -0.056728 0.789092 1 
0.0428454 -0.0610908 0.997203 0 -0.0592831 -0.996516 -0.0585016 0 0.997321 -0.0566118 -0.0463187 0 0.437382 -0.0567127 0.789087 1 
0.0428496 -0.0610867 0.997203 0 -0.0592545 -0.996518 -0.0584986 0 0.997323 -0.0565832 -0.0463209 0 0.437387 -0.0567006 0.789088 1 
0.0428552 -0.0610808 0.997203 0 -0.0592218 -0.99652 -0.0584939 0 0.997324 -0.0565504 -0.0463243 0 0.437393 -0.0566854 0.789089 1 
0.0428726 -0.0610847 0.997202 0 -0.0591931 -0.996521 -0.0584982 0 0.997325 -0.0565206 -0.0463401 0 0.437401 -0.0566736 0.789083 1 
0.0428763 -0.0610738 0.997202 0 -0.0591605 -0.996524 -0.0584885 0 0.997327 -0.0564883 -0.0463413 0 0.437405 -0.056658 0.789086 1 
0.0428801 -0.0610778 0.997202 0 -0.0591357 -0.996525 -0.0584935 0 0.997329 -0.0564631 -0.0463438 0 0.437409 -0.0566484 0.789088 1 
0.042892 -0.0610753 0.997202 0 -0.0591051 -0.996527 -0.0584917 0 0.99733 -0.0564319 -0.0463537 0 0.437416 -0.0566348 0.789085 1 
0.0428961 -0.0610729 0.997201 0 -0.0590749 -0.996529 -0.0584905 0 0.997331 -0.0564017 -0.046356 0 0.437421 -0.0566214 0.789087 1 
0.0429056 -0.0610796 0.997201 0 -0.0590486 -0.99653 -0.0584979 0 0.997333 -0.0563745 -0.0463643 0 0.437427 -0.0566109 0.789086 1 
0.0429205 -0.0610737 0.9972 0 -0.0590167 -0.996532 -0.0584927 0 0.997334 -0.056342 -0.0463769 0 0.437435 -0.0565964 0.789083 1 
0.0429285 -0.0610646 0.997201 0 -0.0589837 -0.996535 -0.0584846 0 0.997335 -0.056309 -0.0463824 0 0.43744 -0.0565808 0.789085 1 
0.0429427 -0.0610614 0.9972 0 -0.0589513 -0.996537 -0.0584822 0 0.997337 -0.0562759 -0.0463945 0 0.437449 -0.0565654 0.789083 1 
0.04296 -0.0610693 0.997199 0 -0.0589259 -0.996538 -0.0584903 0 0.997337 -0.0562492 -0.0464107 0 0.437457 -0.0565544 0.789079 1 
0.0429709 -0.0610642 0.997199 0 -0.0588989 -0.99654 -0.0584858 0 0.997339 -0.0562218 -0.0464197 0 0.437463 -0.0565428 0.789079 1 
0.0429857 -0.0610619 0.997198 0 -0.0588703 -0.996541 -0.0584839 0 0.99734 -0.0561925 -0.0464326 0 0.437471 -0.0565306 0.789077 1 
0.042998 -0.0610538 0.997198 0 -0.0588396 -0.996544 -0.0584766 0 0.997341 -0.0561615 -0.0464427 0 0.437476 -0.0565173 0.789076 1 
0.0430157 -0.0610576 0.997197 0 -0.0588144 -0.996545 -0.0584806 0 0.997342 -0.056135 -0.0464591 0 0.437485 -0.0565056 0.789074 1 
0.0430295 -0.0610571 0.997197 0 -0.0587873 -0.996546 -0.0584806 0 0.997343 -0.0561072 -0.0464712 0 0.437492 -0.056493 0.789073 1 
0.043055 -0.0610575 0.997196 0 -0.0587589 -0.996548 -0.0584809 0 0.997343 -0.0560773 -0.046495 0 0.437501 -0.0564807 0.789066 1 
0.043066 -0.0610575 0.997195 0 -0.0587292 -0.99655 -0.0584816 0 0.997345 -0.056047 -0.0465042 0 0.437509 -0.0564676 0.789068 1 
0.0430942 -0.0610501 0.997194 0 -0.0587029 -0.996552 -0.0584739 0 0.997345 -0.0560194 -0.0465303 0 0.437518 -0.0564555 0.78906 1 
0.0431085 -0.0610552 0.997193 0 -0.058678 -0.996553 -0.0584794 0 0.997346 -0.0559934 -0.0465434 0 0.437526 -0.0564455 0.789059 1 
0.0431279 -0.061049 0.997193 0 -0.05865 -0.996555 -0.0584733 0 0.997347 -0.0559646 -0.0465608 0 0.437535 -0.0564319 0.789056 1 
0.0431433 -0.0610494 0.997192 0 -0.058622 -0.996557 -0.0584742 0 0.997347 -0.0559357 -0.0465745 0 0.437542 -0.056419 0.789054 1 
0.0431792 -0.0610392 0.997191 0 -0.0585656 -0.99656 -0.0584646 0 0.997349 -0.0558777 -0.0466064 0 0.43756 -0.0563936 0.789049 1 
0.0431963 -0.0610407 0.99719 0 -0.0585411 -0.996562 -0.0584663 0 0.99735 -0.0558521 -0.0466221 0 0.437569 -0.0563827 0.789047 1 
0.043209 -0.0610458 0.99719 0 -0.0585179 -0.996563 -0.0584718 0 0.997351 -0.055828 -0.0466337 0 0.437576 -0.0563731 0.789047 1 
0.0432392 -0.0610371 0.997189 0 -0.0584904 -0.996565 -0.0584627 0 0.997351 -0.0557992 -0.0466617 0 0.437589 -0.0563586 0.78904 1 
0.0432535 -0.0610386 0.997188 0 -0.0584648 -0.996566 -0.0584646 0 0.997352 -0.0557727 -0.0466745 0 0.437595 -0.0563483 0.789039 1 
0.0432747 -0.0610363 0.997187 0 -0.0584415 -0.996568 -0.0584622 0 0.997352 -0.0557483 -0.0466941 0 0.437605 -0.0563368 0.789035 1 
0.0432915 -0.0610305 0.997187 0 -0.0584189 -0.99657 -0.0584566 0 0.997353 -0.055725 -0.0467092 0 0.437616 -0.0563266 0.789033 1 
0.0433076 -0.061033 0.997186 0 -0.0583913 -0.996571 -0.0584595 0 0.997354 -0.0556964 -0.0467238 0 0.437624 -0.0563133 0.789031 1 
0.0433345 -0.0610303 0.997185 0 -0.058369 -0.996572 -0.0584563 0 0.997354 -0.0556726 -0.0467492 0 0.437636 -0.0563026 0.789025 1 
0.0433468 -0.0610258 0.997185 0 -0.058343 -0.996574 -0.0584523 0 0.997355 -0.0556461 -0.0467597 0 0.437645 -0.0562902 0.789026 1 
0.043371 -0.061014 0.997185 0 -0.0583238 -0.996576 -0.0584401 0 0.997355 -0.0556261 -0.046782 0 0.437656 -0.0562804 0.789021 1 
0.043392 -0.0610158 0.997184 0 -0.058299 -0.996577 -0.0584419 0 0.997356 -0.0555999 -0.0468016 0 0.437666 -0.0562691 0.789017 1 
0.0434145 -0.06102 0.997182 0 -0.0582809 -0.996578 -0.0584457 0 0.997356 -0.0555804 -0.0468231 0 0.437677 -0.0562611 0.789011 1 
0.0434248 -0.0610168 0.997182 0 -0.0582543 -0.99658 -0.0584431 0 0.997357 -0.0555533 -0.0468316 0 0.437687 -0.0562482 0.789013 1 
0.0434472 -0.0610163 0.997181 0 -0.0582343 -0.996581 -0.0584424 0 0.997357 -0.0555321 -0.0468528 0 0.437697 -0.0562398 0.789009 1 
0.0434639 -0.0610091 0.997181 0 -0.058214 -0.996583 -0.0584352 0 0.997357 -0.0555112 -0.0468679 0 0.437707 -0.0562287 0.789008 1 
0.0434878 -0.0610063 0.99718 0 -0.0581977 -0.996584 -0.0584318 0 0.997357 -0.0554936 -0.0468906 0 0.437718 -0.0562219 0.789003 1 
0.0435084 -0.0610049 0.997179 0 -0.0581779 -0.996585 -0.0584302 0 0.997358 -0.0554727 -0.0469099 0 0.43773 -0.0562126 0.789 1 
0.0435265 -0.0610006 0.997179 0 -0.058158 -0.996587 -0.0584258 0 0.997358 -0.0554519 -0.0469265 0 0.43774 -0.0562028 0.788997 1 
0.0435493 -0.0609993 0.997178 0 -0.0581341 -0.996588 -0.0584244 0 0.997358 -0.0554268 -0.0469478 0 0.437752 -0.0561912 0.788992 1 
0.0435662 -0.0609934 0.997177 0 -0.0581127 -0.99659 -0.0584185 0 0.997359 -0.0554047 -0.0469631 0 0.437763 -0.0561815 0.788992 1 
0.0435869 -0.0609995 0.997176 0 -0.0581039 -0.99659 -0.0584239 0 0.997359 -0.0553943 -0.0469835 0 0.437774 -0.0561777 0.788987 1 
0.043602 -0.0610001 0.997175 0 -0.0580839 -0.996591 -0.0584246 0 0.997359 -0.0553735 -0.0469974 0 0.437784 -0.0561683 0.788987 1 
0.0436212 -0.06099 0.997175 0 -0.0580616 -0.996593 -0.0584145 0 0.997359 -0.0553505 -0.0470147 0 0.437795 -0.056156 0.788985 1 
0.0436496 -0.0609868 0.997174 0 -0.058046 -0.996594 -0.0584105 0 0.997359 -0.0553334 -0.0470419 0 0.437809 -0.0561488 0.788978 1 
0.0436693 -0.0609796 0.997174 0 -0.0580316 -0.996595 -0.0584029 0 0.997359 -0.0553182 -0.0470603 0 0.437821 -0.0561405 0.788976 1 
0.0436885 -0.060985 0.997172 0 -0.0580151 -0.996596 -0.058408 0 0.997359 -0.0553004 -0.0470788 0 0.437832 -0.0561345 0.788973 1 
0.0437052 -0.0609854 0.997172 0 -0.0580055 -0.996597 -0.0584079 0 0.997359 -0.0552898 -0.0470949 0 0.437842 -0.0561297 0.788971 1 
0.0437256 -0.0609777 0.997171 0 -0.0579878 -0.996598 -0.0583999 0 0.997359 -0.0552713 -0.0471137 0 0.437854 -0.0561205 0.788967 1 
0.043747 -0.0609734 0.997171 0 -0.0579727 -0.996599 -0.0583952 0 0.997359 -0.0552551 -0.0471339 0 0.437868 -0.0561126 0.788963 1 
0.0437671 -0.0609696 0.99717 0 -0.0579536 -0.996601 -0.0583911 0 0.997359 -0.0552351 -0.0471526 0 0.43788 -0.0561029 0.78896 1 
0.0437841 -0.0609678 0.997169 0 -0.0579405 -0.996601 -0.058389 0 0.997359 -0.055221 -0.0471687 0 0.437891 -0.0560967 0.788959 1 
0.0438032 -0.0609677 0.997168 0 -0.0579248 -0.996602 -0.0583886 0 0.997359 -0.0552043 -0.0471868 0 0.437904 -0.0560874 0.788955 1 
0.0438259 -0.0609637 0.997168 0 -0.0579119 -0.996603 -0.058384 0 0.997359 -0.0551902 -0.0472084 0 0.437917 -0.0560805 0.788951 1 
0.043848 -0.0609663 0.997167 0 -0.0578983 -0.996604 -0.058386 0 0.997359 -0.0551752 -0.0472299 0 0.437929 -0.0560758 0.788947 1 
0.0438652 -0.0609507 0.997167 0 -0.0578873 -0.996606 -0.05837 0 0.997359 -0.0551639 -0.0472455 0 0.437942 -0.0560685 0.788945 1 
0.0438886 -0.060952 0.997166 0 -0.0578707 -0.996607 -0.0583708 0 0.997359 -0.0551459 -0.0472679 0 0.437956 -0.0560597 0.788941 1 
0.0439017 -0.0609474 0.997165 0 -0.0578579 -0.996608 -0.0583661 0 0.997359 -0.0551326 -0.0472799 0 0.437968 -0.0560526 0.788939 1 
0.0439195 -0.0609479 0.997165 0 -0.0578463 -0.996608 -0.058366 0 0.997359 -0.05512 -0.0472971 0 0.43798 -0.056047 0.788937 1 
0.0439406 -0.0609403 0.997164 0 -0.057832 -0.99661 -0.0583581 0 0.997359 -0.0551048 -0.0473168 0 0.437994 -0.0560402 0.788934 1 
0.043959 -0.0609345 0.997164 0 -0.0578164 -0.996611 -0.0583519 0 0.997359 -0.0550883 -0.047334 0 0.438007 -0.0560305 0.788931 1 
0.0439816 -0.0609293 0.997163 0 -0.0578065 -0.996612 -0.058346 0 0.997358 -0.0550774 -0.0473556 0 0.438022 -0.0560253 0.788927 1 
0.0440017 -0.0609345 0.997162 0 -0.0577963 -0.996612 -0.0583505 0 0.997358 -0.0550657 -0.0473753 0 0.438036 -0.0560196 0.788923 1 
0.0440224 -0.0609335 0.997161 0 -0.0577889 -0.996613 -0.0583488 0 0.997358 -0.0550572 -0.0473955 0 0.43805 -0.056016 0.788919 1 
0.0440371 -0.0609273 0.997161 0 -0.0577764 -0.996614 -0.0583423 0 0.997358 -0.0550441 -0.047409 0 0.438063 -0.0560093 0.788918 1 
0.0440593 -0.0609161 0.99716 0 -0.0577614 -0.996615 -0.0583306 0 0.997358 -0.0550284 -0.0474296 0 0.438078 -0.0559998 0.788914 1 
0.0440791 -0.060913 0.99716 0 -0.0577515 -0.996616 -0.0583269 0 0.997357 -0.0550176 -0.0474487 0 0.438092 -0.0559948 0.78891 1 
0.0440966 -0.0609204 0.997158 0 -0.0577442 -0.996616 -0.0583337 0 0.997357 -0.0550088 -0.0474661 0 0.438105 -0.0559917 0.788907 1 
0.0441171 -0.0609178 0.997158 0 -0.057735 -0.996617 -0.0583304 0 0.997357 -0.0549986 -0.0474859 0 0.43812 -0.0559864 0.788904 1 
0.044132 -0.0609059 0.997158 0 -0.0577239 -0.996618 -0.0583182 0 0.997357 -0.0549872 -0.0474994 0 0.438133 -0.0559806 0.788903 1 
0.0441519 -0.0609082 0.997157 0 -0.0577163 -0.996618 -0.0583198 0 0.997356 -0.0549784 -0.0475189 0 0.438148 -0.055976 0.788899 1 
0.044171 -0.0609055 0.997156 0 -0.057703 -0.996619 -0.0583167 0 0.997356 -0.054964 -0.047537 0 0.438162 -0.0559686 0.788896 1 
0.044185 -0.0609052 0.997155 0 -0.0576998 -0.99662 -0.0583157 0 0.997356 -0.0549601 -0.0475508 0 0.438175 -0.0559669 0.788894 1 
0.0441983 -0.0608934 0.997156 0 -0.0576896 -0.996621 -0.0583037 0 0.997356 -0.0549496 -0.0475628 0 0.438188 -0.055961 0.788894 1 
0.044221 -0.0608936 0.997155 0 -0.0576872 -0.996621 -0.0583028 0 0.997355 -0.0549459 -0.0475853 0 0.438204 -0.0559604 0.788889 1 
0.0442361 -0.0608902 0.997154 0 -0.0576802 -0.996622 -0.0582988 0 0.997355 -0.0549382 -0.0475997 0 0.438218 -0.0559564 0.788888 1 
0.0442547 -0.0608844 0.997154 0 -0.0576737 -0.996623 -0.0582924 0 0.997354 -0.0549309 -0.0476176 0 0.438234 -0.0559513 0.788885 1 
0.0442696 -0.0608819 0.997153 0 -0.0576662 -0.996623 -0.0582894 0 0.997354 -0.0549227 -0.0476319 0 0.438248 -0.0559471 0.788883 1 
0.0442882 -0.0608764 0.997153 0 -0.057655 -0.996624 -0.0582834 0 0.997354 -0.0549106 -0.0476494 0 0.438264 -0.0559407 0.788881 1 
0.0443068 -0.0608743 0.997152 0 -0.0576553 -0.996624 -0.0582803 0 0.997353 -0.0549099 -0.0476679 0 0.438279 -0.0559411 0.788878 1 
0.0443252 -0.0608725 0.997151 0 -0.0576425 -0.996625 -0.0582781 0 0.997353 -0.0548962 -0.0476854 0 0.438295 -0.0559345 0.788875 1 
0.0443294 -0.0608754 0.997151 0 -0.0576436 -0.996625 -0.0582807 0 0.997353 -0.0548969 -0.0476898 0 0.438306 -0.0559358 0.788879 1 
0.044351 -0.0608731 0.99715 0 -0.0576329 -0.996626 -0.0582777 0 0.997352 -0.054885 -0.0477106 0 0.438323 -0.0559296 0.788875 1 
0.0443678 -0.0608668 0.99715 0 -0.0576266 -0.996627 -0.0582708 0 0.997352 -0.054878 -0.0477266 0 0.438339 -0.0559245 0.788873 1 
0.044383 -0.0608617 0.997149 0 -0.057624 -0.996627 -0.058265 0 0.997351 -0.0548748 -0.0477413 0 0.438354 -0.0559242 0.788871 1 
0.0444019 -0.0608585 0.997149 0 -0.0576179 -0.996628 -0.0582611 0 0.997351 -0.0548678 -0.0477596 0 0.438369 -0.0559203 0.788869 1 
0.0444165 -0.0608516 0.997148 0 -0.057611 -0.996628 -0.0582536 0 0.997351 -0.0548603 -0.0477734 0 0.438384 -0.0559158 0.788867 1 
0.0444274 -0.0608535 0.997148 0 -0.0576069 -0.996629 -0.0582552 0 0.99735 -0.0548555 -0.0477841 0 0.438399 -0.0559132 0.788868 1 
0.0444433 -0.0608486 0.997147 0 -0.0575978 -0.996629 -0.0582498 0 0.99735 -0.0548457 -0.0477992 0 0.438415 -0.0559081 0.788868 1 
0.0444547 -0.0608485 0.997147 0 -0.0575968 -0.99663 -0.0582491 0 0.99735 -0.0548441 -0.0478105 0 0.438429 -0.0559077 0.788868 1 
0.0444699 -0.0608393 0.997147 0 -0.0575904 -0.99663 -0.0582394 0 0.997349 -0.0548373 -0.0478248 0 0.438444 -0.0559035 0.788868 1 
0.0444875 -0.0608344 0.997146 0 -0.0575856 -0.996631 -0.0582338 0 0.997349 -0.0548316 -0.0478418 0 0.438461 -0.0558999 0.788866 1 
0.0445054 -0.0608365 0.997145 0 -0.0575792 -0.996631 -0.0582352 0 0.997348 -0.0548241 -0.0478593 0 0.438478 -0.0558956 0.788864 1 
0.044524 -0.060835 0.997145 0 -0.0575738 -0.996632 -0.058233 0 0.997348 -0.0548177 -0.0478774 0 0.438494 -0.0558922 0.788863 1 
0.0445395 -0.0608286 0.997144 0 -0.0575714 -0.996632 -0.0582258 0 0.997347 -0.0548147 -0.0478924 0 0.438511 -0.0558906 0.788862 1 
0.0445591 -0.0608225 0.997144 0 -0.0575665 -0.996633 -0.0582189 0 0.997347 -0.0548089 -0.0479113 0 0.438527 -0.0558866 0.78886 1 
0.0445715 -0.060818 0.997144 0 -0.0575594 -0.996634 -0.058214 0 0.997347 -0.0548014 -0.047923 0 0.438544 -0.0558827 0.78886 1 
0.0445952 -0.0608144 0.997143 0 -0.0575597 -0.996634 -0.0582092 0 0.997345 -0.0548005 -0.0479465 0 0.438563 -0.0558816 0.788856 1 
0.0446086 -0.0608143 0.997142 0 -0.0575552 -0.996634 -0.0582086 0 0.997345 -0.0547951 -0.0479595 0 0.43858 -0.0558788 0.788857 1 
0.0446265 -0.0608079 0.997142 0 -0.0575506 -0.996635 -0.0582014 0 0.997345 -0.0547899 -0.0479768 0 0.438597 -0.0558752 0.788856 1 
0.0446483 -0.0608011 0.997141 0 -0.0575496 -0.996635 -0.0581934 0 0.997344 -0.0547879 -0.0479981 0 0.438617 -0.0558733 0.788852 1 
0.0446598 -0.0607978 0.997141 0 -0.0575437 -0.996636 -0.0581898 0 0.997344 -0.0547815 -0.048009 0 0.438633 -0.0558694 0.788854 1 
0.0446808 -0.0607944 0.99714 0 -0.0575422 -0.996636 -0.0581853 0 0.997343 -0.0547789 -0.0480297 0 0.438652 -0.0558671 0.788851 1 
0.0446976 -0.0607897 0.99714 0 -0.0575358 -0.996637 -0.05818 0 0.997342 -0.0547718 -0.0480458 0 0.438669 -0.0558626 0.78885 1 
0.044707 -0.0607861 0.997139 0 -0.0575284 -0.996638 -0.0581763 0 0.997342 -0.054764 -0.0480546 0 0.438684 -0.0558576 0.788853 1 
0.044732 -0.0607784 0.997139 0 -0.0575304 -0.996638 -0.0581671 0 0.997341 -0.0547649 -0.0480792 0 0.438703 -0.0558571 0.788849 1 
0.044749 -0.0607763 0.997138 0 -0.0575321 -0.996638 -0.058164 0 0.99734 -0.0547658 -0.0480961 0 0.43872 -0.0558576 0.788848 1 
0.0447647 -0.0607702 0.997138 0 -0.0575218 -0.996639 -0.0581575 0 0.99734 -0.0547548 -0.0481108 0 0.438738 -0.0558506 0.788848 1 
0.0447861 -0.0607626 0.997137 0 -0.0575253 -0.99664 -0.0581485 0 0.997339 -0.0547574 -0.0481319 0 0.438757 -0.0558497 0.788844 1 
0.0448023 -0.0607624 0.997137 0 -0.05752 -0.99664 -0.0581477 0 0.997339 -0.0547512 -0.0481478 0 0.438775 -0.0558456 0.788843 1 
0.0448201 -0.0607533 0.997136 0 -0.0575201 -0.99664 -0.0581376 0 0.997338 -0.0547507 -0.048165 0 0.438795 -0.0558441 0.788842 1 
0.0448398 -0.0607454 0.997136 0 -0.0575184 -0.996641 -0.0581287 0 0.997337 -0.0547482 -0.0481841 0 0.438814 -0.0558414 0.788841 1 
0.0448636 -0.060746 0.997135 0 -0.0575146 -0.996641 -0.0581282 0 0.997336 -0.0547431 -0.0482076 0 0.438834 -0.055838 0.788837 1 
0.0448813 -0.0607377 0.997135 0 -0.0575104 -0.996642 -0.0581191 0 0.997336 -0.0547382 -0.0482246 0 0.438856 -0.0558336 0.788835 1 
0.0448997 -0.0607287 0.997134 0 -0.0575128 -0.996643 -0.058109 0 0.997335 -0.05474 -0.0482425 0 0.438873 -0.0558329 0.788833 1 
0.0449221 -0.0607235 0.997134 0 -0.057508 -0.996643 -0.0581028 0 0.997334 -0.0547341 -0.0482643 0 0.438894 -0.0558284 0.788831 1 
0.0449361 -0.0607232 0.997133 0 -0.0575086 -0.996643 -0.0581017 0 0.997333 -0.0547339 -0.0482783 0 0.438912 -0.0558275 0.788831 1 
0.0449537 -0.060716 0.997133 0 -0.0575046 -0.996644 -0.0580937 0 0.997333 -0.0547292 -0.0482952 0 0.438932 -0.0558236 0.78883 1 
0.0449766 -0.0607087 0.997132 0 -0.0575019 -0.996645 -0.0580854 0 0.997332 -0.0547256 -0.0483175 0 0.438953 -0.0558195 0.788826 1 
0.0449903 -0.0606987 0.997132 0 -0.0574992 -0.996645 -0.0580748 0 0.997331 -0.0547226 -0.0483304 0 0.438971 -0.0558171 0.788827 1 
0.0450036 -0.0606947 0.997132 0 -0.0574944 -0.996646 -0.0580702 0 0.997331 -0.0547172 -0.0483431 0 0.438989 -0.055813 0.788828 1 
0.0450161 -0.0606883 0.997131 0 -0.0574937 -0.996646 -0.0580632 0 0.99733 -0.054716 -0.0483552 0 0.439007 -0.0558108 0.78883 1 
0.0450356 -0.0606822 0.997131 0 -0.0574913 -0.996647 -0.0580561 0 0.99733 -0.0547128 -0.0483742 0 0.439029 -0.0558063 0.788828 1 
0.0450537 -0.0606792 0.99713 0 -0.05749 -0.996647 -0.0580522 0 0.997329 -0.0547106 -0.0483921 0 0.439048 -0.055805 0.788828 1 
0.0450728 -0.0606699 0.99713 0 -0.0574874 -0.996648 -0.058042 0 0.997328 -0.0547074 -0.0484104 0 0.439069 -0.0558011 0.788827 1 
0.0450931 -0.0606672 0.997129 0 -0.057492 -0.996648 -0.058038 0 0.997327 -0.0547109 -0.0484307 0 0.43909 -0.0558018 0.788825 1 
0.0451108 -0.0606549 0.997129 0 -0.0574805 -0.996649 -0.0580253 0 0.997327 -0.054699 -0.048447 0 0.439111 -0.0557931 0.788825 1 
0.0451271 -0.0606515 0.997129 0 -0.0574796 -0.99665 -0.0580209 0 0.997326 -0.0546973 -0.0484631 0 0.439131 -0.055791 0.788825 1 
0.0451471 -0.0606488 0.997128 0 -0.0574796 -0.99665 -0.0580172 0 0.997325 -0.0546963 -0.0484828 0 0.439153 -0.055789 0.788823 1 
0.0451646 -0.0606394 0.997128 0 -0.0574747 -0.996651 -0.0580071 0 0.997325 -0.0546908 -0.0484995 0 0.439173 -0.0557835 0.788822 1 
0.0451834 -0.0606285 0.997128 0 -0.0574727 -0.996651 -0.0579952 0 0.997324 -0.0546882 -0.0485176 0 0.439196 -0.0557808 0.788822 1 
0.0452052 -0.0606236 0.997127 0 -0.0574672 -0.996652 -0.0579894 0 0.997323 -0.0546817 -0.0485387 0 0.439218 -0.0557758 0.78882 1 
0.0452184 -0.0606196 0.997127 0 -0.0574696 -0.996652 -0.0579846 0 0.997323 -0.0546835 -0.0485518 0 0.439237 -0.0557753 0.788821 1 
0.0452442 -0.0606105 0.997126 0 -0.0574647 -0.996653 -0.0579743 0 0.997322 -0.0546776 -0.0485767 0 0.439261 -0.0557697 0.788818 1 
0.0452496 -0.0606088 0.997126 0 -0.0574624 -0.996653 -0.0579724 0 0.997322 -0.0546751 -0.0485819 0 0.439278 -0.0557661 0.788824 1 
0.0452727 -0.060596 0.997125 0 -0.0574596 -0.996654 -0.0579586 0 0.997321 -0.0546715 -0.048604 0 0.4393 -0.0557631 0.788821 1 
0.0452888 -0.0605884 0.997125 0 -0.0574563 -0.996655 -0.0579502 0 0.99732 -0.0546677 -0.0486194 0 0.439322 -0.0557591 0.788823 1 
0.0453066 -0.0605827 0.997125 0 -0.0574563 -0.996655 -0.0579436 0 0.997319 -0.0546669 -0.0486369 0 0.439344 -0.0557556 0.788822 1 
0.0453207 -0.0605818 0.997124 0 -0.0574563 -0.996656 -0.0579418 0 0.997319 -0.0546662 -0.0486509 0 0.439366 -0.0557549 0.788823 1 
0.0453431 -0.0605686 0.997124 0 -0.0574554 -0.996656 -0.0579275 0 0.997318 -0.0546646 -0.0486724 0 0.43939 -0.0557505 0.788823 1 
0.0453524 -0.0605621 0.997124 0 -0.0574504 -0.996657 -0.0579207 0 0.997318 -0.0546594 -0.0486811 0 0.439409 -0.0557477 0.788827 1 
0.045371 -0.060553 0.997124 0 -0.0574448 -0.996658 -0.0579109 0 0.997317 -0.0546532 -0.0486987 0 0.439432 -0.0557409 0.788827 1 
0.0453866 -0.0605487 0.997123 0 -0.0574466 -0.996658 -0.0579056 0 0.997316 -0.0546543 -0.0487142 0 0.439454 -0.0557398 0.788829 1 
