-0.00220544  -0.0318852  0.999479  0  -0.0509777  -0.998179  -0.0319562  0  0.998697  -0.0510226  0.000576  0  0.400723  -0.0432426  0.776036  1  
-0.00220624  -0.0318821  0.99948  0  -0.0509756  -0.998179  -0.0319531  0  0.998697  -0.0510205  0.000577023  0  0.400722  -0.0432415  0.776037  1  
-0.0022076  -0.0318877  0.999479  0  -0.0509759  -0.998179  -0.0319588  0  0.998697  -0.0510209  0.000578088  0  0.400721  -0.0432414  0.776037  1  
-0.0022004  -0.0318898  0.999479  0  -0.0509772  -0.998179  -0.0319605  0  0.998697  -0.051022  0.000570752  0  0.400723  -0.0432425  0.776033  1  
-0.00220115  -0.0318925  0.999479  0  -0.0509766  -0.998179  -0.0319632  0  0.998697  -0.0510214  0.00057138  0  0.400724  -0.0432422  0.776032  1  
-0.0021998  -0.0318956  0.999479  0  -0.0509749  -0.998179  -0.0319663  0  0.998697  -0.0510197  0.000569933  0  0.400723  -0.0432416  0.776032  1  
-0.00219522  -0.0318918  0.999479  0  -0.0509749  -0.998179  -0.0319622  0  0.998697  -0.0510195  0.000565554  0  0.400724  -0.0432413  0.776028  1  
-0.00219471  -0.0318887  0.999479  0  -0.0509759  -0.998179  -0.0319592  0  0.998697  -0.0510204  0.000565173  0  0.400723  -0.0432421  0.776027  1  
-0.00219305  -0.0318798  0.99948  0  -0.0509793  -0.998179  -0.0319501  0  0.998697  -0.0510238  0.000563862  0  0.400722  -0.0432431  0.776025  1  
-0.0021871  -0.0318886  0.999479  0  -0.0509743  -0.998179  -0.0319586  0  0.998698  -0.0510186  0.000557628  0  0.400723  -0.0432407  0.77602  1  
-0.00218578  -0.031885  0.99948  0  -0.0509731  -0.998179  -0.031955  0  0.998698  -0.0510174  0.000556531  0  0.400723  -0.0432397  0.776019  1  
-0.00218251  -0.0318941  0.999479  0  -0.0509755  -0.998179  -0.0319639  0  0.998697  -0.0510197  0.000552725  0  0.400724  -0.043242  0.776016  1  
-0.00217358  -0.0318919  0.999479  0  -0.0509757  -0.998179  -0.0319612  0  0.998698  -0.0510196  0.000543917  0  0.400727  -0.043242  0.776011  1  
-0.00216545  -0.0318862  0.99948  0  -0.0509737  -0.998179  -0.0319551  0  0.998698  -0.0510174  0.000536163  0  0.400729  -0.0432393  0.776008  1  
-0.00214746  -0.0318953  0.999479  0  -0.0509735  -0.998179  -0.0319633  0  0.998698  -0.0510166  0.000517745  0  0.400734  -0.0432411  0.775998  1  
-0.0021372  -0.0318958  0.999479  0  -0.0509718  -0.998179  -0.0319633  0  0.998698  -0.0510146  0.000507535  0  0.400737  -0.0432404  0.775994  1  
-0.00212235  -0.0318972  0.999479  0  -0.0509734  -0.998179  -0.0319639  0  0.998698  -0.0510157  0.000492586  0  0.40074  -0.0432399  0.775987  1  
-0.0021102  -0.0318967  0.999479  0  -0.0509771  -0.998179  -0.0319628  0  0.998698  -0.051019  0.000480366  0  0.400743  -0.0432425  0.775981  1  
-0.00209891  -0.0319011  0.999479  0  -0.0509771  -0.998178  -0.0319666  0  0.998698  -0.0510186  0.000468867  0  0.400747  -0.0432412  0.775975  1  
-0.0020859  -0.0318977  0.999479  0  -0.0509777  -0.998179  -0.0319626  0  0.998698  -0.0510188  0.000456033  0  0.40075  -0.0432422  0.775969  1  
-0.0020718  -0.0319038  0.999479  0  -0.0509788  -0.998178  -0.031968  0  0.998698  -0.0510195  0.000441609  0  0.400753  -0.043244  0.775961  1  
-0.00206478  -0.0318928  0.99948  0  -0.0509791  -0.998179  -0.0319566  0  0.998698  -0.0510196  0.000435157  0  0.400755  -0.0432422  0.775957  1  
-0.00206033  -0.0319013  0.999479  0  -0.0509779  -0.998178  -0.0319648  0  0.998698  -0.0510182  0.000430322  0  0.400756  -0.0432426  0.775954  1  
-0.00204871  -0.0319023  0.999479  0  -0.0509764  -0.998179  -0.0319653  0  0.998698  -0.0510164  0.00041872  0  0.400759  -0.0432423  0.775947  1  
-0.00203748  -0.0319099  0.999479  0  -0.050977  -0.998178  -0.0319723  0  0.998698  -0.0510166  0.000407104  0  0.400761  -0.0432433  0.775941  1  
-0.00201223  -0.0319023  0.999479  0  -0.0509809  -0.998178  -0.0319634  0  0.998698  -0.0510197  0.000382169  0  0.400767  -0.0432431  0.775926  1  
-0.00200375  -0.0319114  0.999479  0  -0.0509838  -0.998178  -0.0319721  0  0.998697  -0.0510223  0.000373143  0  0.40077  -0.0432457  0.775922  1  
-0.00199421  -0.0319092  0.999479  0  -0.0509799  -0.998178  -0.0319694  0  0.998698  -0.0510181  0.000363859  0  0.400772  -0.0432437  0.775917  1  
-0.00197623  -0.0319108  0.999479  0  -0.0509786  -0.998178  -0.0319701  0  0.998698  -0.0510162  0.00034587  0  0.400777  -0.0432423  0.775907  1  
-0.00196898  -0.0319123  0.999479  0  -0.0509827  -0.998178  -0.0319712  0  0.998698  -0.0510201  0.000338419  0  0.400779  -0.0432443  0.775904  1  
-0.00195266  -0.0319174  0.999479  0  -0.0509818  -0.998178  -0.0319755  0  0.998698  -0.0510187  0.000321904  0  0.400783  -0.0432444  0.775895  1  
-0.00194662  -0.0319121  0.999479  0  -0.0509816  -0.998178  -0.0319699  0  0.998698  -0.0510183  0.000316151  0  0.400784  -0.0432438  0.775892  1  
-0.00192756  -0.0319172  0.999479  0  -0.0509831  -0.998178  -0.031974  0  0.998698  -0.0510191  0.000296812  0  0.400789  -0.0432445  0.775882  1  
-0.00191787  -0.0319146  0.999479  0  -0.0509851  -0.998178  -0.0319709  0  0.998698  -0.0510209  0.00028721  0  0.400792  -0.0432453  0.775876  1  
-0.00190151  -0.0319177  0.999479  0  -0.0509812  -0.998178  -0.0319731  0  0.998698  -0.0510164  0.000270853  0  0.400797  -0.0432442  0.775869  1  
-0.0018837  -0.0319213  0.999479  0  -0.0509838  -0.998178  -0.0319759  0  0.998698  -0.0510185  0.000252804  0  0.400802  -0.0432448  0.775859  1  
-0.00187125  -0.0319184  0.999479  0  -0.0509847  -0.998178  -0.0319723  0  0.998698  -0.0510189  0.000240498  0  0.400806  -0.0432448  0.775853  1  
-0.0018563  -0.0319198  0.999479  0  -0.0509846  -0.998178  -0.0319729  0  0.998698  -0.0510184  0.000225504  0  0.400809  -0.0432448  0.775844  1  
-0.00183925  -0.0319196  0.999479  0  -0.0509823  -0.998178  -0.0319718  0  0.998698  -0.0510155  0.000208571  0  0.400814  -0.0432442  0.775836  1  
-0.00181739  -0.0319231  0.999479  0  -0.0509815  -0.998178  -0.0319743  0  0.998698  -0.051014  0.000186598  0  0.400821  -0.0432433  0.775825  1  
-0.00179754  -0.0319252  0.999479  0  -0.0509849  -0.998178  -0.0319753  0  0.998698  -0.0510167  0.000166565  0  0.400827  -0.0432453  0.775814  1  
-0.00177354  -0.031926  0.999479  0  -0.0509863  -0.998178  -0.031975  0  0.998698  -0.0510175  0.000142523  0  0.400835  -0.0432461  0.775803  1  
-0.0017487  -0.0319258  0.999479  0  -0.0509848  -0.998178  -0.0319735  0  0.998698  -0.0510151  0.000117788  0  0.400841  -0.0432441  0.77579  1  
-0.00172739  -0.031938  0.999479  0  -0.0509874  -0.998177  -0.0319845  0  0.998698  -0.051017  9.58064e-05  0  0.400848  -0.0432473  0.775779  1  
-0.00170242  -0.0319249  0.999479  0  -0.0509856  -0.998178  -0.0319702  0  0.998698  -0.0510144  7.16132e-05  0  0.400856  -0.0432446  0.775767  1  
-0.00168141  -0.0319309  0.999479  0  -0.0509826  -0.998178  -0.0319751  0  0.998698  -0.0510108  5.04318e-05  0  0.400861  -0.0432427  0.775756  1  
-0.00165161  -0.0319307  0.999479  0  -0.0509822  -0.998178  -0.0319733  0  0.998698  -0.0510094  2.07101e-05  0  0.40087  -0.0432428  0.775741  1  
-0.0016274  -0.0319354  0.999479  0  -0.0509862  -0.998178  -0.0319768  0  0.998698  -0.0510126  -3.82331e-06  0  0.400876  -0.0432438  0.775729  1  
-0.0016075  -0.031932  0.999479  0  -0.0509824  -0.998178  -0.0319724  0  0.998698  -0.0510082  -2.33983e-05  0  0.400882  -0.0432426  0.775719  1  
-0.00158616  -0.0319361  0.999479  0  -0.0509848  -0.998178  -0.0319754  0  0.998698  -0.0510099  -4.4986e-05  0  0.400888  -0.043243  0.775708  1  
-0.0015564  -0.0319356  0.999479  0  -0.0509871  -0.998178  -0.0319734  0  0.998698  -0.0510113  -7.47442e-05  0  0.400896  -0.0432449  0.775694  1  
-0.00153373  -0.0319383  0.999479  0  -0.0509886  -0.998178  -0.031975  0  0.998698  -0.051012  -9.75564e-05  0  0.400903  -0.0432458  0.775681  1  
-0.00151191  -0.0319406  0.999479  0  -0.0509878  -0.998178  -0.0319762  0  0.998698  -0.0510106  -0.000119429  0  0.40091  -0.0432448  0.775671  1  
-0.00147691  -0.031939  0.999479  0  -0.0509849  -0.998178  -0.0319728  0  0.998698  -0.0510065  -0.000154194  0  0.400919  -0.0432426  0.775654  1  
-0.00145143  -0.0319439  0.999479  0  -0.050985  -0.998178  -0.0319764  0  0.998698  -0.0510059  -0.000179879  0  0.400928  -0.0432426  0.77564  1  
-0.00142858  -0.0319426  0.999479  0  -0.0509855  -0.998178  -0.0319739  0  0.998698  -0.0510056  -0.000202636  0  0.400933  -0.0432436  0.775628  1  
-0.00140277  -0.0319484  0.999479  0  -0.0509863  -0.998178  -0.0319784  0  0.998698  -0.0510055  -0.000228724  0  0.40094  -0.0432434  0.775614  1  
-0.00137186  -0.0319484  0.999479  0  -0.0509892  -0.998178  -0.0319768  0  0.998698  -0.0510074  -0.000259664  0  0.40095  -0.0432456  0.775599  1  
-0.00134607  -0.0319532  0.999479  0  -0.0509867  -0.998178  -0.0319802  0  0.998698  -0.0510041  -0.000285578  0  0.400957  -0.0432437  0.775586  1  
-0.00131616  -0.0319483  0.999479  0  -0.0509856  -0.998178  -0.0319738  0  0.998698  -0.0510021  -0.00031514  0  0.400966  -0.0432421  0.775571  1  
-0.0012868  -0.0319538  0.999479  0  -0.050987  -0.998178  -0.0319778  0  0.998698  -0.0510026  -0.000344781  0  0.400974  -0.0432431  0.775555  1  
-0.0012552  -0.0319513  0.999479  0  -0.0509901  -0.998178  -0.0319737  0  0.998698  -0.0510047  -0.000376299  0  0.400983  -0.0432447  0.775539  1  
-0.0012291  -0.0319532  0.999479  0  -0.0509895  -0.998178  -0.0319743  0  0.998698  -0.0510032  -0.000402429  0  0.40099  -0.0432429  0.775526  1  
-0.00119529  -0.0319587  0.999479  0  -0.0509917  -0.998177  -0.0319781  0  0.998698  -0.0510044  -0.000436528  0  0.401001  -0.0432457  0.775508  1  
-0.00116146  -0.0319587  0.999479  0  -0.0509941  -0.998177  -0.0319763  0  0.998698  -0.0510056  -0.000470368  0  0.40101  -0.0432459  0.775491  1  
-0.00113714  -0.0319601  0.999479  0  -0.0509942  -0.998177  -0.0319765  0  0.998698  -0.051005  -0.00049472  0  0.401017  -0.0432463  0.775479  1  
-0.00109288  -0.0319639  0.999479  0  -0.0509899  -0.998177  -0.031978  0  0.998699  -0.0509993  -0.000538961  0  0.40103  -0.0432429  0.775456  1  
-0.00106843  -0.031967  0.999479  0  -0.0509943  -0.998177  -0.0319799  0  0.998698  -0.0510029  -0.000563663  0  0.401037  -0.0432457  0.775444  1  
-0.00102465  -0.0319673  0.999479  0  -0.0509958  -0.998177  -0.0319779  0  0.998698  -0.051003  -0.000607428  0  0.401051  -0.0432449  0.775422  1  
-0.000992916  -0.0319657  0.999479  0  -0.0509958  -0.998177  -0.0319748  0  0.998698  -0.0510019  -0.000639023  0  0.40106  -0.0432453  0.775405  1  
-0.000957326  -0.0319736  0.999479  0  -0.0509974  -0.998177  -0.0319808  0  0.998698  -0.0510024  -0.000675005  0  0.40107  -0.0432466  0.775387  1  
-0.000921149  -0.0319723  0.999479  0  -0.0510003  -0.998177  -0.0319776  0  0.998698  -0.0510041  -0.000711138  0  0.401081  -0.0432468  0.775369  1  
-0.000883743  -0.0319735  0.999479  0  -0.0510017  -0.998177  -0.031977  0  0.998698  -0.0510043  -0.000748586  0  0.401092  -0.0432473  0.77535  1  
-0.000846283  -0.0319757  0.999479  0  -0.051002  -0.998177  -0.0319772  0  0.998698  -0.0510034  -0.000786098  0  0.401103  -0.0432474  0.77533  1  
-0.000806495  -0.0319774  0.999479  0  -0.0509986  -0.998177  -0.0319769  0  0.998698  -0.0509988  -0.000825791  0  0.401114  -0.0432455  0.77531  1  
-0.000768869  -0.031977  0.999479  0  -0.0509994  -0.998177  -0.0319746  0  0.998698  -0.0509983  -0.000863356  0  0.401126  -0.0432446  0.775291  1  
-0.000729269  -0.0319832  0.999479  0  -0.0510012  -0.998177  -0.0319788  0  0.998698  -0.0509989  -0.000903258  0  0.401138  -0.0432459  0.775271  1  
-0.000685981  -0.0319807  0.999479  0  -0.0510019  -0.998177  -0.0319741  0  0.998698  -0.0509982  -0.000946364  0  0.401151  -0.0432459  0.775249  1  
-0.000639855  -0.0319844  0.999479  0  -0.0510048  -0.998177  -0.0319754  0  0.998698  -0.0509997  -0.00099269  0  0.401165  -0.0432471  0.775227  1  
-0.000604885  -0.0319895  0.999478  0  -0.051003  -0.998177  -0.0319787  0  0.998698  -0.0509968  -0.0010278  0  0.401175  -0.0432462  0.775208  1  
-0.000557033  -0.0319835  0.999479  0  -0.0510039  -0.998177  -0.0319703  0  0.998698  -0.0509961  -0.00107529  0  0.40119  -0.043246  0.775184  1  
-0.000514632  -0.03199  0.999478  0  -0.0510084  -0.998177  -0.0319746  0  0.998698  -0.0509993  -0.00111809  0  0.401203  -0.0432474  0.775163  1  
-0.000465479  -0.0319887  0.999478  0  -0.0510095  -0.998177  -0.0319708  0  0.998698  -0.0509987  -0.00116712  0  0.401218  -0.0432473  0.775139  1  
-0.000423667  -0.0319945  0.999478  0  -0.0510077  -0.998177  -0.0319744  0  0.998698  -0.0509956  -0.00120909  0  0.40123  -0.0432462  0.775117  1  
-0.000373448  -0.0319945  0.999478  0  -0.05101  -0.998177  -0.0319719  0  0.998698  -0.0509963  -0.0012593  0  0.401245  -0.0432465  0.775092  1  
-0.000327997  -0.0319952  0.999478  0  -0.0510086  -0.998177  -0.0319703  0  0.998698  -0.0509934  -0.00130466  0  0.401259  -0.0432447  0.775069  1  
-0.000284834  -0.0319955  0.999478  0  -0.051009  -0.998177  -0.0319683  0  0.998698  -0.0509925  -0.00134777  0  0.401271  -0.0432458  0.775047  1  
-0.000237064  -0.0319993  0.999478  0  -0.0510076  -0.998177  -0.0319698  0  0.998698  -0.0509895  -0.0013956  0  0.401286  -0.0432436  0.775022  1  
-0.000186924  -0.0319968  0.999478  0  -0.0510111  -0.998177  -0.0319646  0  0.998698  -0.0509914  -0.00144563  0  0.401301  -0.0432447  0.774997  1  
-0.000146038  -0.0320084  0.999478  0  -0.0510131  -0.998176  -0.0319742  0  0.998698  -0.0509921  -0.0014871  0  0.401314  -0.0432473  0.774976  1  
-9.4776e-05  -0.0320064  0.999478  0  -0.0510126  -0.998177  -0.0319695  0  0.998698  -0.05099  -0.00153815  0  0.401328  -0.0432462  0.77495  1  
-5.02145e-05  -0.0320097  0.999478  0  -0.0510133  -0.998176  -0.0319706  0  0.998698  -0.0509892  -0.00158283  0  0.401342  -0.0432463  0.774927  1  
2.49786e-06  -0.0320081  0.999478  0  -0.0510101  -0.998177  -0.0319663  0  0.998698  -0.0509844  -0.00163526  0  0.401356  -0.0432442  0.7749  1  
4.79483e-05  -0.0320141  0.999478  0  -0.0510113  -0.998177  -0.0319699  0  0.998698  -0.0509841  -0.00168097  0  0.40137  -0.0432434  0.774877  1  
9.75893e-05  -0.0320188  0.999478  0  -0.0510115  -0.998177  -0.0319721  0  0.998698  -0.0509828  -0.00173077  0  0.401385  -0.0432447  0.774851  1  
0.00014657  -0.0320121  0.999478  0  -0.0510117  -0.998177  -0.031963  0  0.998698  -0.0509814  -0.00177933  0  0.401399  -0.0432421  0.774827  1  
0.000198906  -0.0320133  0.999478  0  -0.0510127  -0.998177  -0.0319615  0  0.998698  -0.0509807  -0.00183166  0  0.401413  -0.0432424  0.774801  1  
0.000249054  -0.0320205  0.999478  0  -0.0510103  -0.998177  -0.0319661  0  0.998698  -0.0509767  -0.00188201  0  0.401428  -0.0432416  0.774775  1  
0.000306889  -0.032025  0.999477  0  -0.0510124  -0.998177  -0.0319677  0  0.998698  -0.050977  -0.00194004  0  0.401445  -0.0432421  0.774745  1  
0.000359919  -0.0320271  0.999477  0  -0.0510074  -0.998177  -0.0319671  0  0.998698  -0.0509702  -0.00199292  0  0.401461  -0.0432396  0.774717  1  
0.000407931  -0.0320345  0.999477  0  -0.0510136  -0.998176  -0.031972  0  0.998698  -0.0509748  -0.00204142  0  0.401474  -0.043243  0.774693  1  
0.000468463  -0.0320303  0.999477  0  -0.0510152  -0.998177  -0.0319647  0  0.998698  -0.0509745  -0.00210168  0  0.401491  -0.0432417  0.774663  1  
0.000527423  -0.0320331  0.999477  0  -0.0510176  -0.998176  -0.0319645  0  0.998698  -0.050975  -0.00216075  0  0.401509  -0.043242  0.774631  1  
0.000575978  -0.0320299  0.999477  0  -0.0510158  -0.998177  -0.0319588  0  0.998698  -0.0509717  -0.002209  0  0.401523  -0.0432406  0.774607  1  
0.000644685  -0.0320399  0.999477  0  -0.0510185  -0.998176  -0.0319653  0  0.998697  -0.0509722  -0.00227818  0  0.401542  -0.0432424  0.774573  1  
0.000702646  -0.0320426  0.999477  0  -0.0510147  -0.998177  -0.0319651  0  0.998698  -0.0509665  -0.00233605  0  0.40156  -0.0432401  0.774543  1  
0.000755113  -0.0320449  0.999477  0  -0.0510183  -0.998176  -0.0319646  0  0.998697  -0.0509684  -0.00238866  0  0.401576  -0.0432409  0.774515  1  
0.000819736  -0.0320443  0.999476  0  -0.0510182  -0.998177  -0.0319608  0  0.998697  -0.0509663  -0.00245313  0  0.401595  -0.0432407  0.774483  1  
0.00087736  -0.0320465  0.999476  0  -0.0510171  -0.998177  -0.03196  0  0.998697  -0.0509633  -0.00251073  0  0.401612  -0.0432395  0.774453  1  
0.000940193  -0.03205  0.999476  0  -0.0510198  -0.998176  -0.0319603  0  0.998697  -0.050964  -0.00257371  0  0.401629  -0.0432401  0.774422  1  
0.0010034  -0.0320496  0.999476  0  -0.0510198  -0.998177  -0.0319567  0  0.998697  -0.050962  -0.00263679  0  0.401648  -0.0432391  0.77439  1  
0.00105792  -0.0320528  0.999476  0  -0.0510246  -0.998176  -0.0319571  0  0.998697  -0.0509651  -0.00269153  0  0.401664  -0.0432414  0.77436  1  
0.00112159  -0.0320635  0.999476  0  -0.051022  -0.998176  -0.0319645  0  0.998697  -0.0509604  -0.00275553  0  0.401683  -0.0432411  0.774328  1  
0.00118237  -0.0320593  0.999476  0  -0.0510246  -0.998176  -0.0319573  0  0.998697  -0.050961  -0.00281608  0  0.4017  -0.0432399  0.774297  1  
0.00125249  -0.0320635  0.999475  0  -0.0510267  -0.998176  -0.0319578  0  0.998696  -0.0509609  -0.00288635  0  0.401721  -0.0432403  0.774261  1  
0.00131512  -0.0320626  0.999475  0  -0.051026  -0.998176  -0.0319538  0  0.998696  -0.0509582  -0.00294881  0  0.401738  -0.0432391  0.77423  1  
0.00137872  -0.0320713  0.999475  0  -0.0510269  -0.998176  -0.0319593  0  0.998696  -0.0509571  -0.00301277  0  0.401757  -0.0432398  0.774197  1  
0.00143973  -0.0320663  0.999475  0  -0.0510279  -0.998176  -0.0319512  0  0.998696  -0.0509561  -0.00307345  0  0.401775  -0.0432389  0.774165  1  
0.00150181  -0.0320759  0.999475  0  -0.0510296  -0.998176  -0.0319575  0  0.998696  -0.0509558  -0.00313595  0  0.401793  -0.0432398  0.774133  1  
0.00156367  -0.032079  0.999474  0  -0.051033  -0.998176  -0.0319575  0  0.998696  -0.0509572  -0.00319796  0  0.40181  -0.0432413  0.774101  1  
0.00163898  -0.0320805  0.999474  0  -0.0510323  -0.998176  -0.0319552  0  0.998696  -0.0509541  -0.00327319  0  0.401832  -0.0432395  0.774063  1  
0.00169755  -0.0320821  0.999474  0  -0.051033  -0.998176  -0.0319538  0  0.998696  -0.0509529  -0.00333177  0  0.401849  -0.0432394  0.774033  1  
0.00176525  -0.0320859  0.999474  0  -0.0510325  -0.998176  -0.0319541  0  0.998695  -0.0509503  -0.00339952  0  0.401868  -0.043239  0.773997  1  
0.00183295  -0.0320934  0.999474  0  -0.0510332  -0.998176  -0.0319581  0  0.998695  -0.0509487  -0.0034675  0  0.401887  -0.0432388  0.773962  1  
0.00190149  -0.0320939  0.999473  0  -0.0510331  -0.998176  -0.0319551  0  0.998695  -0.0509465  -0.00353594  0  0.401906  -0.0432388  0.773927  1  
0.00196345  -0.0320959  0.999473  0  -0.0510326  -0.998176  -0.031954  0  0.998695  -0.050944  -0.00359787  0  0.401924  -0.0432377  0.773895  1  
0.00203835  -0.0320949  0.999473  0  -0.0510365  -0.998176  -0.0319492  0  0.998695  -0.0509454  -0.00367272  0  0.401945  -0.0432384  0.773857  1  
0.00209944  -0.0321011  0.999473  0  -0.0510296  -0.998176  -0.0319522  0  0.998695  -0.0509366  -0.00373378  0  0.401964  -0.0432351  0.773825  1  
0.00216361  -0.0321029  0.999473  0  -0.0510375  -0.998176  -0.0319508  0  0.998694  -0.0509424  -0.00379818  0  0.401982  -0.0432384  0.773792  1  
0.00223351  -0.03211  0.999472  0  -0.0510342  -0.998176  -0.0319543  0  0.998694  -0.0509369  -0.00386822  0  0.402002  -0.0432375  0.773756  1  
0.00230282  -0.0321108  0.999472  0  -0.051034  -0.998176  -0.0319516  0  0.998694  -0.0509344  -0.00393743  0  0.402023  -0.0432365  0.773721  1  
0.00237426  -0.0321154  0.999472  0  -0.0510393  -0.998176  -0.0319525  0  0.998694  -0.0509374  -0.00400915  0  0.402043  -0.0432384  0.773684  1  
0.00244468  -0.0321171  0.999471  0  -0.0510435  -0.998176  -0.0319506  0  0.998693  -0.0509394  -0.00407967  0  0.402063  -0.0432403  0.773648  1  
0.00251341  -0.0321235  0.999471  0  -0.051044  -0.998175  -0.0319535  0  0.998693  -0.0509377  -0.00414862  0  0.402084  -0.0432397  0.773613  1  
0.00259137  -0.0321229  0.999471  0  -0.0510422  -0.998176  -0.0319489  0  0.998693  -0.0509334  -0.00422634  0  0.402106  -0.0432388  0.773573  1  
0.00266018  -0.0321287  0.999471  0  -0.0510422  -0.998176  -0.0319513  0  0.998693  -0.0509311  -0.00429533  0  0.402126  -0.043237  0.773538  1  
0.00273393  -0.0321296  0.99947  0  -0.0510463  -0.998175  -0.0319483  0  0.998693  -0.0509329  -0.00436912  0  0.402147  -0.0432398  0.7735  1  
0.00280754  -0.0321411  0.99947  0  -0.051049  -0.998175  -0.0319561  0  0.998692  -0.0509332  -0.00444327  0  0.40217  -0.0432413  0.773462  1  
0.00288649  -0.0321393  0.99947  0  -0.051046  -0.998175  -0.0319503  0  0.998692  -0.0509277  -0.00452189  0  0.402192  -0.0432393  0.773422  1  
0.00295861  -0.0321465  0.999469  0  -0.0510475  -0.998175  -0.0319538  0  0.998692  -0.0509268  -0.00459429  0  0.402213  -0.0432395  0.773385  1  
0.00304394  -0.0321534  0.999469  0  -0.0510519  -0.998175  -0.0319563  0  0.998691  -0.0509284  -0.00467997  0  0.402239  -0.043243  0.773342  1  
0.0031154  -0.0321573  0.999468  0  -0.0510484  -0.998175  -0.0319565  0  0.998691  -0.0509227  -0.00475138  0  0.402259  -0.0432406  0.773305  1  
0.00319544  -0.0321591  0.999468  0  -0.0510529  -0.998175  -0.0319542  0  0.998691  -0.0509246  -0.00483151  0  0.402282  -0.0432426  0.773264  1  
0.00327753  -0.032165  0.999468  0  -0.0510609  -0.998175  -0.031956  0  0.99869  -0.05093  -0.00491402  0  0.402305  -0.0432468  0.773222  1  
0.00335503  -0.0321713  0.999467  0  -0.0510602  -0.998174  -0.0319582  0  0.99869  -0.0509268  -0.00499168  0  0.402328  -0.043247  0.773183  1  
0.0034339  -0.0321842  0.999466  0  -0.0510655  -0.998174  -0.0319671  0  0.998689  -0.0509295  -0.00507123  0  0.402352  -0.0432518  0.773142  1  
0.00351303  -0.0321932  0.999466  0  -0.0510667  -0.998174  -0.0319721  0  0.998689  -0.0509281  -0.00515072  0  0.402375  -0.0432534  0.773102  1  
0.00359539  -0.0321967  0.999465  0  -0.0510711  -0.998173  -0.0319714  0  0.998689  -0.0509299  -0.00523325  0  0.402399  -0.0432564  0.77306  1  
0.00367625  -0.032202  0.999465  0  -0.0510735  -0.998173  -0.0319725  0  0.998688  -0.0509296  -0.0053143  0  0.402423  -0.0432575  0.773019  1  
0.00375817  -0.0322104  0.999464  0  -0.051074  -0.998173  -0.0319767  0  0.998688  -0.0509275  -0.00539653  0  0.402447  -0.0432586  0.772976  1  
0.00383854  -0.0322202  0.999464  0  -0.0510812  -0.998173  -0.0319824  0  0.998687  -0.0509321  -0.00547748  0  0.40247  -0.0432641  0.772935  1  
0.00392318  -0.0322238  0.999463  0  -0.0510865  -0.998172  -0.0319816  0  0.998687  -0.0509346  -0.00556231  0  0.402495  -0.0432671  0.772892  1  
0.00399694  -0.0322347  0.999463  0  -0.0510897  -0.998172  -0.0319888  0  0.998686  -0.0509354  -0.00563661  0  0.402516  -0.043269  0.772854  1  
0.00408059  -0.0322357  0.999462  0  -0.0510945  -0.998172  -0.0319854  0  0.998685  -0.0509375  -0.0057203  0  0.402541  -0.0432714  0.772812  1  
0.00416097  -0.0322456  0.999462  0  -0.0510956  -0.998172  -0.0319913  0  0.998685  -0.050936  -0.00580108  0  0.402565  -0.0432716  0.77277  1  
0.00424706  -0.0322554  0.999461  0  -0.0511064  -0.998171  -0.0319966  0  0.998684  -0.0509439  -0.00588786  0  0.402589  -0.0432784  0.772726  1  
0.00433275  -0.0322587  0.999461  0  -0.0511028  -0.998171  -0.0319956  0  0.998684  -0.0509376  -0.00597345  0  0.402615  -0.0432763  0.772683  1  
0.00442136  -0.0322651  0.99946  0  -0.0511135  -0.99817  -0.0319973  0  0.998683  -0.0509454  -0.00606256  0  0.402642  -0.0432817  0.772638  1  
0.00450024  -0.0322716  0.999459  0  -0.0511133  -0.99817  -0.0319998  0  0.998683  -0.0509426  -0.00614163  0  0.402666  -0.0432814  0.772597  1  
0.00459176  -0.0322742  0.999459  0  -0.0511151  -0.99817  -0.0319978  0  0.998682  -0.0509415  -0.00623318  0  0.402693  -0.0432816  0.772552  1  
0.00467787  -0.0322798  0.999458  0  -0.0511206  -0.99817  -0.0319989  0  0.998682  -0.0509442  -0.00631959  0  0.402718  -0.0432835  0.772508  1  
0.00476573  -0.0322853  0.999458  0  -0.0511261  -0.99817  -0.0319999  0  0.998681  -0.0509468  -0.00640775  0  0.402744  -0.0432858  0.772464  1  
0.00484923  -0.0322903  0.999457  0  -0.0511344  -0.998169  -0.0320006  0  0.99868  -0.0509524  -0.00649162  0  0.402769  -0.0432898  0.772421  1  
0.00493634  -0.0322943  0.999457  0  -0.0511371  -0.998169  -0.0320002  0  0.998679  -0.0509523  -0.00657886  0  0.402794  -0.0432901  0.772376  1  
0.00501974  -0.0323019  0.999456  0  -0.0511376  -0.998169  -0.0320035  0  0.998679  -0.0509501  -0.00666251  0  0.40282  -0.0432914  0.772334  1  
0.00511128  -0.0323065  0.999455  0  -0.0511458  -0.998169  -0.0320033  0  0.998678  -0.0509553  -0.00675439  0  0.402846  -0.0432957  0.772288  1  
0.0051999  -0.0323109  0.999455  0  -0.0511456  -0.998169  -0.0320032  0  0.998678  -0.0509523  -0.00684307  0  0.402872  -0.0432953  0.772244  1  
0.00528005  -0.0323184  0.999454  0  -0.0511496  -0.998168  -0.0320066  0  0.998677  -0.0509537  -0.00692359  0  0.402897  -0.0432965  0.772204  1  
0.00536313  -0.0323261  0.999453  0  -0.0511547  -0.998168  -0.0320101  0  0.998676  -0.050956  -0.00700707  0  0.402922  -0.0432999  0.77216  1  
0.00545375  -0.0323319  0.999453  0  -0.0511597  -0.998168  -0.0320111  0  0.998676  -0.0509581  -0.00709798  0  0.40295  -0.043302  0.772114  1  
0.00553718  -0.032334  0.999452  0  -0.0511658  -0.998167  -0.032009  0  0.998675  -0.0509615  -0.00718157  0  0.402974  -0.043306  0.772073  1  
0.00562991  -0.0323438  0.999451  0  -0.051169  -0.998167  -0.032014  0  0.998674  -0.0509617  -0.00727473  0  0.403001  -0.0433076  0.772026  1  
0.00571585  -0.0323526  0.999451  0  -0.0511675  -0.998167  -0.0320184  0  0.998674  -0.0509574  -0.00736092  0  0.403028  -0.0433081  0.771983  1  
0.00580095  -0.0323555  0.99945  0  -0.0511723  -0.998167  -0.0320169  0  0.998673  -0.0509594  -0.00744617  0  0.403053  -0.0433102  0.771939  1  
0.00589454  -0.0323696  0.999449  0  -0.0511801  -0.998166  -0.0320262  0  0.998672  -0.0509641  -0.00754056  0  0.403082  -0.0433171  0.771892  1  
0.00598478  -0.0323764  0.999448  0  -0.051181  -0.998166  -0.0320284  0  0.998671  -0.0509621  -0.00763101  0  0.403109  -0.0433173  0.771847  1  
0.00607455  -0.0323795  0.999448  0  -0.0511859  -0.998166  -0.0320268  0  0.998671  -0.050964  -0.00772093  0  0.403137  -0.0433195  0.771803  1  
0.00616975  -0.0323947  0.999446  0  -0.0511909  -0.998165  -0.0320372  0  0.99867  -0.0509659  -0.0078169  0  0.403165  -0.0433238  0.771754  1  
0.0062558  -0.0323952  0.999446  0  -0.051198  -0.998165  -0.0320332  0  0.998669  -0.0509702  -0.00790304  0  0.403192  -0.0433281  0.77171  1  
0.00635235  -0.0324082  0.999445  0  -0.0511982  -0.998165  -0.0320413  0  0.998668  -0.0509672  -0.00800009  0  0.403221  -0.0433286  0.771661  1  
0.00644261  -0.0324125  0.999444  0  -0.0512044  -0.998164  -0.032041  0  0.998667  -0.0509705  -0.0080906  0  0.403249  -0.0433331  0.771616  1  
0.0065419  -0.0324279  0.999443  0  -0.0512097  -0.998164  -0.0320512  0  0.998666  -0.0509724  -0.00819067  0  0.403279  -0.0433375  0.771566  1  
0.00663292  -0.0324294  0.999442  0  -0.0512114  -0.998164  -0.0320481  0  0.998666  -0.0509712  -0.00828166  0  0.403307  -0.0433385  0.77152  1  
0.00672424  -0.0324453  0.999441  0  -0.051223  -0.998163  -0.0320592  0  0.998665  -0.0509798  -0.00837399  0  0.403335  -0.0433455  0.771474  1  
0.00681813  -0.0324506  0.99944  0  -0.0512306  -0.998162  -0.0320596  0  0.998664  -0.0509843  -0.00846823  0  0.403362  -0.0433509  0.771426  1  
0.00691528  -0.032464  0.999439  0  -0.0512371  -0.998162  -0.0320679  0  0.998663  -0.0509876  -0.0085661  0  0.403392  -0.0433555  0.771378  1  
0.00701064  -0.0324674  0.999439  0  -0.051239  -0.998162  -0.0320665  0  0.998662  -0.0509864  -0.00866152  0  0.403422  -0.0433575  0.77133  1  
0.00710413  -0.0324832  0.999437  0  -0.0512456  -0.998161  -0.0320774  0  0.998661  -0.0509899  -0.00875585  0  0.40345  -0.0433623  0.771283  1  
0.00720663  -0.032489  0.999436  0  -0.0512534  -0.998161  -0.0320779  0  0.99866  -0.0509943  -0.00885872  0  0.403482  -0.0433662  0.771232  1  
0.00729951  -0.0325001  0.999435  0  -0.0512556  -0.99816  -0.0320843  0  0.998659  -0.0509934  -0.00895207  0  0.40351  -0.0433679  0.771185  1  
0.00739507  -0.0325119  0.999434  0  -0.0512648  -0.99816  -0.0320912  0  0.998658  -0.0509995  -0.00904835  0  0.403539  -0.0433743  0.771137  1  
0.00748469  -0.0325163  0.999434  0  -0.0512678  -0.99816  -0.0320909  0  0.998657  -0.0509995  -0.00913813  0  0.403567  -0.0433773  0.771092  1  
0.00758453  -0.0325275  0.999432  0  -0.0512758  -0.998159  -0.0320969  0  0.998656  -0.0510042  -0.00923861  0  0.403597  -0.0433825  0.771042  1  
0.00767882  -0.0325362  0.999431  0  -0.0512834  -0.998158  -0.0321007  0  0.998655  -0.0510087  -0.00933342  0  0.403627  -0.0433861  0.770995  1  
0.00778266  -0.0325479  0.99943  0  -0.0512902  -0.998158  -0.0321071  0  0.998653  -0.051012  -0.0094379  0  0.403657  -0.0433909  0.770943  1  
0.00788236  -0.0325518  0.999429  0  -0.0512925  -0.998158  -0.0321058  0  0.998653  -0.0510111  -0.00953769  0  0.403688  -0.0433935  0.770893  1  
0.00797986  -0.0325636  0.999428  0  -0.0512982  -0.998157  -0.0321126  0  0.998651  -0.0510136  -0.0096358  0  0.403719  -0.0433965  0.770844  1  
0.00807885  -0.0325665  0.999427  0  -0.0513034  -0.998157  -0.0321104  0  0.99865  -0.0510156  -0.00973492  0  0.403749  -0.0433997  0.770794  1  
0.00818229  -0.0325829  0.999426  0  -0.0513104  -0.998156  -0.0321215  0  0.998649  -0.0510191  -0.00983924  0  0.403781  -0.0434046  0.770743  1  
0.00827833  -0.0325865  0.999425  0  -0.0513189  -0.998156  -0.03212  0  0.998648  -0.0510244  -0.00993556  0  0.40381  -0.0434087  0.770696  1  
0.00837745  -0.0326043  0.999424  0  -0.0513272  -0.998155  -0.0321327  0  0.998647  -0.0510294  -0.0100357  0  0.40384  -0.0434157  0.770645  1  
0.00847977  -0.0326015  0.999423  0  -0.0513309  -0.998155  -0.0321246  0  0.998646  -0.0510299  -0.0101378  0  0.403872  -0.0434164  0.770595  1  
0.00857884  -0.0326176  0.999421  0  -0.0513402  -0.998154  -0.0321355  0  0.998644  -0.0510358  -0.0102378  0  0.403902  -0.0434231  0.770545  1  
0.00867543  -0.0326285  0.99942  0  -0.0513454  -0.998154  -0.0321415  0  0.998643  -0.0510377  -0.0103349  0  0.403932  -0.0434274  0.770496  1  
0.00877305  -0.0326357  0.999419  0  -0.051354  -0.998153  -0.0321436  0  0.998642  -0.0510431  -0.010433  0  0.403963  -0.0434309  0.770447  1  
0.00886873  -0.0326395  0.999418  0  -0.0513572  -0.998153  -0.0321424  0  0.998641  -0.0510432  -0.0105288  0  0.403992  -0.0434341  0.770399  1  
0.00896886  -0.0326542  0.999417  0  -0.0513655  -0.998153  -0.0321519  0  0.99864  -0.0510481  -0.0106298  0  0.404023  -0.0434395  0.77035  1  
0.00906788  -0.0326616  0.999416  0  -0.0513695  -0.998152  -0.0321542  0  0.998639  -0.0510489  -0.0107291  0  0.404053  -0.0434423  0.770301  1  
0.00916515  -0.0326769  0.999414  0  -0.0513809  -0.998151  -0.0321644  0  0.998637  -0.051057  -0.0108274  0  0.404083  -0.0434503  0.770251  1  
0.00926082  -0.0326815  0.999413  0  -0.0513854  -0.998151  -0.0321641  0  0.998636  -0.0510583  -0.0109233  0  0.404112  -0.0434537  0.770204  1  
0.0093652  -0.032691  0.999412  0  -0.0513894  -0.998151  -0.0321681  0  0.998635  -0.0510589  -0.0110281  0  0.404145  -0.0434566  0.770152  1  
0.0094657  -0.0327011  0.999411  0  -0.0513979  -0.99815  -0.032173  0  0.998633  -0.051064  -0.0111292  0  0.404175  -0.0434617  0.770102  1  
0.00957566  -0.0327146  0.999409  0  -0.0514064  -0.99815  -0.0321808  0  0.998632  -0.0510688  -0.0112399  0  0.404209  -0.0434678  0.770047  1  
0.00967477  -0.0327231  0.999408  0  -0.0514152  -0.998149  -0.0321841  0  0.99863  -0.0510744  -0.0113395  0  0.40424  -0.0434737  0.769996  1  
0.00978086  -0.0327348  0.999407  0  -0.0514208  -0.998149  -0.0321903  0  0.998629  -0.0510764  -0.0114462  0  0.404272  -0.0434775  0.769944  1  
0.0098829  -0.0327436  0.999405  0  -0.0514258  -0.998148  -0.0321939  0  0.998628  -0.051078  -0.0115487  0  0.404304  -0.0434803  0.769893  1  
0.00998267  -0.0327555  0.999404  0  -0.0514316  -0.998148  -0.0322006  0  0.998627  -0.0510805  -0.0116491  0  0.404336  -0.0434851  0.769844  1  
0.0100905  -0.0327612  0.999403  0  -0.0514403  -0.998147  -0.0322007  0  0.998625  -0.0510856  -0.0117573  0  0.404369  -0.0434895  0.769789  1  
0.0101976  -0.0327719  0.999401  0  -0.0514416  -0.998147  -0.0322059  0  0.998624  -0.0510834  -0.0118647  0  0.404402  -0.0434917  0.769737  1  
0.0102997  -0.0327761  0.9994  0  -0.0514519  -0.998146  -0.0322047  0  0.998622  -0.0510903  -0.0119672  0  0.404434  -0.0434969  0.769686  1  
0.0104026  -0.0327867  0.999399  0  -0.0514564  -0.998146  -0.03221  0  0.998621  -0.0510914  -0.0120706  0  0.404466  -0.0435002  0.769635  1  
0.010509  -0.0328004  0.999397  0  -0.0514602  -0.998146  -0.0322182  0  0.99862  -0.0510916  -0.0121776  0  0.404499  -0.0435024  0.769582  1  
0.0106082  -0.0328102  0.999396  0  -0.0514694  -0.998145  -0.0322228  0  0.998618  -0.0510975  -0.0122775  0  0.404531  -0.0435085  0.769531  1  
0.0107174  -0.0328155  0.999394  0  -0.0514753  -0.998145  -0.0322225  0  0.998617  -0.0510997  -0.012387  0  0.404565  -0.0435117  0.769477  1  
0.0108232  -0.0328229  0.999393  0  -0.0514824  -0.998144  -0.0322244  0  0.998615  -0.0511034  -0.0124932  0  0.404597  -0.0435164  0.769425  1  
0.0109298  -0.0328344  0.999391  0  -0.0514898  -0.998144  -0.0322303  0  0.998614  -0.0511072  -0.0126004  0  0.40463  -0.0435205  0.769372  1  
0.0110366  -0.0328412  0.99939  0  -0.0514992  -0.998143  -0.0322315  0  0.998612  -0.051113  -0.0127076  0  0.404664  -0.0435251  0.769319  1  
0.0111498  -0.0328558  0.999388  0  -0.0515025  -0.998143  -0.0322403  0  0.998611  -0.0511125  -0.0128215  0  0.4047  -0.0435288  0.769263  1  
0.0112523  -0.0328513  0.999387  0  -0.0515094  -0.998143  -0.0322305  0  0.998609  -0.0511162  -0.0129238  0  0.404732  -0.0435319  0.769212  1  
0.0113618  -0.0328808  0.999385  0  -0.0515155  -0.998142  -0.0322543  0  0.998608  -0.0511183  -0.0130348  0  0.404766  -0.0435393  0.769157  1  
0.0114735  -0.032879  0.999384  0  -0.0515177  -0.998142  -0.0322467  0  0.998606  -0.0511169  -0.0131463  0  0.404801  -0.0435403  0.769103  1  
0.0115775  -0.0328955  0.999382  0  -0.051529  -0.998141  -0.0322576  0  0.998604  -0.0511247  -0.0132513  0  0.404834  -0.0435464  0.769051  1  
0.011687  -0.0329008  0.999381  0  -0.0515354  -0.99814  -0.0322573  0  0.998603  -0.0511275  -0.013361  0  0.404867  -0.0435519  0.768997  1  
0.0117954  -0.0329106  0.999379  0  -0.0515426  -0.99814  -0.0322615  0  0.998601  -0.051131  -0.01347  0  0.404902  -0.0435556  0.768944  1  
0.0119062  -0.0329224  0.999377  0  -0.0515454  -0.99814  -0.0322676  0  0.9986  -0.0511301  -0.0135813  0  0.404936  -0.0435593  0.768889  1  
0.0120097  -0.0329307  0.999376  0  -0.0515505  -0.998139  -0.0322704  0  0.998598  -0.0511317  -0.0136852  0  0.404969  -0.043562  0.768838  1  
0.0121178  -0.0329368  0.999374  0  -0.0515572  -0.998139  -0.032271  0  0.998596  -0.0511349  -0.0137936  0  0.405003  -0.0435668  0.768785  1  
0.0122212  -0.0329558  0.999372  0  -0.0515668  -0.998138  -0.0322845  0  0.998595  -0.0511409  -0.0138981  0  0.405036  -0.0435729  0.768732  1  
0.0123295  -0.0329591  0.999371  0  -0.0515733  -0.998138  -0.0322821  0  0.998593  -0.0511438  -0.0140067  0  0.40507  -0.0435772  0.768679  1  
0.0124388  -0.0329674  0.999369  0  -0.0515775  -0.998137  -0.0322848  0  0.998592  -0.0511443  -0.0141163  0  0.405105  -0.04358  0.768626  1  
0.012547  -0.032981  0.999368  0  -0.0515894  -0.998136  -0.0322926  0  0.99859  -0.0511525  -0.0142254  0  0.405139  -0.0435873  0.768572  1  
0.0126547  -0.032993  0.999366  0  -0.0515995  -0.998136  -0.032299  0  0.998588  -0.051159  -0.0143338  0  0.405173  -0.0435925  0.768518  1  
0.0127668  -0.0329969  0.999364  0  -0.0516022  -0.998136  -0.0322971  0  0.998586  -0.051158  -0.014446  0  0.405209  -0.0435959  0.768463  1  
0.0128827  -0.0330132  0.999362  0  -0.0516118  -0.998135  -0.0323074  0  0.998584  -0.0511636  -0.0145629  0  0.405246  -0.0436011  0.768405  1  
0.0129907  -0.0330207  0.999361  0  -0.05162  -0.998134  -0.0323092  0  0.998582  -0.0511682  -0.0146712  0  0.40528  -0.0436067  0.768353  1  
0.0131042  -0.0330285  0.999359  0  -0.0516279  -0.998134  -0.032311  0  0.99858  -0.0511724  -0.0147852  0  0.405316  -0.0436103  0.768296  1  
0.0132154  -0.0330387  0.999357  0  -0.0516351  -0.998133  -0.0323154  0  0.998579  -0.0511758  -0.014897  0  0.405351  -0.043617  0.768241  1  
0.0133272  -0.0330522  0.999355  0  -0.0516426  -0.998133  -0.0323231  0  0.998577  -0.0511795  -0.0150095  0  0.405387  -0.043622  0.768186  1  
0.013436  -0.0330649  0.999353  0  -0.0516519  -0.998132  -0.03233  0  0.998575  -0.0511851  -0.0151191  0  0.405421  -0.043628  0.768132  1  
0.0135492  -0.0330811  0.999351  0  -0.0516658  -0.998131  -0.0323402  0  0.998572  -0.0511951  -0.0152333  0  0.405457  -0.0436369  0.768076  1  
0.0136626  -0.0330826  0.99935  0  -0.051672  -0.998131  -0.0323358  0  0.998571  -0.0511976  -0.0153468  0  0.405492  -0.0436393  0.768021  1  
0.0137751  -0.0330977  0.999348  0  -0.0516819  -0.99813  -0.032345  0  0.998569  -0.0512036  -0.0154601  0  0.405527  -0.0436471  0.767966  1  
0.0138865  -0.0331044  0.999346  0  -0.0516912  -0.99813  -0.0323458  0  0.998567  -0.0512092  -0.0155721  0  0.405564  -0.0436519  0.767911  1  
0.0139973  -0.0331184  0.999344  0  -0.0516945  -0.998129  -0.0323541  0  0.998565  -0.0512087  -0.0156835  0  0.4056  -0.0436549  0.767857  1  
0.014112  -0.0331269  0.999342  0  -0.0516999  -0.998129  -0.0323566  0  0.998563  -0.0512102  -0.0157986  0  0.405637  -0.0436592  0.7678  1  
0.0142234  -0.0331375  0.99934  0  -0.0517123  -0.998128  -0.0323613  0  0.998561  -0.0512189  -0.0159107  0  0.405672  -0.0436667  0.767746  1  
0.0143371  -0.0331473  0.999338  0  -0.0517178  -0.998128  -0.0323652  0  0.998559  -0.0512205  -0.0160249  0  0.405709  -0.04367  0.76769  1  
0.014459  -0.033154  0.999336  0  -0.0517278  -0.998127  -0.0323655  0  0.998557  -0.0512265  -0.0161472  0  0.405748  -0.0436752  0.767631  1  
0.0145663  -0.0331729  0.999334  0  -0.0517386  -0.998126  -0.0323786  0  0.998554  -0.0512335  -0.0162557  0  0.405783  -0.043682  0.767578  1  
0.0146758  -0.03318  0.999332  0  -0.051746  -0.998126  -0.03238  0  0.998552  -0.0512372  -0.0163655  0  0.405818  -0.0436876  0.767525  1  
0.0147871  -0.0331918  0.99933  0  -0.0517527  -0.998125  -0.032386  0  0.99855  -0.0512401  -0.0164775  0  0.405855  -0.0436918  0.767471  1  
0.0148963  -0.0331987  0.999328  0  -0.051764  -0.998124  -0.0323871  0  0.998548  -0.0512478  -0.0165872  0  0.40589  -0.0436993  0.767418  1  
0.0150098  -0.0332091  0.999326  0  -0.0517719  -0.998124  -0.0323915  0  0.998546  -0.0512518  -0.0167012  0  0.405926  -0.0437026  0.767362  1  
0.0151254  -0.0332119  0.999324  0  -0.0517741  -0.998124  -0.0323884  0  0.998544  -0.0512502  -0.0168169  0  0.405963  -0.043704  0.767306  1  
0.0152375  -0.0332332  0.999322  0  -0.0517822  -0.998123  -0.0324038  0  0.998542  -0.0512543  -0.0169301  0  0.406  -0.0437106  0.767251  1  
0.0153516  -0.0332323  0.99932  0  -0.0517894  -0.998123  -0.0323969  0  0.99854  -0.0512579  -0.0170442  0  0.406037  -0.0437141  0.767196  1  
0.0154697  -0.0332467  0.999318  0  -0.0518034  -0.998122  -0.032405  0  0.998537  -0.0512677  -0.0171633  0  0.406077  -0.0437213  0.767139  1  
0.0155794  -0.0332522  0.999316  0  -0.0518081  -0.998122  -0.0324048  0  0.998536  -0.0512688  -0.0172732  0  0.406113  -0.0437252  0.767086  1  
0.0156981  -0.0332668  0.999314  0  -0.0518167  -0.998121  -0.0324131  0  0.998533  -0.0512733  -0.0173927  0  0.406151  -0.0437299  0.767028  1  
0.0158096  -0.033272  0.999312  0  -0.0518268  -0.99812  -0.0324124  0  0.998531  -0.0512797  -0.0175046  0  0.40619  -0.0437357  0.766975  1  
