0.0492201  -0.048616  0.997594  0  -0.0790629  -0.99586  -0.0446306  0  0.995654  -0.0766775  -0.0528611  0  0.417948  -0.0440335  0.776711  1  
0.0492254  -0.0486192  0.997594  0  -0.0790693  -0.99586  -0.0446331  0  0.995653  -0.0766835  -0.0528669  0  0.417948  -0.0440369  0.776707  1  
0.0492277  -0.048614  0.997594  0  -0.0790631  -0.99586  -0.044628  0  0.995653  -0.0766774  -0.0528685  0  0.417949  -0.0440333  0.776707  1  
0.0492201  -0.0486133  0.997595  0  -0.079063  -0.995861  -0.0446279  0  0.995654  -0.0766777  -0.0528609  0  0.417947  -0.0440334  0.776709  1  
0.0492345  -0.0486252  0.997593  0  -0.0790705  -0.995859  -0.0446383  0  0.995652  -0.0766839  -0.0528765  0  0.417947  -0.0440383  0.776703  1  
0.049279  -0.048628  0.997591  0  -0.0790655  -0.99586  -0.044638  0  0.995651  -0.0766768  -0.0529208  0  0.41795  -0.0440363  0.776689  1  
0.0493168  -0.0486293  0.997589  0  -0.079062  -0.99586  -0.0446365  0  0.995649  -0.0766716  -0.0529584  0  0.417955  -0.0440354  0.776675  1  
0.0493529  -0.0486311  0.997587  0  -0.0790594  -0.99586  -0.0446357  0  0.995647  -0.0766673  -0.0529943  0  0.41796  -0.044034  0.77666  1  
0.0493869  -0.0486304  0.997585  0  -0.0790639  -0.99586  -0.0446321  0  0.995645  -0.0766702  -0.0530283  0  0.417967  -0.0440371  0.776646  1  
0.0494262  -0.0486314  0.997583  0  -0.0790593  -0.995861  -0.0446304  0  0.995644  -0.0766638  -0.0530674  0  0.417974  -0.0440335  0.77663  1  
0.0494531  -0.0486406  0.997582  0  -0.0790609  -0.99586  -0.0446374  0  0.995642  -0.0766637  -0.053095  0  0.41798  -0.0440358  0.776617  1  
0.0494949  -0.0486412  0.99758  0  -0.0790505  -0.995861  -0.0446354  0  0.995641  -0.0766514  -0.0531362  0  0.417989  -0.0440304  0.776599  1  
0.0495246  -0.0486469  0.997578  0  -0.0790473  -0.995861  -0.0446389  0  0.99564  -0.0766466  -0.0531661  0  0.417994  -0.0440296  0.776585  1  
0.0495636  -0.0486436  0.997576  0  -0.0790428  -0.995862  -0.0446329  0  0.995638  -0.0766405  -0.0532045  0  0.418  -0.0440264  0.776568  1  
0.0496  -0.048644  0.997574  0  -0.0790429  -0.995862  -0.0446305  0  0.995636  -0.076639  -0.0532408  0  0.418005  -0.044028  0.776553  1  
0.0496378  -0.0486492  0.997572  0  -0.079035  -0.995862  -0.0446332  0  0.995635  -0.0766291  -0.0532785  0  0.418011  -0.0440238  0.776537  1  
0.0496826  -0.0486499  0.99757  0  -0.0790242  -0.995863  -0.044631  0  0.995634  -0.0766162  -0.0533226  0  0.418016  -0.0440188  0.776517  1  
0.0497193  -0.0486553  0.997568  0  -0.0790147  -0.995864  -0.0446341  0  0.995633  -0.0766049  -0.0533592  0  0.41802  -0.0440134  0.776503  1  
0.0497699  -0.0486555  0.997565  0  -0.0790113  -0.995864  -0.0446305  0  0.99563  -0.0765991  -0.0534095  0  0.418029  -0.0440113  0.776483  1  
0.0498085  -0.0486601  0.997563  0  -0.0790048  -0.995865  -0.0446326  0  0.995629  -0.0765906  -0.053448  0  0.418033  -0.0440091  0.776467  1  
0.0498576  -0.0486623  0.99756  0  -0.0789963  -0.995866  -0.0446314  0  0.995627  -0.0765798  -0.0534967  0  0.418041  -0.0440044  0.776445  1  
0.0499097  -0.0486634  0.997558  0  -0.0789878  -0.995866  -0.044629  0  0.995625  -0.076569  -0.0535483  0  0.418048  -0.0440006  0.776423  1  
0.0499561  -0.0486661  0.997555  0  -0.0789814  -0.995867  -0.0446284  0  0.995624  -0.0765603  -0.0535944  0  0.418054  -0.0439986  0.776404  1  
0.0500076  -0.0486758  0.997552  0  -0.0789746  -0.995867  -0.0446346  0  0.995621  -0.0765507  -0.0536461  0  0.41806  -0.0439953  0.776383  1  
0.0500506  -0.0486814  0.99755  0  -0.078967  -0.995868  -0.0446373  0  0.99562  -0.0765409  -0.053689  0  0.418064  -0.0439925  0.776365  1  
0.0501075  -0.048683  0.997547  0  -0.0789588  -0.995868  -0.0446349  0  0.995618  -0.0765301  -0.0537455  0  0.418073  -0.0439883  0.776342  1  
0.0501645  -0.0486894  0.997544  0  -0.0789494  -0.995869  -0.0446375  0  0.995616  -0.0765178  -0.0538023  0  0.41808  -0.0439857  0.776319  1  
0.0502272  -0.0486821  0.997541  0  -0.0789384  -0.99587  -0.0446259  0  0.995613  -0.0765043  -0.0538638  0  0.418087  -0.0439794  0.776295  1  
0.0502909  -0.0486908  0.997537  0  -0.078931  -0.995871  -0.0446301  0  0.995611  -0.0764936  -0.0539275  0  0.418096  -0.0439766  0.776269  1  
0.0503455  -0.0486993  0.997534  0  -0.0789252  -0.995871  -0.0446348  0  0.995608  -0.0764848  -0.0539822  0  0.418102  -0.0439751  0.776247  1  
0.0504102  -0.0487076  0.997531  0  -0.0789113  -0.995872  -0.0446389  0  0.995606  -0.0764676  -0.0540467  0  0.41811  -0.0439671  0.776222  1  
0.050481  -0.048704  0.997527  0  -0.0789034  -0.995873  -0.0446303  0  0.995603  -0.0764568  -0.0541166  0  0.418121  -0.0439634  0.776194  1  
0.050536  -0.0487136  0.997524  0  -0.0788945  -0.995873  -0.0446361  0  0.995601  -0.0764449  -0.0541717  0  0.418126  -0.0439597  0.776173  1  
0.0506164  -0.0487142  0.99752  0  -0.0788851  -0.995874  -0.044631  0  0.995598  -0.0764319  -0.0542514  0  0.418138  -0.0439557  0.776141  1  
0.0506846  -0.0487135  0.997516  0  -0.0788773  -0.995875  -0.0446255  0  0.995595  -0.0764211  -0.054319  0  0.418145  -0.0439519  0.776115  1  
0.0507609  -0.0487239  0.997512  0  -0.0788638  -0.995876  -0.0446308  0  0.995592  -0.0764036  -0.0543952  0  0.418156  -0.0439469  0.776086  1  
0.0508285  -0.0487267  0.997508  0  -0.0788601  -0.995877  -0.0446286  0  0.995589  -0.0763966  -0.0544625  0  0.418164  -0.043945  0.77606  1  
0.0509052  -0.0487275  0.997504  0  -0.078849  -0.995878  -0.0446242  0  0.995586  -0.0763821  -0.0545385  0  0.418175  -0.0439392  0.776029  1  
0.0509805  -0.0487344  0.9975  0  -0.0788406  -0.995878  -0.0446258  0  0.995583  -0.0763699  -0.0546137  0  0.418185  -0.0439353  0.775999  1  
0.0510578  -0.0487456  0.997496  0  -0.0788321  -0.995879  -0.0446315  0  0.995579  -0.0763574  -0.0546911  0  0.418197  -0.0439318  0.775968  1  
0.0511385  -0.0487427  0.997492  0  -0.0788146  -0.99588  -0.0446233  0  0.995577  -0.0763364  -0.0547705  0  0.418209  -0.0439222  0.775936  1  
0.0512173  -0.0487474  0.997487  0  -0.0788063  -0.995881  -0.0446225  0  0.995573  -0.0763244  -0.054849  0  0.41822  -0.043918  0.775905  1  
0.0513062  -0.0487586  0.997482  0  -0.0787963  -0.995882  -0.0446274  0  0.99557  -0.0763097  -0.054938  0  0.418234  -0.0439135  0.775868  1  
0.0513867  -0.048758  0.997478  0  -0.0787804  -0.995883  -0.0446216  0  0.995567  -0.0762902  -0.0550173  0  0.418245  -0.0439044  0.775836  1  
0.0514769  -0.0487669  0.997473  0  -0.07877  -0.995884  -0.0446241  0  0.995563  -0.0762753  -0.0551075  0  0.418261  -0.0439001  0.775799  1  
0.0515656  -0.0487728  0.997468  0  -0.0787626  -0.995885  -0.0446236  0  0.995559  -0.0762636  -0.0551959  0  0.418274  -0.0438968  0.775762  1  
0.0516481  -0.0487739  0.997464  0  -0.0787476  -0.995886  -0.0446193  0  0.995556  -0.0762449  -0.0552775  0  0.418286  -0.0438886  0.775729  1  
0.0517338  -0.0487786  0.997459  0  -0.0787388  -0.995887  -0.0446178  0  0.995552  -0.076232  -0.0553628  0  0.418299  -0.0438846  0.775693  1  
0.0518166  -0.0487832  0.997455  0  -0.0787259  -0.995888  -0.0446168  0  0.995549  -0.0762151  -0.055445  0  0.418312  -0.0438791  0.775659  1  
0.0519101  -0.0487911  0.99745  0  -0.0787184  -0.995888  -0.044618  0  0.995544  -0.0762029  -0.0555385  0  0.418326  -0.0438749  0.775618  1  
0.0519988  -0.0488016  0.997444  0  -0.0787079  -0.995889  -0.0446222  0  0.995541  -0.0761879  -0.0556272  0  0.41834  -0.0438692  0.77558  1  
0.0520821  -0.0488075  0.99744  0  -0.0786973  -0.99589  -0.0446224  0  0.995537  -0.0761732  -0.0557101  0  0.418353  -0.0438643  0.775544  1  
0.0521718  -0.0488104  0.997435  0  -0.0786854  -0.995891  -0.0446191  0  0.995533  -0.0761572  -0.0557992  0  0.418367  -0.043859  0.775504  1  
0.0522626  -0.0488144  0.99743  0  -0.0786767  -0.995892  -0.0446167  0  0.995529  -0.0761442  -0.0558895  0  0.418383  -0.043855  0.775464  1  
0.052346  -0.0488216  0.997425  0  -0.0786647  -0.995892  -0.0446182  0  0.995526  -0.076128  -0.0559726  0  0.418395  -0.0438483  0.775428  1  
0.0524355  -0.0488202  0.997421  0  -0.078655  -0.995894  -0.0446105  0  0.995522  -0.0761144  -0.0560612  0  0.41841  -0.0438442  0.775388  1  
0.0525227  -0.0488297  0.997416  0  -0.0786459  -0.995894  -0.0446138  0  0.995518  -0.0761009  -0.0561484  0  0.418424  -0.0438401  0.775348  1  
0.052604  -0.0488323  0.997411  0  -0.0786348  -0.995895  -0.0446108  0  0.995515  -0.076086  -0.0562291  0  0.418437  -0.0438339  0.77531  1  
0.0526893  -0.0488409  0.997406  0  -0.0786276  -0.995896  -0.0446133  0  0.995511  -0.0760745  -0.0563144  0  0.418451  -0.0438301  0.775271  1  
0.0527776  -0.0488454  0.997401  0  -0.0786138  -0.995897  -0.0446118  0  0.995507  -0.0760565  -0.056402  0  0.418467  -0.0438234  0.77523  1  
0.0528611  -0.048854  0.997396  0  -0.0786033  -0.995897  -0.0446146  0  0.995503  -0.0760417  -0.0564854  0  0.418481  -0.0438196  0.77519  1  
0.0529499  -0.0488552  0.997392  0  -0.07859  -0.995899  -0.0446099  0  0.9955  -0.0760244  -0.0565733  0  0.418497  -0.043812  0.775148  1  
0.0530338  -0.0488627  0.997387  0  -0.0785799  -0.995899  -0.0446115  0  0.995496  -0.0760101  -0.056657  0  0.41851  -0.0438064  0.775108  1  
0.0531259  -0.0488689  0.997382  0  -0.0785694  -0.9959  -0.0446113  0  0.995492  -0.0759952  -0.0567488  0  0.418527  -0.0438025  0.775064  1  
0.0532103  -0.0488784  0.997377  0  -0.0785599  -0.995901  -0.0446149  0  0.995488  -0.0759813  -0.0568332  0  0.418542  -0.0437976  0.775023  1  
0.0533009  -0.048888  0.997371  0  -0.0785558  -0.995901  -0.0446178  0  0.995484  -0.0759726  -0.0569239  0  0.418557  -0.0437972  0.774979  1  
0.0533921  -0.0488841  0.997367  0  -0.078538  -0.995903  -0.044608  0  0.99548  -0.0759509  -0.0570137  0  0.418573  -0.043788  0.774934  1  
0.0534873  -0.0488893  0.997361  0  -0.078529  -0.995904  -0.0446064  0  0.995476  -0.0759373  -0.0571086  0  0.418591  -0.043783  0.774888  1  
0.053577  -0.0488991  0.997356  0  -0.0785176  -0.995904  -0.0446101  0  0.995472  -0.0759214  -0.0571981  0  0.418608  -0.0437773  0.774843  1  
0.0536675  -0.0489072  0.997351  0  -0.0785066  -0.995905  -0.0446118  0  0.995468  -0.0759058  -0.0572883  0  0.418624  -0.0437725  0.774797  1  
0.0537638  -0.0489109  0.997345  0  -0.0784978  -0.995906  -0.0446088  0  0.995463  -0.0758925  -0.0573842  0  0.418642  -0.0437668  0.77475  1  
0.0538591  -0.0489161  0.99734  0  -0.0784855  -0.995907  -0.0446074  0  0.995459  -0.0758757  -0.057479  0  0.418661  -0.0437615  0.774703  1  
0.0539544  -0.0489208  0.997335  0  -0.0784779  -0.995908  -0.0446052  0  0.995455  -0.0758636  -0.0575739  0  0.418679  -0.0437582  0.774655  1  
0.0540535  -0.0489268  0.997329  0  -0.0784643  -0.995909  -0.0446045  0  0.99545  -0.0758452  -0.0576724  0  0.418698  -0.0437502  0.774605  1  
0.0541464  -0.0489379  0.997323  0  -0.0784582  -0.995909  -0.0446089  0  0.995446  -0.0758342  -0.0577656  0  0.418715  -0.0437485  0.774558  1  
0.0542373  -0.0489408  0.997318  0  -0.0784457  -0.99591  -0.0446055  0  0.995442  -0.0758175  -0.0578558  0  0.418733  -0.0437427  0.77451  1  
0.0543229  -0.0489534  0.997313  0  -0.0784365  -0.995911  -0.0446122  0  0.995438  -0.0758037  -0.0579416  0  0.418751  -0.0437386  0.774463  1  
0.0544172  -0.0489581  0.997308  0  -0.0784256  -0.995912  -0.0446104  0  0.995434  -0.0757884  -0.0580354  0  0.418769  -0.0437322  0.774413  1  
0.0545144  -0.0489605  0.997302  0  -0.0784119  -0.995913  -0.0446061  0  0.995429  -0.0757701  -0.0581318  0  0.418789  -0.0437253  0.774362  1  
0.0546115  -0.048966  0.997297  0  -0.0783998  -0.995914  -0.0446049  0  0.995425  -0.0757534  -0.0582284  0  0.418808  -0.0437193  0.774309  1  
0.0547045  -0.0489641  0.997292  0  -0.0783919  -0.995915  -0.0445965  0  0.99542  -0.0757415  -0.0583205  0  0.418827  -0.043714  0.774258  1  
0.054799  -0.0489739  0.997286  0  -0.0783812  -0.995916  -0.0445997  0  0.995416  -0.0757259  -0.0584149  0  0.418846  -0.0437093  0.774206  1  
0.0548879  -0.0489819  0.997281  0  -0.07837  -0.995916  -0.0446016  0  0.995412  -0.0757103  -0.0585036  0  0.418864  -0.0437026  0.774156  1  
0.0549834  -0.0489909  0.997275  0  -0.0783624  -0.995917  -0.0446038  0  0.995407  -0.0756979  -0.058599  0  0.418884  -0.0436998  0.774102  1  
0.0550725  -0.0489909  0.99727  0  -0.0783467  -0.995918  -0.0445979  0  0.995404  -0.0756782  -0.0586871  0  0.418903  -0.0436915  0.774052  1  
0.0551627  -0.0489916  0.997265  0  -0.0783424  -0.995919  -0.0445921  0  0.995399  -0.0756698  -0.0587769  0  0.418921  -0.0436888  0.774001  1  
0.0552534  -0.0489955  0.99726  0  -0.078333  -0.99592  -0.0445896  0  0.995395  -0.0756561  -0.0588671  0  0.418939  -0.0436843  0.773949  1  
0.0553468  -0.0490057  0.997254  0  -0.0783246  -0.99592  -0.0445932  0  0.99539  -0.0756429  -0.0589605  0  0.418961  -0.0436802  0.773895  1  
0.0554391  -0.0490183  0.997248  0  -0.078317  -0.995921  -0.0445993  0  0.995386  -0.0756305  -0.0590531  0  0.418978  -0.0436768  0.773842  1  
0.0555358  -0.0490221  0.997243  0  -0.0783114  -0.995921  -0.044596  0  0.995381  -0.0756202  -0.0591495  0  0.418999  -0.0436738  0.773786  1  
0.0556253  -0.0490281  0.997238  0  -0.0782968  -0.995922  -0.0445961  0  0.995377  -0.0756013  -0.0592384  0  0.419017  -0.0436663  0.773733  1  
0.0557278  -0.0490346  0.997232  0  -0.0782932  -0.995923  -0.044595  0  0.995371  -0.0755927  -0.0593408  0  0.419038  -0.0436644  0.773675  1  
0.0558277  -0.0490365  0.997226  0  -0.0782837  -0.995924  -0.0445899  0  0.995367  -0.0755786  -0.05944  0  0.41906  -0.0436585  0.773618  1  
0.0559233  -0.0490438  0.99722  0  -0.0782691  -0.995925  -0.0445908  0  0.995362  -0.0755594  -0.0595352  0  0.419079  -0.043651  0.773562  1  
0.0560244  -0.0490514  0.997214  0  -0.0782663  -0.995925  -0.044591  0  0.995357  -0.0755515  -0.0596363  0  0.4191  -0.0436505  0.773505  1  
0.0561185  -0.0490656  0.997208  0  -0.0782596  -0.995925  -0.0445984  0  0.995352  -0.0755398  -0.0597309  0  0.419119  -0.0436483  0.773449  1  
0.056225  -0.0490685  0.997202  0  -0.0782485  -0.995926  -0.0445939  0  0.995347  -0.0755237  -0.0598367  0  0.419141  -0.0436411  0.773389  1  
0.0563318  -0.0490723  0.997196  0  -0.0782401  -0.995927  -0.0445901  0  0.995342  -0.0755103  -0.0599429  0  0.419163  -0.0436362  0.773328  1  
0.0564406  -0.0490852  0.997189  0  -0.0782408  -0.995927  -0.0445947  0  0.995335  -0.0755054  -0.0600523  0  0.419184  -0.0436369  0.773266  1  
0.056547  -0.049083  0.997183  0  -0.0782277  -0.995928  -0.0445852  0  0.99533  -0.0754876  -0.0601576  0  0.419206  -0.0436298  0.773205  1  
0.0566555  -0.0490972  0.997176  0  -0.0782256  -0.995928  -0.0445913  0  0.995324  -0.0754798  -0.0602666  0  0.419228  -0.0436295  0.773143  1  
0.056759  -0.0491012  0.99717  0  -0.0782177  -0.995929  -0.0445879  0  0.995319  -0.0754671  -0.0603697  0  0.419249  -0.0436247  0.773083  1  
0.0568709  -0.049117  0.997163  0  -0.078216  -0.995929  -0.0445954  0  0.995313  -0.0754594  -0.0604823  0  0.419272  -0.0436237  0.773018  1  
0.0569755  -0.0491233  0.997157  0  -0.0782063  -0.99593  -0.0445943  0  0.995308  -0.0754446  -0.0605865  0  0.419293  -0.0436182  0.772956  1  
0.0570914  -0.0491271  0.99715  0  -0.0782001  -0.99593  -0.0445897  0  0.995302  -0.075433  -0.060702  0  0.419316  -0.0436145  0.772892  1  
0.0572032  -0.0491374  0.997143  0  -0.0781951  -0.995931  -0.0445918  0  0.995296  -0.0754223  -0.0608139  0  0.419339  -0.0436122  0.772827  1  
0.0573161  -0.0491445  0.997136  0  -0.0781892  -0.995931  -0.0445908  0  0.995289  -0.0754109  -0.0609266  0  0.419361  -0.0436091  0.77276  1  
0.0574283  -0.0491482  0.997129  0  -0.0781855  -0.995932  -0.0445861  0  0.995283  -0.0754021  -0.0610385  0  0.419383  -0.043606  0.772695  1  
0.0575483  -0.0491663  0.997122  0  -0.0781853  -0.995931  -0.0445952  0  0.995276  -0.0753953  -0.0611594  0  0.419407  -0.0436069  0.772625  1  
0.0576618  -0.0491754  0.997115  0  -0.0781801  -0.995932  -0.044596  0  0.99527  -0.0753845  -0.0612729  0  0.419429  -0.0436032  0.77256  1  
0.0577727  -0.0491861  0.997108  0  -0.0781801  -0.995932  -0.0445983  0  0.995264  -0.0753789  -0.0613842  0  0.41945  -0.0436036  0.772494  1  
0.0578869  -0.0491872  0.997101  0  -0.078171  -0.995933  -0.0445913  0  0.995258  -0.0753646  -0.0614976  0  0.419472  -0.0435969  0.772428  1  
0.0580001  -0.0491929  0.997094  0  -0.0781715  -0.995933  -0.0445884  0  0.995251  -0.0753596  -0.0616109  0  0.419493  -0.043597  0.772361  1  
0.0581168  -0.0492063  0.997087  0  -0.0781688  -0.995933  -0.0445931  0  0.995245  -0.0753509  -0.061728  0  0.419515  -0.0435959  0.772293  1  
0.0582283  -0.0492181  0.99708  0  -0.0781637  -0.995933  -0.0445968  0  0.995239  -0.0753401  -0.0618398  0  0.419536  -0.0435932  0.772227  1  
0.0583434  -0.0492278  0.997072  0  -0.0781654  -0.995933  -0.0445977  0  0.995232  -0.075336  -0.0619552  0  0.419558  -0.0435934  0.772158  1  
0.0584612  -0.049241  0.997065  0  -0.078164  -0.995933  -0.0446021  0  0.995225  -0.0753285  -0.0620735  0  0.41958  -0.043593  0.772089  1  
0.0585797  -0.0492469  0.997058  0  -0.0781604  -0.995933  -0.0445992  0  0.995218  -0.0753193  -0.0621918  0  0.419602  -0.0435902  0.772019  1  
0.0586944  -0.0492588  0.99705  0  -0.0781654  -0.995933  -0.0446022  0  0.995211  -0.0753184  -0.0623072  0  0.419622  -0.0435927  0.771951  1  
0.0588092  -0.0492656  0.997043  0  -0.0781643  -0.995933  -0.0446004  0  0.995204  -0.0753117  -0.062422  0  0.419643  -0.0435914  0.771882  1  
0.0589226  -0.0492787  0.997036  0  -0.078164  -0.995933  -0.0446048  0  0.995198  -0.0753055  -0.0625359  0  0.419664  -0.0435916  0.771814  1  
0.0590478  -0.0492879  0.997028  0  -0.078164  -0.995933  -0.0446046  0  0.99519  -0.0752993  -0.0626614  0  0.419688  -0.0435901  0.77174  1  
0.0591714  -0.0492992  0.99702  0  -0.0781657  -0.995932  -0.0446064  0  0.995183  -0.0752948  -0.0627855  0  0.41971  -0.0435902  0.771668  1  
0.0592893  -0.0493074  0.997013  0  -0.078165  -0.995932  -0.0446058  0  0.995176  -0.0752883  -0.0629034  0  0.419732  -0.0435886  0.771598  1  
0.0594107  -0.0493225  0.997005  0  -0.0781671  -0.995932  -0.0446115  0  0.995168  -0.0752841  -0.0630256  0  0.419754  -0.04359  0.771525  1  
0.0595214  -0.0493346  0.996998  0  -0.0781738  -0.995931  -0.0446148  0  0.995161  -0.075285  -0.0631371  0  0.419772  -0.0435941  0.771458  1  
0.0596529  -0.0493357  0.99699  0  -0.0781696  -0.995932  -0.0446063  0  0.995154  -0.0752748  -0.063268  0  0.419797  -0.04359  0.771382  1  
0.0597679  -0.0493538  0.996982  0  -0.0781777  -0.995931  -0.0446151  0  0.995146  -0.0752766  -0.0633843  0  0.419816  -0.0435943  0.771313  1  
0.0598968  -0.0493621  0.996974  0  -0.0781811  -0.995931  -0.0446134  0  0.995138  -0.0752738  -0.0635135  0  0.419839  -0.043595  0.771238  1  
0.0600229  -0.0493777  0.996965  0  -0.078188  -0.99593  -0.044619  0  0.99513  -0.075274  -0.0636406  0  0.419861  -0.043599  0.771163  1  
0.0601475  -0.0493944  0.996957  0  -0.0781932  -0.995929  -0.044626  0  0.995122  -0.0752726  -0.0637662  0  0.419883  -0.0436004  0.771089  1  
0.0602717  -0.0494015  0.996949  0  -0.0781955  -0.995929  -0.0446235  0  0.995114  -0.0752689  -0.0638906  0  0.419905  -0.0436011  0.771015  1  
0.0603985  -0.0494132  0.996941  0  -0.0782019  -0.995929  -0.0446253  0  0.995106  -0.0752688  -0.0640181  0  0.419927  -0.0436035  0.770939  1  
0.0605341  -0.049416  0.996933  0  -0.0782021  -0.995929  -0.0446178  0  0.995098  -0.0752628  -0.0641533  0  0.419952  -0.0436023  0.770861  1  
0.0606473  -0.0494296  0.996925  0  -0.0782073  -0.995928  -0.0446225  0  0.995091  -0.075262  -0.0642674  0  0.41997  -0.0436049  0.770791  1  
0.0607775  -0.0494449  0.996916  0  -0.0782098  -0.995928  -0.0446278  0  0.995082  -0.0752577  -0.0643984  0  0.419994  -0.0436056  0.770714  1  
0.0609019  -0.0494602  0.996908  0  -0.0782176  -0.995927  -0.0446331  0  0.995074  -0.075259  -0.0645237  0  0.420015  -0.0436092  0.77064  1  
0.0610357  -0.0494733  0.996899  0  -0.0782251  -0.995926  -0.0446357  0  0.995065  -0.0752597  -0.0646583  0  0.420039  -0.0436121  0.77056  1  
0.0611611  -0.0494871  0.996891  0  -0.0782347  -0.995925  -0.0446393  0  0.995057  -0.0752627  -0.0647848  0  0.420061  -0.0436174  0.770486  1  
0.0612901  -0.0495037  0.996882  0  -0.0782386  -0.995925  -0.0446459  0  0.995049  -0.0752597  -0.0649147  0  0.420083  -0.0436193  0.770409  1  
0.0614211  -0.0495165  0.996873  0  -0.0782452  -0.995924  -0.0446484  0  0.99504  -0.0752596  -0.0650465  0  0.420108  -0.0436228  0.770331  1  
0.0615494  -0.0495281  0.996865  0  -0.0782566  -0.995923  -0.0446495  0  0.995031  -0.0752645  -0.0651756  0  0.42013  -0.0436276  0.770256  1  
0.0616838  -0.0495403  0.996856  0  -0.0782604  -0.995923  -0.0446513  0  0.995023  -0.0752616  -0.0653106  0  0.420154  -0.04363  0.770175  1  
0.0618171  -0.0495573  0.996847  0  -0.0782685  -0.995922  -0.0446577  0  0.995014  -0.0752625  -0.065445  0  0.420177  -0.0436334  0.770096  1  
0.0619554  -0.0495745  0.996837  0  -0.0782763  -0.995921  -0.0446639  0  0.995005  -0.0752631  -0.0655845  0  0.420203  -0.0436378  0.770015  1  
0.0620921  -0.0495916  0.996828  0  -0.0782833  -0.99592  -0.0446702  0  0.994996  -0.0752628  -0.0657222  0  0.420228  -0.0436421  0.769934  1  
0.0622241  -0.0495945  0.99682  0  -0.0782925  -0.99592  -0.0446625  0  0.994987  -0.0752658  -0.0658544  0  0.420251  -0.043646  0.769856  1  
0.062369  -0.0496128  0.99681  0  -0.0782991  -0.995919  -0.0446694  0  0.994977  -0.0752648  -0.0660004  0  0.420279  -0.0436502  0.769771  1  
0.0625091  -0.0496293  0.9968  0  -0.0783054  -0.995918  -0.0446749  0  0.994968  -0.0752637  -0.0661415  0  0.420304  -0.0436528  0.769688  1  
0.0626457  -0.0496465  0.996791  0  -0.0783151  -0.995917  -0.0446811  0  0.994958  -0.0752661  -0.0662793  0  0.420329  -0.0436575  0.769606  1  
0.0627804  -0.049667  0.996781  0  -0.0783188  -0.995916  -0.0446912  0  0.99495  -0.0752624  -0.0664152  0  0.420352  -0.0436598  0.769525  1  
0.0629177  -0.0496845  0.996772  0  -0.0783329  -0.995915  -0.0446973  0  0.99494  -0.0752692  -0.0665539  0  0.420377  -0.0436667  0.769443  1  
0.0630561  -0.0497024  0.996762  0  -0.0783418  -0.995914  -0.0447041  0  0.99493  -0.0752707  -0.0666935  0  0.420402  -0.0436719  0.76936  1  
0.0631849  -0.0497162  0.996753  0  -0.0783478  -0.995913  -0.0447078  0  0.994922  -0.07527  -0.0668231  0  0.420424  -0.0436751  0.769282  1  
0.0633251  -0.0497315  0.996743  0  -0.0783592  -0.995912  -0.0447117  0  0.994912  -0.0752741  -0.0669644  0  0.420448  -0.0436823  0.769198  1  
0.0634706  -0.0497413  0.996734  0  -0.0783614  -0.995912  -0.0447104  0  0.994902  -0.0752691  -0.0671102  0  0.420474  -0.0436827  0.769113  1  
0.0636069  -0.0497577  0.996724  0  -0.0783687  -0.995911  -0.0447159  0  0.994893  -0.0752692  -0.0672476  0  0.420499  -0.0436873  0.769031  1  
0.063751  -0.0497831  0.996714  0  -0.0783764  -0.99591  -0.0447299  0  0.994883  -0.0752687  -0.0673934  0  0.420524  -0.0436921  0.768946  1  
0.0638882  -0.049798  0.996704  0  -0.078388  -0.995909  -0.0447336  0  0.994874  -0.0752732  -0.0675317  0  0.420549  -0.0436979  0.768864  1  
0.0640247  -0.0498086  0.996695  0  -0.0783877  -0.995909  -0.044734  0  0.994865  -0.075266  -0.0676685  0  0.420573  -0.0436983  0.768782  1  
0.0641749  -0.0498301  0.996684  0  -0.0784027  -0.995908  -0.044743  0  0.994854  -0.0752728  -0.0678204  0  0.420599  -0.0437072  0.768695  1  
0.064323  -0.0498438  0.996674  0  -0.078411  -0.995907  -0.044745  0  0.994844  -0.0752735  -0.0679694  0  0.420626  -0.0437118  0.768606  1  
0.0644623  -0.0498643  0.996664  0  -0.0784197  -0.995906  -0.0447543  0  0.994834  -0.0752746  -0.06811  0  0.420651  -0.0437164  0.768522  1  
0.0646051  -0.0498904  0.996653  0  -0.07843  -0.995904  -0.0447689  0  0.994824  -0.0752767  -0.0682547  0  0.420675  -0.0437232  0.768436  1  
0.0647497  -0.049905  0.996643  0  -0.0784385  -0.995903  -0.0447719  0  0.994814  -0.0752776  -0.0684002  0  0.420702  -0.043728  0.768351  1  
0.064895  -0.0499211  0.996633  0  -0.078448  -0.995902  -0.0447764  0  0.994804  -0.0752796  -0.0685466  0  0.420728  -0.0437338  0.768264  1  
0.0650374  -0.0499433  0.996623  0  -0.0784611  -0.995901  -0.044787  0  0.994793  -0.0752847  -0.0686908  0  0.420753  -0.0437431  0.768178  1  
0.0651841  -0.0499558  0.996612  0  -0.0784657  -0.995901  -0.044788  0  0.994783  -0.0752818  -0.068838  0  0.420778  -0.0437454  0.768091  1  
0.0653333  -0.0499735  0.996602  0  -0.0784756  -0.9959  -0.0447937  0  0.994773  -0.0752838  -0.0689885  0  0.420804  -0.043751  0.768002  1  
0.0654857  -0.0499932  0.996591  0  -0.0784891  -0.995898  -0.044801  0  0.994762  -0.0752891  -0.0691423  0  0.420832  -0.0437583  0.767912  1  
0.06563  -0.0500179  0.99658  0  -0.0784968  -0.995897  -0.0448142  0  0.994752  -0.0752886  -0.0692883  0  0.420858  -0.0437638  0.767826  1  
0.065774  -0.0500364  0.99657  0  -0.0785082  -0.995896  -0.044821  0  0.994741  -0.0752923  -0.0694336  0  0.420883  -0.0437705  0.767738  1  
0.0659222  -0.0500515  0.996559  0  -0.0785156  -0.995895  -0.0448244  0  0.994731  -0.075292  -0.0695827  0  0.420909  -0.0437749  0.767651  1  
0.066068  -0.0500757  0.996548  0  -0.0785256  -0.995894  -0.0448368  0  0.99472  -0.0752937  -0.0697303  0  0.420935  -0.0437812  0.767563  1  
0.0662097  -0.0500856  0.996538  0  -0.0785381  -0.995893  -0.0448351  0  0.99471  -0.0752992  -0.0698728  0  0.420958  -0.0437888  0.767478  1  
0.0663538  -0.0501089  0.996527  0  -0.078551  -0.995891  -0.0448466  0  0.994699  -0.0753039  -0.0700186  0  0.420984  -0.0437968  0.767391  1  
0.066498  -0.0501315  0.996517  0  -0.0785591  -0.99589  -0.0448577  0  0.994689  -0.075304  -0.0701644  0  0.42101  -0.0438014  0.767304  1  
0.066646  -0.0501535  0.996506  0  -0.07857  -0.995889  -0.0448677  0  0.994678  -0.0753067  -0.0703139  0  0.421036  -0.0438095  0.767217  1  
0.0667897  -0.0501781  0.996495  0  -0.0785872  -0.995887  -0.0448802  0  0.994667  -0.0753157  -0.0704597  0  0.421061  -0.04382  0.76713  1  
0.0669328  -0.0501927  0.996485  0  -0.0785975  -0.995886  -0.0448833  0  0.994657  -0.0753185  -0.0706038  0  0.421085  -0.0438265  0.767044  1  
0.0670804  -0.0502065  0.996474  0  -0.0786057  -0.995885  -0.0448852  0  0.994646  -0.075319  -0.0707522  0  0.42111  -0.0438318  0.766956  1  
0.0672272  -0.0502296  0.996463  0  -0.0786222  -0.995883  -0.0448961  0  0.994635  -0.0753273  -0.070901  0  0.421136  -0.0438422  0.766869  1  
0.0673696  -0.0502629  0.996452  0  -0.0786382  -0.995881  -0.0449174  0  0.994624  -0.0753346  -0.071046  0  0.42116  -0.0438525  0.766782  1  
0.0675213  -0.0502907  0.99644  0  -0.0786513  -0.995879  -0.0449328  0  0.994613  -0.0753389  -0.0711999  0  0.421187  -0.0438617  0.766691  1  
0.0676691  -0.0503034  0.996429  0  -0.0786642  -0.995878  -0.0449333  0  0.994602  -0.0753442  -0.0713486  0  0.421212  -0.043869  0.766604  1  
0.0678215  -0.0503272  0.996418  0  -0.0786783  -0.995877  -0.0449446  0  0.99459  -0.0753497  -0.0715029  0  0.421238  -0.0438784  0.766513  1  
0.0679643  -0.050348  0.996407  0  -0.0786893  -0.995875  -0.0449538  0  0.99458  -0.0753527  -0.0716472  0  0.421263  -0.0438862  0.766427  1  
0.0681113  -0.0503732  0.996396  0  -0.0787048  -0.995874  -0.0449668  0  0.994568  -0.0753598  -0.0717962  0  0.42129  -0.0438972  0.76634  1  
0.0682557  -0.0503948  0.996385  0  -0.0787202  -0.995872  -0.0449763  0  0.994557  -0.0753672  -0.0719424  0  0.421314  -0.043908  0.766252  1  
0.0684106  -0.050421  0.996373  0  -0.0787334  -0.99587  -0.0449898  0  0.994546  -0.0753715  -0.0720993  0  0.421342  -0.0439174  0.76616  1  
0.0685497  -0.0504532  0.996361  0  -0.0787472  -0.995868  -0.0450105  0  0.994535  -0.0753767  -0.0722409  0  0.421366  -0.0439266  0.766075  1  
0.0687064  -0.0504804  0.996349  0  -0.0787653  -0.995866  -0.0450245  0  0.994523  -0.0753857  -0.0723999  0  0.421394  -0.0439389  0.765981  1  
0.0688462  -0.0505011  0.996339  0  -0.0787798  -0.995865  -0.0450334  0  0.994512  -0.0753924  -0.0725414  0  0.421417  -0.0439492  0.765896  1  
0.0689974  -0.0505287  0.996327  0  -0.0787984  -0.995863  -0.0450482  0  0.9945  -0.0754022  -0.0726949  0  0.421444  -0.0439634  0.765805  1  
0.0691476  -0.0505523  0.996315  0  -0.0788138  -0.995861  -0.0450593  0  0.994488  -0.0754091  -0.072847  0  0.42147  -0.043974  0.765714  1  
0.0692925  -0.0505743  0.996304  0  -0.0788278  -0.995859  -0.0450693  0  0.994477  -0.075415  -0.0729937  0  0.421496  -0.0439836  0.765626  1  
0.0694347  -0.0506011  0.996293  0  -0.0788433  -0.995857  -0.0450842  0  0.994466  -0.075422  -0.073138  0  0.42152  -0.043995  0.765538  1  
0.0695786  -0.0506276  0.996281  0  -0.0788586  -0.995856  -0.0450986  0  0.994455  -0.0754289  -0.0732841  0  0.421545  -0.0440058  0.765449  1  
0.0697169  -0.0506566  0.99627  0  -0.0788808  -0.995853  -0.0451155  0  0.994443  -0.0754428  -0.0734251  0  0.421568  -0.0440212  0.765364  1  
0.0698603  -0.0506824  0.996259  0  -0.0788946  -0.995851  -0.0451293  0  0.994432  -0.0754482  -0.0735705  0  0.421593  -0.0440315  0.765275  1  
0.0699999  -0.050707  0.996248  0  -0.0789071  -0.99585  -0.0451425  0  0.994421  -0.0754525  -0.0737119  0  0.421618  -0.044042  0.765189  1  
0.0701363  -0.0507273  0.996237  0  -0.0789249  -0.995848  -0.0451511  0  0.99441  -0.0754626  -0.0738502  0  0.421641  -0.0440544  0.765105  1  
0.0702847  -0.0507632  0.996225  0  -0.0789464  -0.995845  -0.0451741  0  0.994398  -0.0754748  -0.0740017  0  0.421668  -0.0440694  0.765015  1  
0.0704308  -0.0507914  0.996213  0  -0.078962  -0.995843  -0.0451901  0  0.994386  -0.0754817  -0.07415  0  0.421693  -0.0440809  0.764924  1  
0.0705607  -0.0508165  0.996203  0  -0.0789789  -0.995841  -0.045204  0  0.994376  -0.0754908  -0.0742822  0  0.421715  -0.0440925  0.764842  1  
0.0707061  -0.0508498  0.996191  0  -0.078999  -0.995839  -0.0452248  0  0.994364  -0.0755018  -0.0744304  0  0.42174  -0.0441079  0.764753  1  
0.0708446  -0.0508737  0.99618  0  -0.0790125  -0.995837  -0.0452371  0  0.994353  -0.0755073  -0.0745707  0  0.421763  -0.0441184  0.764668  1  
0.0709889  -0.050898  0.996168  0  -0.0790359  -0.995835  -0.0452487  0  0.994341  -0.0755223  -0.0747174  0  0.421788  -0.0441345  0.764579  1  
0.071141  -0.0509275  0.996156  0  -0.0790511  -0.995833  -0.0452655  0  0.994329  -0.0755284  -0.0748719  0  0.421814  -0.044146  0.764488  1  
0.0712928  -0.0509573  0.996143  0  -0.07907  -0.99583  -0.0452823  0  0.994316  -0.0755382  -0.0750262  0  0.421841  -0.0441591  0.764396  1  
0.0714337  -0.0509881  0.996132  0  -0.0790897  -0.995828  -0.0453009  0  0.994305  -0.0755492  -0.0751698  0  0.421866  -0.0441733  0.76431  1  
0.0715769  -0.0510158  0.99612  0  -0.079108  -0.995826  -0.0453164  0  0.994293  -0.0755589  -0.0753154  0  0.421891  -0.0441865  0.764223  1  
0.0717254  -0.0510461  0.996108  0  -0.0791293  -0.995823  -0.0453338  0  0.994281  -0.0755712  -0.0754665  0  0.421915  -0.0442016  0.764134  1  
0.0718622  -0.0510707  0.996097  0  -0.0791465  -0.995821  -0.0453467  0  0.994269  -0.0755803  -0.0756054  0  0.421937  -0.0442132  0.76405  1  
0.0720123  -0.0511017  0.996084  0  -0.0791652  -0.995819  -0.0453648  0  0.994257  -0.0755898  -0.0757582  0  0.421964  -0.0442278  0.763959  1  
0.0721604  -0.051128  0.996072  0  -0.0791854  -0.995817  -0.0453783  0  0.994245  -0.0756013  -0.0759086  0  0.421988  -0.0442418  0.763871  1  
0.0723026  -0.0511591  0.99606  0  -0.0792063  -0.995814  -0.045397  0  0.994233  -0.0756134  -0.0760535  0  0.422013  -0.0442562  0.763785  1  
0.0724531  -0.0511955  0.996047  0  -0.0792303  -0.995811  -0.0454201  0  0.99422  -0.0756277  -0.0762073  0  0.422037  -0.0442741  0.763694  1  
0.0725949  -0.0512203  0.996036  0  -0.0792454  -0.99581  -0.045433  0  0.994208  -0.0756345  -0.0763511  0  0.422061  -0.0442847  0.763608  1  
0.0727382  -0.051251  0.996024  0  -0.0792661  -0.995807  -0.0454512  0  0.994196  -0.0756463  -0.0764971  0  0.422084  -0.0443012  0.76352  1  
0.0728858  -0.0512809  0.996011  0  -0.0792881  -0.995805  -0.0454681  0  0.994184  -0.0756593  -0.0766474  0  0.422108  -0.044317  0.76343  1  
0.0730332  -0.0513125  0.995999  0  -0.0793094  -0.995802  -0.0454869  0  0.994171  -0.0756715  -0.0767977  0  0.422133  -0.0443326  0.76334  1  
0.073176  -0.0513458  0.995987  0  -0.07933  -0.995799  -0.0455077  0  0.994159  -0.075683  -0.0769434  0  0.422158  -0.0443474  0.763252  1  
0.0733193  -0.0513767  0.995975  0  -0.0793509  -0.995797  -0.045526  0  0.994147  -0.075695  -0.0770894  0  0.422182  -0.0443627  0.763165  1  
0.0734563  -0.0514078  0.995963  0  -0.0793727  -0.995794  -0.0455451  0  0.994135  -0.0757081  -0.0772292  0  0.422204  -0.0443792  0.76308  1  
0.0736053  -0.0514376  0.99595  0  -0.0793945  -0.995792  -0.0455618  0  0.994122  -0.0757208  -0.0773809  0  0.422229  -0.0443948  0.762989  1  
0.0737593  -0.0514691  0.995937  0  -0.0794117  -0.99579  -0.0455802  0  0.994109  -0.0757285  -0.0775374  0  0.422255  -0.0444098  0.762897  1  
0.0739018  -0.0515081  0.995925  0  -0.0794374  -0.995786  -0.0456064  0  0.994097  -0.0757448  -0.0776836  0  0.422278  -0.044429  0.762809  1  
0.0740479  -0.0515366  0.995912  0  -0.079457  -0.995784  -0.0456222  0  0.994084  -0.0757554  -0.0778322  0  0.422303  -0.0444445  0.76272  1  
0.0741941  -0.0515722  0.9959  0  -0.0794803  -0.995781  -0.0456448  0  0.994071  -0.0757693  -0.0779815  0  0.422327  -0.0444612  0.76263  1  
0.0743405  -0.0516097  0.995887  0  -0.0795034  -0.995778  -0.0456694  0  0.994059  -0.0757828  -0.0781313  0  0.42235  -0.0444786  0.762541  1  
0.0744894  -0.0516433  0.995874  0  -0.0795264  -0.995775  -0.0456898  0  0.994046  -0.0757964  -0.0782832  0  0.422375  -0.0444959  0.76245  1  
0.0746331  -0.0516768  0.995862  0  -0.0795477  -0.995773  -0.0457106  0  0.994033  -0.0758085  -0.0784298  0  0.422398  -0.0445127  0.762362  1  
0.0747764  -0.0517156  0.995849  0  -0.0795763  -0.995769  -0.0457363  0  0.99402  -0.0758274  -0.0785769  0  0.422421  -0.0445343  0.762274  1  
0.0749207  -0.0517442  0.995836  0  -0.0795958  -0.995767  -0.0457522  0  0.994008  -0.0758381  -0.0787237  0  0.422445  -0.0445508  0.762186  1  
0.0750684  -0.0517813  0.995823  0  -0.0796236  -0.995764  -0.0457759  0  0.993994  -0.0758562  -0.0788749  0  0.422469  -0.0445715  0.762096  1  
0.0752077  -0.0518189  0.995811  0  -0.0796469  -0.995761  -0.0458011  0  0.993982  -0.0758702  -0.0790176  0  0.422491  -0.0445897  0.762011  1  
0.075359  -0.051857  0.995797  0  -0.0796716  -0.995758  -0.0458256  0  0.993968  -0.0758849  -0.0791724  0  0.422516  -0.0446072  0.761919  1  
0.0755026  -0.0518972  0.995785  0  -0.0796997  -0.995754  -0.0458526  0  0.993955  -0.0759032  -0.0793197  0  0.422539  -0.0446292  0.761831  1  
0.0756469  -0.051928  0.995772  0  -0.079722  -0.995751  -0.0458706  0  0.993943  -0.0759164  -0.0794669  0  0.422562  -0.0446462  0.761743  1  
0.0757972  -0.051964  0.995759  0  -0.0797444  -0.995749  -0.0458933  0  0.993929  -0.0759291  -0.0796204  0  0.422587  -0.0446642  0.761652  1  
0.0759405  -0.0520024  0.995746  0  -0.0797696  -0.995745  -0.0459188  0  0.993916  -0.0759446  -0.0797672  0  0.42261  -0.0446826  0.761564  1  
0.0760902  -0.0520453  0.995732  0  -0.0797966  -0.995742  -0.045948  0  0.993903  -0.0759613  -0.0799208  0  0.422634  -0.0447032  0.761474  1  
0.0762289  -0.0520736  0.99572  0  -0.0798186  -0.995739  -0.0459639  0  0.99389  -0.0759747  -0.0800621  0  0.422656  -0.0447197  0.761388  1  
0.0763816  -0.0521165  0.995706  0  -0.0798466  -0.995736  -0.045993  0  0.993876  -0.0759922  -0.0802187  0  0.42268  -0.0447417  0.761296  1  
0.0765259  -0.0521491  0.995693  0  -0.079873  -0.995733  -0.0460124  0  0.993863  -0.0760093  -0.0803662  0  0.422704  -0.0447611  0.761209  1  
0.0766694  -0.0521822  0.99568  0  -0.0798969  -0.99573  -0.0460326  0  0.99385  -0.076024  -0.0805128  0  0.422727  -0.0447813  0.761121  1  
0.0768145  -0.0522238  0.995667  0  -0.0799295  -0.995726  -0.0460604  0  0.993836  -0.0760465  -0.0806619  0  0.422752  -0.0448054  0.761032  1  
0.0769619  -0.0522574  0.995654  0  -0.0799528  -0.995723  -0.0460808  0  0.993823  -0.0760603  -0.0808124  0  0.422775  -0.0448228  0.760943  1  
0.0771062  -0.0522997  0.995641  0  -0.0799806  -0.99572  -0.0461098  0  0.99381  -0.076078  -0.0809607  0  0.422799  -0.0448437  0.760854  1  
0.0772606  -0.0523409  0.995626  0  -0.0800077  -0.995716  -0.0461371  0  0.993795  -0.0760947  -0.0811189  0  0.422825  -0.0448657  0.760761  1  
0.0774057  -0.0523821  0.995613  0  -0.080039  -0.995712  -0.0461645  0  0.993782  -0.0761159  -0.081268  0  0.422847  -0.0448888  0.760672  1  
0.0775503  -0.0524224  0.9956  0  -0.0800645  -0.995709  -0.0461917  0  0.993768  -0.0761315  -0.0814163  0  0.42287  -0.0449101  0.760583  1  
0.0777059  -0.0524642  0.995585  0  -0.0800973  -0.995705  -0.0462189  0  0.993753  -0.0761536  -0.081576  0  0.422897  -0.0449344  0.760489  1  
0.0778528  -0.0524984  0.995572  0  -0.0801221  -0.995702  -0.0462398  0  0.99374  -0.0761689  -0.081726  0  0.422921  -0.0449542  0.7604  1  
0.0780016  -0.0525428  0.995558  0  -0.0801522  -0.995698  -0.0462703  0  0.993726  -0.0761884  -0.0818791  0  0.422945  -0.0449776  0.76031  1  
0.0782932  -0.0526351  0.99553  0  -0.0802126  -0.995691  -0.0463353  0  0.993698  -0.0762278  -0.0821794  0  0.422993  -0.0450258  0.760132  1  
0.0784428  -0.0526733  0.995516  0  -0.0802431  -0.995687  -0.0463595  0  0.993684  -0.0762482  -0.0823327  0  0.423017  -0.0450487  0.760041  1  
0.0785849  -0.0527207  0.995503  0  -0.0802757  -0.995683  -0.0463933  0  0.99367  -0.0762704  -0.0824794  0  0.423041  -0.0450749  0.759954  1  
0.078728  -0.0527595  0.995489  0  -0.080306  -0.995679  -0.0464185  0  0.993656  -0.0762908  -0.0826263  0  0.423063  -0.0450994  0.759867  1  
0.0788835  -0.0528038  0.995475  0  -0.0803367  -0.995675  -0.0464484  0  0.993641  -0.0763106  -0.082786  0  0.423089  -0.0451225  0.759773  1  
0.0790257  -0.0528452  0.995461  0  -0.0803635  -0.995672  -0.0464767  0  0.993628  -0.0763274  -0.0829321  0  0.423112  -0.0451441  0.759685  1  
0.0791692  -0.0528924  0.995447  0  -0.0804012  -0.995667  -0.0465097  0  0.993613  -0.0763545  -0.0830804  0  0.423135  -0.0451713  0.759596  1  
0.0793115  -0.0529343  0.995434  0  -0.0804273  -0.995664  -0.0465384  0  0.9936  -0.0763705  -0.0832265  0  0.423158  -0.0451928  0.75951  1  
0.0794527  -0.0529761  0.99542  0  -0.0804533  -0.99566  -0.0465672  0  0.993587  -0.0763864  -0.0833716  0  0.42318  -0.0452153  0.759423  1  
0.0795998  -0.0530165  0.995406  0  -0.0804867  -0.995656  -0.0465935  0  0.993572  -0.0764096  -0.0835228  0  0.423203  -0.0452416  0.759333  1  
0.0797426  -0.0530583  0.995393  0  -0.0805189  -0.995652  -0.0466217  0  0.993558  -0.0764317  -0.0836698  0  0.423226  -0.0452658  0.759246  1  
0.0798878  -0.0531075  0.995378  0  -0.0805546  -0.995648  -0.0466567  0  0.993543  -0.0764565  -0.0838198  0  0.42325  -0.0452935  0.759158  1  
0.0800272  -0.0531447  0.995365  0  -0.0805793  -0.995645  -0.0466811  0  0.99353  -0.0764716  -0.0839626  0  0.423273  -0.0453146  0.759073  1  
0.0801654  -0.0531863  0.995352  0  -0.0806081  -0.995641  -0.0467095  0  0.993517  -0.0764904  -0.0841048  0  0.423295  -0.045337  0.758989  1  
0.080305  -0.0532418  0.995338  0  -0.0806426  -0.995636  -0.0467515  0  0.993503  -0.0765138  -0.0842497  0  0.423318  -0.0453654  0.758903  1  
0.0804529  -0.0532848  0.995323  0  -0.0806764  -0.995632  -0.0467802  0  0.993488  -0.076537  -0.084402  0  0.423342  -0.0453909  0.758815  1  
0.0805961  -0.0533328  0.995309  0  -0.0807109  -0.995628  -0.0468142  0  0.993474  -0.0765607  -0.0845499  0  0.423365  -0.0454182  0.758727  1  
0.0807363  -0.0533669  0.995296  0  -0.080741  -0.995624  -0.0468349  0  0.99346  -0.0765814  -0.0846936  0  0.423386  -0.0454421  0.758644  1  
