0.0491503  -0.0489472  0.997582  0  -0.0794596  -0.995815  -0.0449456  0  0.995626  -0.0770599  -0.0528349  0  0.417928  -0.0443311  0.776711  1  
0.0491495  -0.048952  0.997581  0  -0.0794629  -0.995814  -0.0449502  0  0.995625  -0.077063  -0.0528347  0  0.417928  -0.0443338  0.776711  1  
0.0491496  -0.048945  0.997582  0  -0.0794569  -0.995815  -0.0449435  0  0.995626  -0.0770573  -0.0528339  0  0.417928  -0.0443303  0.77671  1  
0.0491551  -0.0489477  0.997581  0  -0.0794565  -0.995815  -0.0449459  0  0.995626  -0.0770565  -0.0528396  0  0.417928  -0.0443299  0.776708  1  
0.0491614  -0.048954  0.997581  0  -0.0794523  -0.995815  -0.0449519  0  0.995626  -0.0770517  -0.0528461  0  0.417927  -0.0443283  0.776706  1  
0.0491784  -0.0489576  0.99758  0  -0.0794579  -0.995814  -0.0449539  0  0.995624  -0.0770563  -0.0528636  0  0.417926  -0.0443322  0.7767  1  
0.0492093  -0.0489616  0.997578  0  -0.0794569  -0.995814  -0.0449556  0  0.995623  -0.0770537  -0.0528947  0  0.417931  -0.0443324  0.77669  1  
0.0492314  -0.0489591  0.997577  0  -0.0794488  -0.995815  -0.0449517  0  0.995622  -0.0770448  -0.0529161  0  0.417932  -0.0443285  0.776681  1  
0.0492656  -0.0489584  0.997575  0  -0.0794541  -0.995815  -0.0449482  0  0.99562  -0.0770485  -0.0529504  0  0.417937  -0.0443315  0.776667  1  
0.0493079  -0.0489596  0.997573  0  -0.0794547  -0.995815  -0.044946  0  0.995618  -0.0770472  -0.0529926  0  0.417947  -0.0443313  0.776649  1  
0.0493431  -0.0489644  0.997571  0  -0.0794562  -0.995815  -0.0449481  0  0.995616  -0.0770468  -0.0530281  0  0.417953  -0.0443323  0.776634  1  
0.0493771  -0.0489691  0.997569  0  -0.0794476  -0.995815  -0.0449506  0  0.995615  -0.0770365  -0.0530619  0  0.41796  -0.0443286  0.776618  1  
0.0494147  -0.0489693  0.997568  0  -0.0794452  -0.995816  -0.0449479  0  0.995614  -0.0770324  -0.0530993  0  0.417966  -0.0443279  0.776603  1  
0.0494541  -0.0489702  0.997566  0  -0.0794429  -0.995816  -0.0449459  0  0.995612  -0.0770282  -0.0531385  0  0.417973  -0.0443273  0.776587  1  
0.0494953  -0.0489726  0.997563  0  -0.0794317  -0.995817  -0.0449457  0  0.995611  -0.077015  -0.0531793  0  0.417979  -0.0443213  0.77657  1  
0.0495418  -0.0489823  0.997561  0  -0.0794329  -0.995817  -0.0449518  0  0.995608  -0.0770136  -0.0532264  0  0.417985  -0.044323  0.776552  1  
0.0495811  -0.04898  0.997559  0  -0.0794254  -0.995817  -0.0449468  0  0.995607  -0.0770045  -0.053265  0  0.41799  -0.0443188  0.776537  1  
0.049624  -0.0489816  0.997557  0  -0.0794141  -0.995818  -0.0449458  0  0.995606  -0.0769911  -0.0533074  0  0.417994  -0.044313  0.776521  1  
0.0496851  -0.0489887  0.997553  0  -0.0794073  -0.995819  -0.0449485  0  0.995603  -0.0769813  -0.0533685  0  0.418004  -0.0443105  0.776498  1  
0.0497325  -0.0489907  0.997551  0  -0.0793984  -0.995819  -0.0449473  0  0.995602  -0.0769701  -0.0534154  0  0.418009  -0.0443071  0.776481  1  
0.0497803  -0.0489973  0.997548  0  -0.0793955  -0.99582  -0.0449503  0  0.995599  -0.0769647  -0.0534634  0  0.418014  -0.0443069  0.776462  1  
0.0498337  -0.048999  0.997545  0  -0.0793822  -0.995821  -0.0449487  0  0.995598  -0.0769488  -0.0535161  0  0.418021  -0.0443  0.776441  1  
0.0498946  -0.0490087  0.997542  0  -0.0793759  -0.995821  -0.044954  0  0.995595  -0.0769393  -0.0535772  0  0.41803  -0.044298  0.776418  1  
0.0499504  -0.0490181  0.997538  0  -0.0793639  -0.995822  -0.0449597  0  0.995593  -0.0769243  -0.0536329  0  0.418037  -0.0442928  0.776396  1  
0.0500094  -0.0490201  0.997535  0  -0.079356  -0.995822  -0.0449576  0  0.995591  -0.0769136  -0.0536915  0  0.418044  -0.0442897  0.776374  1  
0.0500707  -0.0490213  0.997532  0  -0.0793447  -0.995823  -0.0449546  0  0.995589  -0.0768995  -0.0537522  0  0.418051  -0.044285  0.776351  1  
0.0501263  -0.0490248  0.997529  0  -0.0793358  -0.995824  -0.0449544  0  0.995587  -0.0768879  -0.0538074  0  0.418057  -0.0442812  0.77633  1  
0.0501891  -0.0490342  0.997526  0  -0.0793304  -0.995824  -0.0449591  0  0.995584  -0.0768791  -0.0538705  0  0.418065  -0.04428  0.776306  1  
0.0502504  -0.0490411  0.997522  0  -0.0793197  -0.995825  -0.044962  0  0.995582  -0.0768653  -0.0539316  0  0.418072  -0.0442744  0.776283  1  
0.0503133  -0.049043  0.997519  0  -0.0793121  -0.995826  -0.0449594  0  0.995579  -0.0768547  -0.053994  0  0.418079  -0.044271  0.776259  1  
0.0503818  -0.0490476  0.997515  0  -0.0792964  -0.995827  -0.0449595  0  0.995577  -0.0768357  -0.0540619  0  0.418089  -0.0442641  0.776233  1  
0.0504454  -0.0490508  0.997512  0  -0.0792875  -0.995828  -0.0449583  0  0.995574  -0.0768238  -0.0541251  0  0.418095  -0.0442608  0.77621  1  
0.0505184  -0.049057  0.997508  0  -0.0792796  -0.995828  -0.0449593  0  0.995571  -0.0768122  -0.0541979  0  0.418105  -0.0442563  0.776182  1  
0.050585  -0.0490669  0.997504  0  -0.0792676  -0.995829  -0.0449647  0  0.995569  -0.0767967  -0.0542645  0  0.418113  -0.0442521  0.776158  1  
0.0506621  -0.0490667  0.9975  0  -0.0792584  -0.99583  -0.0449591  0  0.995566  -0.076784  -0.0543409  0  0.418123  -0.0442471  0.776128  1  
0.0507275  -0.0490702  0.997497  0  -0.0792487  -0.995831  -0.0449581  0  0.995563  -0.0767712  -0.0544058  0  0.41813  -0.0442433  0.776105  1  
0.050803  -0.0490748  0.997493  0  -0.0792348  -0.995832  -0.0449576  0  0.995561  -0.0767537  -0.0544807  0  0.418141  -0.0442376  0.776076  1  
0.050875  -0.0490741  0.997489  0  -0.0792228  -0.995833  -0.0449521  0  0.995558  -0.0767385  -0.0545519  0  0.41815  -0.0442315  0.776048  1  
0.0509515  -0.0490778  0.997485  0  -0.07921  -0.995834  -0.0449506  0  0.995555  -0.076722  -0.0546278  0  0.418161  -0.0442256  0.776019  1  
0.051034  -0.0490859  0.99748  0  -0.0791995  -0.995835  -0.0449529  0  0.995552  -0.0767073  -0.0547101  0  0.418172  -0.0442218  0.775987  1  
0.0511148  -0.0490954  0.997476  0  -0.0791817  -0.995836  -0.0449571  0  0.995549  -0.0766853  -0.0547905  0  0.418184  -0.0442141  0.775956  1  
0.0511928  -0.0491029  0.997471  0  -0.0791746  -0.995837  -0.044959  0  0.995545  -0.0766743  -0.0548684  0  0.418194  -0.0442112  0.775925  1  
0.051277  -0.0491003  0.997467  0  -0.0791515  -0.995839  -0.0449512  0  0.995543  -0.0766475  -0.0549511  0  0.418207  -0.0442004  0.775892  1  
0.0513605  -0.0491137  0.997462  0  -0.0791426  -0.995839  -0.0449587  0  0.995539  -0.0766341  -0.0550348  0  0.418218  -0.0441974  0.775859  1  
0.05144  -0.0491136  0.997458  0  -0.0791222  -0.995841  -0.0449536  0  0.995537  -0.0766102  -0.0551131  0  0.41823  -0.0441879  0.775828  1  
0.0515288  -0.0491224  0.997453  0  -0.079109  -0.995842  -0.0449562  0  0.995533  -0.0765924  -0.0552016  0  0.418245  -0.0441817  0.775792  1  
0.0516174  -0.0491283  0.997448  0  -0.0790862  -0.995844  -0.0449567  0  0.99553  -0.0765654  -0.0552893  0  0.418259  -0.0441704  0.775757  1  
0.0517021  -0.0491415  0.997443  0  -0.0790758  -0.995844  -0.0449639  0  0.995527  -0.0765503  -0.0553743  0  0.418272  -0.0441672  0.775721  1  
0.0517914  -0.0491415  0.997438  0  -0.0790525  -0.995846  -0.0449583  0  0.995524  -0.076523  -0.0554621  0  0.418286  -0.0441558  0.775685  1  
0.0518745  -0.0491482  0.997434  0  -0.079036  -0.995848  -0.0449595  0  0.995521  -0.0765024  -0.0555446  0  0.4183  -0.0441499  0.77565  1  
0.0519569  -0.0491531  0.997429  0  -0.0790174  -0.995849  -0.0449591  0  0.995518  -0.0764798  -0.0556263  0  0.418313  -0.0441403  0.775615  1  
0.0520443  -0.04916  0.997424  0  -0.0789987  -0.995851  -0.0449604  0  0.995515  -0.0764568  -0.055713  0  0.418327  -0.0441314  0.775576  1  
0.0521284  -0.0491649  0.99742  0  -0.0789828  -0.995852  -0.0449597  0  0.995512  -0.0764368  -0.0557965  0  0.41834  -0.0441255  0.77554  1  
0.0522127  -0.0491631  0.997415  0  -0.0789604  -0.995854  -0.0449527  0  0.995509  -0.0764107  -0.0558793  0  0.418354  -0.0441142  0.775503  1  
0.0522955  -0.0491667  0.997411  0  -0.0789417  -0.995856  -0.044951  0  0.995507  -0.076388  -0.0559612  0  0.418368  -0.0441064  0.775466  1  
0.0523802  -0.0491712  0.997406  0  -0.0789248  -0.995857  -0.04495  0  0.995503  -0.076367  -0.0560451  0  0.418381  -0.0440995  0.775428  1  
0.052463  -0.0491804  0.997401  0  -0.0789058  -0.995858  -0.0449539  0  0.995501  -0.0763438  -0.0561274  0  0.418395  -0.0440904  0.775391  1  
0.0525474  -0.0491929  0.997396  0  -0.0788816  -0.99586  -0.0449613  0  0.995498  -0.0763151  -0.0562113  0  0.41841  -0.0440806  0.775352  1  
0.0526295  -0.0491991  0.997392  0  -0.0788636  -0.995861  -0.0449622  0  0.995495  -0.076293  -0.0562928  0  0.418424  -0.0440736  0.775314  1  
0.052713  -0.0492008  0.997387  0  -0.078841  -0.995863  -0.0449588  0  0.995492  -0.0762666  -0.0563751  0  0.418439  -0.0440627  0.775276  1  
0.0527921  -0.0492046  0.997383  0  -0.0788229  -0.995865  -0.0449575  0  0.99549  -0.0762447  -0.0564533  0  0.418453  -0.0440557  0.775238  1  
0.0528668  -0.0492127  0.997379  0  -0.0788037  -0.995866  -0.0449611  0  0.995487  -0.0762216  -0.0565275  0  0.418465  -0.0440468  0.775202  1  
0.0529565  -0.0492205  0.997373  0  -0.0787829  -0.995868  -0.0449631  0  0.995484  -0.0761964  -0.0566165  0  0.418483  -0.0440378  0.775159  1  
0.0530415  -0.0492227  0.997369  0  -0.0787568  -0.99587  -0.0449604  0  0.995482  -0.0761663  -0.0567001  0  0.418498  -0.0440268  0.775118  1  
0.0531245  -0.0492247  0.997364  0  -0.0787354  -0.995872  -0.0449572  0  0.995479  -0.076141  -0.056782  0  0.418513  -0.0440173  0.775077  1  
0.0532143  -0.0492297  0.997359  0  -0.0787128  -0.995873  -0.0449566  0  0.995476  -0.0761141  -0.0568709  0  0.418531  -0.0440077  0.775033  1  
0.0532913  -0.0492339  0.997355  0  -0.0786849  -0.995876  -0.0449566  0  0.995474  -0.0760824  -0.0569466  0  0.418544  -0.0439957  0.774995  1  
0.0533743  -0.0492446  0.99735  0  -0.0786602  -0.995877  -0.0449623  0  0.995472  -0.0760534  -0.0570289  0  0.418561  -0.0439855  0.774953  1  
0.0534553  -0.0492535  0.997345  0  -0.0786366  -0.995879  -0.0449663  0  0.995469  -0.0760256  -0.0571092  0  0.418578  -0.0439743  0.774911  1  
0.0535415  -0.0492563  0.99734  0  -0.0786124  -0.995881  -0.0449639  0  0.995466  -0.0759974  -0.0571943  0  0.418595  -0.0439629  0.774867  1  
0.0536264  -0.0492583  0.997336  0  -0.0785831  -0.995883  -0.0449612  0  0.995464  -0.0759641  -0.0572777  0  0.418611  -0.0439503  0.774823  1  
0.0537117  -0.0492638  0.997331  0  -0.0785572  -0.995886  -0.0449617  0  0.995462  -0.075934  -0.0573618  0  0.418629  -0.0439392  0.774778  1  
0.0537845  -0.0492627  0.997327  0  -0.0785278  -0.995888  -0.0449567  0  0.99546  -0.0759014  -0.0574329  0  0.418643  -0.0439265  0.774739  1  
0.0538775  -0.049272  0.997322  0  -0.0785045  -0.99589  -0.0449603  0  0.995457  -0.0758733  -0.0575252  0  0.418663  -0.0439168  0.77469  1  
0.0539622  -0.0492783  0.997317  0  -0.0784805  -0.995892  -0.0449615  0  0.995454  -0.0758452  -0.057609  0  0.418681  -0.0439055  0.774646  1  
0.0540553  -0.0492854  0.997311  0  -0.0784524  -0.995894  -0.0449631  0  0.995451  -0.0758125  -0.057701  0  0.418701  -0.0438932  0.774597  1  
0.054141  -0.0492839  0.997307  0  -0.0784243  -0.995896  -0.0449568  0  0.995449  -0.0757806  -0.057785  0  0.418718  -0.0438802  0.774553  1  
0.0542306  -0.0492906  0.997301  0  -0.0783993  -0.995898  -0.0449581  0  0.995446  -0.0757511  -0.0578736  0  0.418737  -0.0438697  0.774506  1  
0.0543208  -0.0492931  0.997296  0  -0.0783717  -0.9959  -0.0449554  0  0.995443  -0.0757192  -0.0579625  0  0.418756  -0.0438572  0.774458  1  
0.0544083  -0.0493032  0.997291  0  -0.0783479  -0.995902  -0.0449602  0  0.99544  -0.0756909  -0.0580492  0  0.418774  -0.0438476  0.774411  1  
0.054496  -0.0493104  0.997286  0  -0.0783153  -0.995905  -0.0449626  0  0.995438  -0.0756539  -0.0581357  0  0.418791  -0.043832  0.774363  1  
0.0545888  -0.0493113  0.997281  0  -0.078291  -0.995907  -0.0449579  0  0.995435  -0.0756253  -0.0582271  0  0.418812  -0.0438204  0.774312  1  
0.054671  -0.0493113  0.997276  0  -0.0782619  -0.995909  -0.0449533  0  0.995433  -0.0755926  -0.0583077  0  0.418828  -0.0438073  0.774265  1  
0.0547622  -0.0493151  0.997271  0  -0.0782325  -0.995912  -0.0449519  0  0.99543  -0.0755588  -0.0583975  0  0.418848  -0.043794  0.774216  1  
0.0548472  -0.0493229  0.997266  0  -0.0782008  -0.995914  -0.0449552  0  0.995428  -0.0755228  -0.0584813  0  0.418866  -0.0437791  0.774167  1  
0.0549393  -0.0493321  0.997261  0  -0.0781774  -0.995916  -0.0449588  0  0.995424  -0.0754947  -0.0585727  0  0.418887  -0.0437702  0.774116  1  
0.0550268  -0.0493331  0.997256  0  -0.0781475  -0.995918  -0.0449548  0  0.995422  -0.0754607  -0.0586586  0  0.418907  -0.0437552  0.774065  1  
0.0551144  -0.0493338  0.997251  0  -0.0781119  -0.995921  -0.0449511  0  0.99542  -0.0754211  -0.0587443  0  0.418926  -0.0437388  0.774015  1  
0.0552018  -0.0493388  0.997246  0  -0.0780877  -0.995923  -0.0449508  0  0.995417  -0.0753928  -0.0588307  0  0.418946  -0.043728  0.773965  1  
0.0552909  -0.0493367  0.997241  0  -0.0780555  -0.995926  -0.0449439  0  0.995415  -0.0753566  -0.0589177  0  0.418965  -0.0437133  0.773914  1  
0.0553778  -0.0493405  0.997236  0  -0.0780245  -0.995928  -0.044943  0  0.995412  -0.0753214  -0.0590032  0  0.418985  -0.0436992  0.773863  1  
0.0554731  -0.0493409  0.997231  0  -0.0779949  -0.995931  -0.044938  0  0.995409  -0.0752875  -0.0590969  0  0.419005  -0.0436847  0.773809  1  
0.0555648  -0.0493491  0.997225  0  -0.0779611  -0.995933  -0.0449412  0  0.995407  -0.075249  -0.0591872  0  0.419025  -0.043669  0.773756  1  
0.0556635  -0.0493555  0.997219  0  -0.0779343  -0.995935  -0.0449417  0  0.995403  -0.0752174  -0.0592849  0  0.419047  -0.0436575  0.773699  1  
0.0557605  -0.0493608  0.997214  0  -0.0779021  -0.995938  -0.0449416  0  0.9954  -0.0751805  -0.0593804  0  0.419068  -0.0436427  0.773644  1  
0.0558565  -0.0493647  0.997208  0  -0.0778735  -0.99594  -0.04494  0  0.995397  -0.0751473  -0.0594751  0  0.419088  -0.0436303  0.77359  1  
0.0559544  -0.0493704  0.997202  0  -0.0778447  -0.995942  -0.0449401  0  0.995394  -0.0751138  -0.0595717  0  0.419108  -0.0436171  0.773534  1  
0.0560456  -0.0493766  0.997197  0  -0.0778111  -0.995945  -0.0449414  0  0.995391  -0.0750756  -0.0596615  0  0.419127  -0.0436024  0.773483  1  
0.0561512  -0.0493786  0.997191  0  -0.0777775  -0.995948  -0.0449374  0  0.995388  -0.0750372  -0.0597654  0  0.41915  -0.0435858  0.773424  1  
0.0562556  -0.0493843  0.997185  0  -0.0777524  -0.99595  -0.0449368  0  0.995384  -0.075007  -0.0598686  0  0.419171  -0.043575  0.773366  1  
0.0563622  -0.0493889  0.997178  0  -0.0777178  -0.995953  -0.0449354  0  0.995381  -0.0749673  -0.0599736  0  0.419193  -0.0435591  0.773307  1  
0.0564583  -0.0493929  0.997173  0  -0.077696  -0.995954  -0.0449335  0  0.995377  -0.0749409  -0.0600687  0  0.419212  -0.0435496  0.773251  1  
0.0565659  -0.0493968  0.997166  0  -0.0776597  -0.995957  -0.0449316  0  0.995374  -0.0748995  -0.0601745  0  0.419235  -0.0435329  0.77319  1  
0.056675  -0.0493993  0.99716  0  -0.0776254  -0.99596  -0.0449279  0  0.99537  -0.0748602  -0.0602819  0  0.419259  -0.0435165  0.773128  1  
0.0567778  -0.0494072  0.997154  0  -0.0775907  -0.995963  -0.0449302  0  0.995367  -0.0748203  -0.0603832  0  0.419281  -0.0435003  0.773069  1  
0.0568881  -0.0494136  0.997147  0  -0.0775635  -0.995965  -0.0449299  0  0.995363  -0.0747877  -0.0604924  0  0.419303  -0.0434876  0.773006  1  
0.056992  -0.0494237  0.997141  0  -0.0775291  -0.995967  -0.0449343  0  0.99536  -0.074748  -0.0605951  0  0.419325  -0.0434737  0.772947  1  
0.0571033  -0.0494185  0.997135  0  -0.0774985  -0.99597  -0.0449226  0  0.995356  -0.0747127  -0.0607042  0  0.419347  -0.0434585  0.772884  1  
0.0572061  -0.0494277  0.997128  0  -0.0774591  -0.995973  -0.0449265  0  0.995353  -0.0746681  -0.0608056  0  0.419367  -0.0434411  0.772824  1  
0.0573183  -0.049435  0.997122  0  -0.0774316  -0.995975  -0.0449271  0  0.995349  -0.074635  -0.0609166  0  0.41939  -0.0434298  0.772759  1  
0.0574254  -0.049442  0.997115  0  -0.0773968  -0.995978  -0.0449282  0  0.995345  -0.0745949  -0.0610222  0  0.419411  -0.0434139  0.772698  1  
0.0575382  -0.049451  0.997108  0  -0.0773581  -0.995981  -0.0449311  0  0.995342  -0.0745506  -0.0611335  0  0.419435  -0.0433959  0.772633  1  
0.0576474  -0.0494576  0.997102  0  -0.0773283  -0.995983  -0.0449314  0  0.995338  -0.0745154  -0.0612415  0  0.419457  -0.0433829  0.77257  1  
0.0577596  -0.0494551  0.997095  0  -0.0772882  -0.995987  -0.044923  0  0.995334  -0.0744704  -0.0613512  0  0.419479  -0.0433638  0.772506  1  
0.0578631  -0.0494557  0.997089  0  -0.0772519  -0.99599  -0.0449181  0  0.995331  -0.0744294  -0.0614528  0  0.419499  -0.0433466  0.772445  1  
0.0579775  -0.0494702  0.997082  0  -0.0772226  -0.995992  -0.0449258  0  0.995327  -0.074394  -0.0615665  0  0.419522  -0.0433358  0.772379  1  
0.0580874  -0.0494817  0.997075  0  -0.0771833  -0.995994  -0.0449316  0  0.995323  -0.0743489  -0.0616751  0  0.419544  -0.0433176  0.772315  1  
0.0582053  -0.0494925  0.997067  0  -0.0771496  -0.995997  -0.0449356  0  0.995319  -0.0743093  -0.0617918  0  0.419568  -0.0433036  0.772247  1  
0.0583182  -0.0494955  0.997061  0  -0.0771116  -0.996  -0.0449325  0  0.995315  -0.074266  -0.0619028  0  0.41959  -0.043286  0.772181  1  
0.0584336  -0.0495021  0.997054  0  -0.0770765  -0.996003  -0.0449327  0  0.995311  -0.0742253  -0.0620167  0  0.419613  -0.0432702  0.772113  1  
0.0585495  -0.0495061  0.997047  0  -0.0770416  -0.996005  -0.0449303  0  0.995307  -0.0741849  -0.0621309  0  0.419635  -0.0432558  0.772045  1  
0.0586578  -0.0495086  0.99704  0  -0.0769964  -0.996009  -0.0449276  0  0.995304  -0.0741345  -0.0622369  0  0.419657  -0.0432331  0.771982  1  
0.0587638  -0.049515  0.997034  0  -0.0769611  -0.996012  -0.0449283  0  0.995301  -0.0740941  -0.0623414  0  0.419678  -0.043218  0.771917  1  
0.058881  -0.049521  0.997026  0  -0.0769262  -0.996014  -0.0449277  0  0.995297  -0.0740535  -0.062457  0  0.4197  -0.043202  0.771848  1  
0.0589946  -0.0495297  0.997019  0  -0.0768844  -0.996017  -0.0449306  0  0.995293  -0.074006  -0.0625689  0  0.419722  -0.0431835  0.771781  1  
0.0591046  -0.0495299  0.997013  0  -0.0768465  -0.996021  -0.044925  0  0.995289  -0.0739631  -0.0626768  0  0.419743  -0.0431668  0.771715  1  
0.0592295  -0.0495365  0.997005  0  -0.0768069  -0.996024  -0.0449248  0  0.995285  -0.0739174  -0.0627999  0  0.419767  -0.0431494  0.771642  1  
0.0593509  -0.0495409  0.996997  0  -0.076763  -0.996027  -0.044923  0  0.995281  -0.0738677  -0.0629192  0  0.41979  -0.0431286  0.771572  1  
0.0594607  -0.0495526  0.99699  0  -0.0767234  -0.99603  -0.0449291  0  0.995278  -0.0738224  -0.0630277  0  0.41981  -0.0431117  0.771508  1  
0.0595805  -0.0495641  0.996983  0  -0.0766806  -0.996033  -0.0449344  0  0.995274  -0.0737735  -0.063146  0  0.419832  -0.0430932  0.771438  1  
0.0596953  -0.049569  0.996975  0  -0.0766376  -0.996036  -0.0449335  0  0.99527  -0.0737249  -0.0632588  0  0.419852  -0.0430739  0.77137  1  
0.0598142  -0.0495714  0.996968  0  -0.0765926  -0.99604  -0.0449299  0  0.995267  -0.0736743  -0.0633753  0  0.419874  -0.0430538  0.771302  1  
0.0599341  -0.0495748  0.996961  0  -0.0765544  -0.996043  -0.044927  0  0.995262  -0.0736305  -0.0634934  0  0.419897  -0.0430373  0.771232  1  
0.0600576  -0.0495861  0.996953  0  -0.0765096  -0.996046  -0.044932  0  0.995258  -0.0735794  -0.0636152  0  0.41992  -0.0430174  0.771161  1  
0.0601838  -0.0495957  0.996945  0  -0.0764618  -0.99605  -0.0449353  0  0.995254  -0.0735252  -0.0637394  0  0.419943  -0.0429958  0.771087  1  
0.0602982  -0.0496028  0.996938  0  -0.0764191  -0.996053  -0.0449367  0  0.995251  -0.0734768  -0.063852  0  0.419965  -0.0429774  0.771019  1  
0.0604239  -0.0496062  0.99693  0  -0.0763793  -0.996056  -0.0449334  0  0.995246  -0.0734312  -0.0639757  0  0.419988  -0.0429596  0.770946  1  
0.0605537  -0.0496097  0.996922  0  -0.0763312  -0.99606  -0.0449304  0  0.995242  -0.073377  -0.0641031  0  0.420013  -0.0429382  0.770872  1  
0.0606718  -0.0496154  0.996914  0  -0.0762881  -0.996063  -0.0449302  0  0.995238  -0.0733281  -0.0642193  0  0.420034  -0.0429189  0.770802  1  
0.0607922  -0.0496227  0.996907  0  -0.0762406  -0.996067  -0.0449317  0  0.995234  -0.0732747  -0.0643377  0  0.420057  -0.0428973  0.77073  1  
0.060917  -0.0496374  0.996898  0  -0.0761986  -0.99607  -0.0449399  0  0.99523  -0.0732261  -0.0644611  0  0.42008  -0.0428794  0.770656  1  
0.061045  -0.0496389  0.99689  0  -0.0761541  -0.996073  -0.0449349  0  0.995226  -0.0731757  -0.0645868  0  0.420103  -0.0428579  0.770582  1  
0.0611745  -0.0496443  0.996882  0  -0.0761091  -0.996077  -0.0449337  0  0.995221  -0.0731244  -0.0647141  0  0.420129  -0.0428381  0.770507  1  
0.0613026  -0.0496435  0.996874  0  -0.0760649  -0.996081  -0.0449264  0  0.995217  -0.0730744  -0.0648397  0  0.420152  -0.0428183  0.770434  1  
0.0614298  -0.0496542  0.996866  0  -0.0760223  -0.996084  -0.0449305  0  0.995212  -0.0730254  -0.0649653  0  0.420176  -0.0427992  0.770359  1  
0.0615565  -0.0496604  0.996858  0  -0.0759774  -0.996087  -0.0449304  0  0.995208  -0.0729743  -0.06509  0  0.420201  -0.0427796  0.770285  1  
0.0616859  -0.0496692  0.996849  0  -0.0759299  -0.996091  -0.0449328  0  0.995203  -0.0729203  -0.0652173  0  0.420225  -0.0427566  0.770211  1  
0.0618109  -0.0496739  0.996841  0  -0.0758865  -0.996094  -0.0449312  0  0.995199  -0.072871  -0.0653403  0  0.420247  -0.0427374  0.770137  1  
0.0619417  -0.0496761  0.996833  0  -0.0758395  -0.996098  -0.0449269  0  0.995194  -0.0728179  -0.0654687  0  0.420272  -0.0427158  0.770061  1  
0.0620709  -0.0496829  0.996825  0  -0.0757958  -0.996101  -0.0449271  0  0.995189  -0.0727679  -0.0655959  0  0.420297  -0.0426964  0.769985  1  
0.0621986  -0.0496866  0.996817  0  -0.0757536  -0.996104  -0.0449242  0  0.995185  -0.0727196  -0.0657215  0  0.420319  -0.0426775  0.76991  1  
0.0623236  -0.0496955  0.996808  0  -0.0757119  -0.996107  -0.0449268  0  0.99518  -0.0726717  -0.0658448  0  0.420344  -0.0426581  0.769836  1  
0.0624547  -0.0497061  0.9968  0  -0.0756697  -0.99611  -0.0449306  0  0.995175  -0.0726228  -0.0659743  0  0.420367  -0.0426384  0.76976  1  
0.0625869  -0.0497113  0.996791  0  -0.0756276  -0.996114  -0.044929  0  0.99517  -0.0725744  -0.0661044  0  0.420391  -0.0426198  0.769681  1  
0.0627174  -0.0497134  0.996783  0  -0.075585  -0.996117  -0.0449244  0  0.995165  -0.0725256  -0.0662328  0  0.420416  -0.0425996  0.769605  1  
0.0628485  -0.0497179  0.996774  0  -0.0755411  -0.996121  -0.0449223  0  0.99516  -0.0724755  -0.0663617  0  0.420439  -0.0425787  0.769528  1  
0.062981  -0.0497246  0.996766  0  -0.0754965  -0.996124  -0.0449223  0  0.995155  -0.0724245  -0.0664922  0  0.420464  -0.0425583  0.76945  1  
0.063112  -0.04973  0.996757  0  -0.0754597  -0.996127  -0.0449206  0  0.995149  -0.0723814  -0.0666214  0  0.420489  -0.0425408  0.769374  1  
0.0632427  -0.0497361  0.996748  0  -0.0754215  -0.99613  -0.0449198  0  0.995144  -0.0723368  -0.0667504  0  0.420512  -0.0425236  0.769297  1  
0.0633735  -0.049743  0.99674  0  -0.0753823  -0.996133  -0.0449198  0  0.995139  -0.0722912  -0.0668794  0  0.420536  -0.0425055  0.76922  1  
0.0635057  -0.0497496  0.996731  0  -0.0753434  -0.996136  -0.0449195  0  0.995133  -0.0722458  -0.0670099  0  0.420562  -0.0424876  0.769142  1  
0.0636437  -0.0497522  0.996722  0  -0.0753054  -0.996139  -0.0449146  0  0.995127  -0.0722015  -0.0671459  0  0.420587  -0.0424703  0.769061  1  
0.0637722  -0.0497622  0.996713  0  -0.0752633  -0.996142  -0.0449182  0  0.995122  -0.0721528  -0.0672727  0  0.420611  -0.0424523  0.768984  1  
0.0639065  -0.0497669  0.996705  0  -0.0752223  -0.996145  -0.0449159  0  0.995117  -0.0721053  -0.067405  0  0.420637  -0.0424319  0.768904  1  
0.0640371  -0.049777  0.996696  0  -0.0751868  -0.996148  -0.0449189  0  0.995111  -0.0720632  -0.0675342  0  0.42066  -0.0424156  0.768826  1  
0.0641755  -0.0497803  0.996687  0  -0.075146  -0.996151  -0.044915  0  0.995105  -0.072016  -0.0676706  0  0.420687  -0.0423964  0.768746  1  
0.0643097  -0.0497916  0.996677  0  -0.0751045  -0.996154  -0.0449194  0  0.9951  -0.0719676  -0.0678032  0  0.420712  -0.0423783  0.768666  1  
0.0644412  -0.0497922  0.996669  0  -0.0750589  -0.996157  -0.0449136  0  0.995095  -0.071916  -0.0679322  0  0.420736  -0.0423566  0.768588  1  
0.0645773  -0.0498066  0.996659  0  -0.0750256  -0.99616  -0.0449205  0  0.995088  -0.0718755  -0.0680674  0  0.420761  -0.0423421  0.768507  1  
0.0647078  -0.0498111  0.996651  0  -0.0749873  -0.996163  -0.0449182  0  0.995083  -0.071831  -0.068196  0  0.420786  -0.0423239  0.76843  1  
0.0648495  -0.049815  0.996641  0  -0.0749483  -0.996166  -0.0449145  0  0.995076  -0.0717852  -0.0683357  0  0.420812  -0.042304  0.768347  1  
0.0649874  -0.0498249  0.996632  0  -0.0749096  -0.996169  -0.0449171  0  0.99507  -0.0717396  -0.0684721  0  0.420839  -0.0422875  0.768266  1  
0.0651294  -0.0498218  0.996623  0  -0.0748625  -0.996173  -0.044907  0  0.995065  -0.0716863  -0.0686112  0  0.420865  -0.042264  0.768182  1  
0.0652673  -0.0498314  0.996613  0  -0.0748285  -0.996175  -0.044909  0  0.995058  -0.0716454  -0.0687477  0  0.420892  -0.0422485  0.7681  1  
0.065408  -0.0498399  0.996603  0  -0.0747925  -0.996178  -0.0449099  0  0.995052  -0.0716024  -0.068887  0  0.420918  -0.0422327  0.768017  1  
0.0655465  -0.0498415  0.996594  0  -0.0747475  -0.996181  -0.0449047  0  0.995046  -0.0715509  -0.069023  0  0.420943  -0.0422098  0.767934  1  
0.0656862  -0.0498473  0.996585  0  -0.0747054  -0.996184  -0.0449033  0  0.99504  -0.0715021  -0.0691608  0  0.42097  -0.0421891  0.767852  1  
0.0658202  -0.0498482  0.996576  0  -0.0746704  -0.996187  -0.044897  0  0.995034  -0.0714609  -0.0692928  0  0.420994  -0.0421728  0.767772  1  
0.0659587  -0.0498615  0.996566  0  -0.0746357  -0.99619  -0.0449028  0  0.995027  -0.071419  -0.0694301  0  0.42102  -0.0421562  0.767689  1  
0.0660973  -0.049863  0.996557  0  -0.0745943  -0.996193  -0.0448973  0  0.995021  -0.0713712  -0.0695665  0  0.421046  -0.042137  0.767605  1  
0.0662265  -0.0498686  0.996548  0  -0.0745573  -0.996196  -0.0448962  0  0.995015  -0.071328  -0.069694  0  0.42107  -0.0421184  0.767526  1  
0.0663611  -0.0498713  0.996539  0  -0.0745153  -0.996199  -0.0448922  0  0.995009  -0.0712797  -0.0698264  0  0.421096  -0.0420979  0.767446  1  
0.0664891  -0.0498838  0.99653  0  -0.0744803  -0.996202  -0.044898  0  0.995003  -0.071238  -0.0699533  0  0.421119  -0.0420826  0.767367  1  
0.0666264  -0.0498863  0.99652  0  -0.0744391  -0.996205  -0.0448936  0  0.994997  -0.0711904  -0.0700883  0  0.421144  -0.0420624  0.767285  1  
0.0667541  -0.0498762  0.996512  0  -0.0743957  -0.996209  -0.0448774  0  0.994992  -0.0711419  -0.070213  0  0.421168  -0.0420408  0.767207  1  
0.0668856  -0.0498858  0.996503  0  -0.0743555  -0.996212  -0.0448804  0  0.994986  -0.071095  -0.0703428  0  0.421193  -0.0420223  0.767127  1  
0.0670229  -0.0498913  0.996494  0  -0.0743133  -0.996215  -0.0448791  0  0.99498  -0.0710462  -0.0704781  0  0.421218  -0.0420023  0.767044  1  
0.067157  -0.0498945  0.996484  0  -0.0742751  -0.996218  -0.0448754  0  0.994974  -0.0710016  -0.0706102  0  0.421242  -0.0419835  0.766963  1  
0.0672851  -0.0499011  0.996475  0  -0.0742338  -0.996221  -0.0448759  0  0.994968  -0.070954  -0.0707366  0  0.421266  -0.0419633  0.766886  1  
0.0674225  -0.0499068  0.996466  0  -0.0741963  -0.996224  -0.0448744  0  0.994962  -0.0709099  -0.0708721  0  0.42129  -0.0419462  0.766802  1  
0.0675592  -0.0499076  0.996457  0  -0.0741526  -0.996227  -0.0448686  0  0.994956  -0.07086  -0.0710065  0  0.421315  -0.0419256  0.766722  1  
0.0676963  -0.0499145  0.996447  0  -0.074113  -0.99623  -0.0448686  0  0.994949  -0.0708136  -0.0711418  0  0.42134  -0.0419067  0.766641  1  
0.0678261  -0.0499254  0.996438  0  -0.0740723  -0.996233  -0.0448732  0  0.994944  -0.0707662  -0.0712701  0  0.421363  -0.0418877  0.766562  1  
0.0679644  -0.0499343  0.996428  0  -0.0740335  -0.996236  -0.044875  0  0.994937  -0.0707204  -0.0714068  0  0.421389  -0.0418697  0.76648  1  
0.0681104  -0.0499375  0.996418  0  -0.0739918  -0.996239  -0.0448708  0  0.99493  -0.0706719  -0.0715506  0  0.421416  -0.0418497  0.766395  1  
0.068244  -0.0499407  0.996408  0  -0.0739504  -0.996242  -0.0448676  0  0.994924  -0.0706242  -0.0716821  0  0.42144  -0.0418294  0.766316  1  
0.0683835  -0.0499451  0.996398  0  -0.0739152  -0.996245  -0.0448646  0  0.994917  -0.0705824  -0.0718198  0  0.421465  -0.0418129  0.766235  1  
0.068524  -0.0499501  0.996389  0  -0.0738746  -0.996248  -0.0448625  0  0.99491  -0.070535  -0.0719583  0  0.421489  -0.0417942  0.766151  1  
0.0686678  -0.0499629  0.996378  0  -0.0738377  -0.996251  -0.0448678  0  0.994903  -0.0704906  -0.0721009  0  0.421517  -0.0417765  0.766066  1  
0.068803  -0.0499666  0.996369  0  -0.0738003  -0.996254  -0.0448647  0  0.994897  -0.0704469  -0.0722342  0  0.421539  -0.0417584  0.765985  1  
0.0689496  -0.0499703  0.996358  0  -0.0737615  -0.996257  -0.0448608  0  0.994889  -0.0704011  -0.0723787  0  0.421567  -0.0417391  0.7659  1  
0.0690885  -0.0499725  0.996348  0  -0.073722  -0.99626  -0.0448561  0  0.994883  -0.0703552  -0.0725156  0  0.421592  -0.0417206  0.765818  1  
0.0692251  -0.0499759  0.996339  0  -0.0736831  -0.996263  -0.0448527  0  0.994876  -0.0703098  -0.0726502  0  0.421616  -0.0417021  0.765736  1  
0.069365  -0.0499829  0.996329  0  -0.0736415  -0.996266  -0.0448528  0  0.994869  -0.0702613  -0.0727882  0  0.421642  -0.0416825  0.765654  1  
0.0695082  -0.0499881  0.996318  0  -0.0736  -0.996269  -0.0448509  0  0.994863  -0.0702129  -0.0729294  0  0.421668  -0.0416621  0.76557  1  
0.0696479  -0.0500047  0.996308  0  -0.0735666  -0.996271  -0.0448601  0  0.994855  -0.070172  -0.0730683  0  0.421693  -0.0416484  0.765485  1  
0.0697782  -0.0500096  0.996299  0  -0.0735279  -0.996274  -0.0448587  0  0.994849  -0.070127  -0.0731967  0  0.421717  -0.0416294  0.765407  1  
0.0699164  -0.0500105  0.996289  0  -0.0734872  -0.996277  -0.0448529  0  0.994842  -0.0700798  -0.0733326  0  0.421742  -0.0416101  0.765326  1  
0.0700508  -0.0500116  0.996279  0  -0.0734487  -0.99628  -0.0448473  0  0.994836  -0.0700352  -0.0734649  0  0.421767  -0.0415911  0.765245  1  
0.0703333  -0.0500202  0.996259  0  -0.0733724  -0.996286  -0.0448416  0  0.994821  -0.0699454  -0.0737436  0  0.421817  -0.0415555  0.765079  1  
0.0704588  -0.0500327  0.996249  0  -0.0733379  -0.996289  -0.0448479  0  0.994815  -0.0699043  -0.073868  0  0.421838  -0.04154  0.765003  1  
0.0706019  -0.0500455  0.996239  0  -0.0733019  -0.996291  -0.0448533  0  0.994808  -0.0698608  -0.0740099  0  0.421865  -0.0415238  0.764917  1  
0.0707321  -0.050051  0.996229  0  -0.0732618  -0.996294  -0.0448527  0  0.994801  -0.0698143  -0.0741382  0  0.421888  -0.0415058  0.764839  1  
0.0708749  -0.0500514  0.996219  0  -0.073223  -0.996297  -0.0448459  0  0.994794  -0.0697691  -0.0742788  0  0.421914  -0.0414873  0.764755  1  
0.0710123  -0.0500581  0.996209  0  -0.0731858  -0.9963  -0.0448458  0  0.994787  -0.0697251  -0.0744146  0  0.421938  -0.0414709  0.764674  1  
0.0711475  -0.0500681  0.996199  0  -0.0731432  -0.996303  -0.0448495  0  0.99478  -0.0696756  -0.074548  0  0.421962  -0.0414496  0.764592  1  
0.07129  -0.0500754  0.996188  0  -0.0731054  -0.996306  -0.0448497  0  0.994773  -0.0696307  -0.0746889  0  0.421988  -0.0414326  0.764509  1  
0.0714291  -0.0500877  0.996178  0  -0.073077  -0.996307  -0.0448544  0  0.994765  -0.0695951  -0.0748271  0  0.422013  -0.0414204  0.764427  1  
0.0715594  -0.0500915  0.996168  0  -0.0730373  -0.99631  -0.0448521  0  0.994759  -0.0695492  -0.0749554  0  0.422035  -0.0414008  0.764349  1  
0.0716939  -0.0501004  0.996158  0  -0.0730008  -0.996313  -0.0448543  0  0.994752  -0.0695059  -0.0750884  0  0.422059  -0.041385  0.764269  1  
0.0718295  -0.0501034  0.996148  0  -0.0729593  -0.996316  -0.044851  0  0.994745  -0.069458  -0.0752219  0  0.422083  -0.041366  0.76419  1  
0.0719681  -0.0501165  0.996137  0  -0.0729217  -0.996319  -0.0448572  0  0.994738  -0.0694131  -0.0753592  0  0.422108  -0.0413492  0.764107  1  
0.072106  -0.0501212  0.996127  0  -0.0728838  -0.996322  -0.0448552  0  0.99473  -0.0693685  -0.0754952  0  0.422132  -0.0413321  0.764026  1  
0.072237  -0.0501316  0.996117  0  -0.0728459  -0.996324  -0.0448593  0  0.994724  -0.0693238  -0.0756248  0  0.422155  -0.0413154  0.763948  1  
0.0723752  -0.0501397  0.996107  0  -0.0728117  -0.996327  -0.0448604  0  0.994716  -0.0692827  -0.0757616  0  0.42218  -0.0412999  0.763864  1  
0.0725084  -0.050144  0.996097  0  -0.072765  -0.99633  -0.044859  0  0.99471  -0.0692297  -0.0758925  0  0.422204  -0.0412776  0.763786  1  
0.0726479  -0.0501523  0.996086  0  -0.0727334  -0.996332  -0.04486  0  0.994702  -0.0691911  -0.0760307  0  0.422229  -0.0412635  0.763704  1  
0.0727864  -0.050158  0.996076  0  -0.0726939  -0.996335  -0.0448591  0  0.994695  -0.0691448  -0.0761673  0  0.422254  -0.0412452  0.763621  1  
0.0729277  -0.0501628  0.996065  0  -0.0726515  -0.996338  -0.0448573  0  0.994687  -0.0690957  -0.0763066  0  0.422278  -0.0412255  0.763538  1  
0.0730677  -0.0501684  0.996055  0  -0.0726163  -0.996341  -0.0448559  0  0.99468  -0.0690536  -0.0764449  0  0.422304  -0.0412088  0.763455  1  
0.0732004  -0.0501737  0.996045  0  -0.0725735  -0.996344  -0.0448553  0  0.994673  -0.0690043  -0.0765755  0  0.422329  -0.0411881  0.763376  1  
0.0733365  -0.0501841  0.996034  0  -0.0725314  -0.996347  -0.0448595  0  0.994666  -0.0689552  -0.07671  0  0.422353  -0.0411702  0.763295  1  
0.0734822  -0.0501928  0.996023  0  -0.0724982  -0.996349  -0.0448607  0  0.994658  -0.0689147  -0.0768543  0  0.422379  -0.0411556  0.76321  1  
0.0736208  -0.050191  0.996013  0  -0.072452  -0.996353  -0.0448529  0  0.994651  -0.0688623  -0.0769902  0  0.422404  -0.0411324  0.763129  1  
0.0737578  -0.0502032  0.996002  0  -0.072416  -0.996356  -0.0448584  0  0.994643  -0.0688191  -0.077126  0  0.422428  -0.0411176  0.763046  1  
0.0739032  -0.0502114  0.995991  0  -0.0723741  -0.996359  -0.0448597  0  0.994636  -0.06877  -0.0772696  0  0.422455  -0.0410977  0.762961  1  
0.0740341  -0.0502146  0.995981  0  -0.0723329  -0.996362  -0.044857  0  0.994629  -0.0687226  -0.0773984  0  0.422477  -0.0410786  0.762883  1  
0.0741752  -0.0502189  0.99597  0  -0.0722919  -0.996365  -0.0448548  0  0.994621  -0.0686748  -0.0775374  0  0.422503  -0.0410587  0.762798  1  
0.074308  -0.050224  0.99596  0  -0.0722522  -0.996368  -0.0448538  0  0.994614  -0.0686287  -0.0776684  0  0.422527  -0.0410407  0.762718  1  
0.0744485  -0.0502268  0.99595  0  -0.0722154  -0.996371  -0.0448499  0  0.994607  -0.0685852  -0.0778069  0  0.422551  -0.0410238  0.762634  1  
0.0745842  -0.0502381  0.995939  0  -0.0721727  -0.996373  -0.0448551  0  0.994599  -0.0685355  -0.0779411  0  0.422577  -0.0410044  0.762552  1  
0.0747189  -0.0502486  0.995928  0  -0.0721298  -0.996376  -0.0448597  0  0.994592  -0.0684855  -0.078074  0  0.422599  -0.0409846  0.762471  1  
0.074856  -0.0502578  0.995917  0  -0.0720894  -0.996379  -0.0448627  0  0.994585  -0.0684382  -0.0782095  0  0.422623  -0.0409663  0.762389  1  
0.0749855  -0.0502573  0.995908  0  -0.0720425  -0.996383  -0.0448569  0  0.994579  -0.0683854  -0.0783364  0  0.422646  -0.0409439  0.762311  1  
0.0751219  -0.0502651  0.995897  0  -0.0720021  -0.996386  -0.0448586  0  0.994571  -0.0683381  -0.0784711  0  0.42267  -0.0409268  0.76223  1  
0.0752613  -0.0502667  0.995886  0  -0.0719618  -0.996389  -0.0448537  0  0.994564  -0.0682914  -0.0786083  0  0.422694  -0.0409067  0.762147  1  
0.0753933  -0.0502752  0.995876  0  -0.0719149  -0.996392  -0.0448568  0  0.994557  -0.0682378  -0.0787384  0  0.422717  -0.0408848  0.762067  1  
0.0755214  -0.0502914  0.995865  0  -0.0718738  -0.996394  -0.0448675  0  0.99455  -0.0681895  -0.0788652  0  0.42274  -0.0408669  0.761991  1  
0.075656  -0.0502913  0.995855  0  -0.0718377  -0.996397  -0.0448611  0  0.994543  -0.0681472  -0.0789978  0  0.422763  -0.0408496  0.76191  1  
0.0757932  -0.0502948  0.995845  0  -0.0717943  -0.996401  -0.0448587  0  0.994535  -0.0680973  -0.0791327  0  0.422787  -0.0408299  0.761829  1  
0.0759283  -0.0502998  0.995834  0  -0.071753  -0.996404  -0.0448577  0  0.994528  -0.0680494  -0.0792659  0  0.42281  -0.0408109  0.761748  1  
0.0760567  -0.0503037  0.995824  0  -0.071709  -0.996407  -0.0448563  0  0.994521  -0.0679992  -0.0793922  0  0.422832  -0.0407898  0.761673  1  
0.0762023  -0.0503077  0.995813  0  -0.0716719  -0.99641  -0.0448533  0  0.994513  -0.0679552  -0.0795359  0  0.422859  -0.0407729  0.761587  1  
0.076337  -0.0503222  0.995802  0  -0.0716358  -0.996412  -0.0448615  0  0.994505  -0.0679118  -0.0796695  0  0.422881  -0.0407565  0.761507  1  
0.0764704  -0.0503246  0.995791  0  -0.0715977  -0.996415  -0.0448579  0  0.994498  -0.0678674  -0.0798009  0  0.422904  -0.0407378  0.761428  1  
0.0766039  -0.0503305  0.995781  0  -0.0715606  -0.996417  -0.0448577  0  0.99449  -0.0678237  -0.0799327  0  0.422927  -0.040722  0.761348  1  
0.0767395  -0.0503297  0.99577  0  -0.0715223  -0.99642  -0.0448507  0  0.994482  -0.0677793  -0.0800661  0  0.42295  -0.0407029  0.761269  1  
0.0768772  -0.0503364  0.995759  0  -0.0714853  -0.996423  -0.044851  0  0.994475  -0.0677354  -0.0802021  0  0.422973  -0.0406861  0.761189  1  
0.0770122  -0.0503461  0.995749  0  -0.0714445  -0.996426  -0.0448547  0  0.994467  -0.0676877  -0.0803355  0  0.422997  -0.0406667  0.76111  1  
0.0771572  -0.050355  0.995737  0  -0.0714079  -0.996428  -0.0448568  0  0.994458  -0.0676437  -0.0804789  0  0.423024  -0.0406487  0.761024  1  
0.0772883  -0.0503539  0.995727  0  -0.0713709  -0.996431  -0.0448497  0  0.994451  -0.0676008  -0.0806079  0  0.423046  -0.0406305  0.760946  1  
0.0774254  -0.0503569  0.995716  0  -0.0713311  -0.996434  -0.0448466  0  0.994443  -0.0675546  -0.0807429  0  0.423071  -0.0406125  0.760866  1  
0.0775648  -0.0503597  0.995705  0  -0.0712935  -0.996437  -0.044843  0  0.994435  -0.0675104  -0.0808803  0  0.423095  -0.0405949  0.760785  1  
0.0777031  -0.0503737  0.995693  0  -0.0712524  -0.99644  -0.044851  0  0.994427  -0.0674618  -0.0810172  0  0.42312  -0.0405753  0.760703  1  
0.0778339  -0.050383  0.995683  0  -0.0712134  -0.996442  -0.0448546  0  0.99442  -0.067416  -0.0811465  0  0.423143  -0.0405577  0.760626  1  
0.0779742  -0.0503887  0.995672  0  -0.0711765  -0.996445  -0.0448538  0  0.994411  -0.0673723  -0.0812851  0  0.423168  -0.0405405  0.760543  1  
0.078107  -0.0503862  0.995661  0  -0.0711359  -0.996448  -0.0448456  0  0.994404  -0.0673258  -0.0814154  0  0.423191  -0.0405199  0.760464  1  
0.0782426  -0.0503936  0.99565  0  -0.0711032  -0.996451  -0.0448465  0  0.994395  -0.0672863  -0.0815496  0  0.423215  -0.0405058  0.760385  1  
0.0783743  -0.0503964  0.99564  0  -0.071058  -0.996454  -0.0448441  0  0.994388  -0.0672348  -0.081679  0  0.423239  -0.0404828  0.760307  1  
0.0785065  -0.0504084  0.995629  0  -0.0710247  -0.996456  -0.0448499  0  0.99438  -0.0671945  -0.0818101  0  0.423262  -0.0404696  0.76023  1  
0.0786441  -0.0504091  0.995618  0  -0.0709852  -0.996459  -0.0448445  0  0.994372  -0.0671486  -0.0819455  0  0.423287  -0.04045  0.760149  1  
0.078773  -0.0504155  0.995607  0  -0.0709482  -0.996462  -0.0448453  0  0.994365  -0.0671053  -0.0820728  0  0.423309  -0.0404328  0.760072  1  
0.0789126  -0.0504198  0.995596  0  -0.0709046  -0.996465  -0.0448438  0  0.994357  -0.0670548  -0.0822102  0  0.423333  -0.0404111  0.75999  1  
0.0790451  -0.0504274  0.995585  0  -0.0708719  -0.996467  -0.0448451  0  0.994348  -0.0670155  -0.0823413  0  0.423358  -0.0403968  0.759912  1  
