0.0492839  -0.0486127  0.997591  0  -0.0790754  -0.99586  -0.0446218  0  0.99565  -0.0766872  -0.0529249  0  0.417978  -0.0440273  0.776676  1  
0.0492751  -0.0486191  0.997592  0  -0.0790709  -0.99586  -0.044629  0  0.99565  -0.0766829  -0.0529165  0  0.417976  -0.044025  0.776681  1  
0.0492835  -0.0486195  0.997591  0  -0.0790739  -0.99586  -0.0446287  0  0.99565  -0.0766854  -0.052925  0  0.417978  -0.0440268  0.776677  1  
0.0492752  -0.0486177  0.997592  0  -0.0790789  -0.995859  -0.0446272  0  0.99565  -0.0766909  -0.0529169  0  0.417975  -0.0440297  0.77668  1  
0.0492869  -0.0486152  0.997591  0  -0.0790727  -0.99586  -0.0446241  0  0.99565  -0.0766843  -0.052928  0  0.417973  -0.0440258  0.776675  1  
0.049299  -0.0486228  0.99759  0  -0.0790693  -0.99586  -0.044631  0  0.995649  -0.07668  -0.0529405  0  0.417974  -0.0440245  0.776672  1  
0.049326  -0.0486272  0.997589  0  -0.079067  -0.99586  -0.0446334  0  0.995648  -0.0766763  -0.0529676  0  0.417978  -0.044024  0.776661  1  
0.0493578  -0.0486267  0.997587  0  -0.0790688  -0.99586  -0.0446304  0  0.995646  -0.0766766  -0.0529993  0  0.417981  -0.0440253  0.776649  1  
0.0493885  -0.048629  0.997585  0  -0.0790649  -0.99586  -0.0446305  0  0.995645  -0.0766712  -0.0530299  0  0.417987  -0.0440235  0.776636  1  
0.0494214  -0.0486311  0.997584  0  -0.0790694  -0.99586  -0.0446299  0  0.995643  -0.0766741  -0.0530631  0  0.417994  -0.044026  0.776622  1  
0.0494573  -0.0486318  0.997582  0  -0.079065  -0.99586  -0.0446281  0  0.995642  -0.0766681  -0.0530987  0  0.418  -0.0440248  0.776607  1  
0.049489  -0.0486363  0.99758  0  -0.0790664  -0.99586  -0.04463  0  0.99564  -0.0766678  -0.0531306  0  0.418006  -0.0440259  0.776594  1  
0.0495311  -0.0486416  0.997578  0  -0.0790564  -0.995861  -0.0446326  0  0.995639  -0.0766556  -0.0531726  0  0.418014  -0.0440202  0.776576  1  
0.0495737  -0.0486418  0.997576  0  -0.0790549  -0.995861  -0.0446297  0  0.995637  -0.0766523  -0.0532149  0  0.418021  -0.0440195  0.776559  1  
0.0496098  -0.0486439  0.997574  0  -0.0790552  -0.995861  -0.044629  0  0.995635  -0.0766509  -0.053251  0  0.418025  -0.0440201  0.776545  1  
0.0496428  -0.0486478  0.997572  0  -0.0790493  -0.995861  -0.0446306  0  0.995634  -0.0766432  -0.0532839  0  0.418029  -0.044018  0.776532  1  
0.0496876  -0.0486498  0.99757  0  -0.0790384  -0.995862  -0.0446298  0  0.995632  -0.0766303  -0.0533282  0  0.418035  -0.0440112  0.776515  1  
0.0497379  -0.0486512  0.997567  0  -0.0790352  -0.995863  -0.0446274  0  0.99563  -0.0766247  -0.0533784  0  0.418042  -0.0440105  0.776495  1  
0.0497915  -0.0486599  0.997564  0  -0.079029  -0.995863  -0.0446324  0  0.995628  -0.0766156  -0.0534321  0  0.418049  -0.044007  0.776475  1  
0.0498364  -0.0486605  0.997562  0  -0.0790214  -0.995864  -0.04463  0  0.995626  -0.076606  -0.0534765  0  0.418054  -0.0440039  0.776457  1  
0.0498842  -0.0486655  0.997559  0  -0.0790143  -0.995864  -0.0446316  0  0.995624  -0.0765965  -0.0535242  0  0.41806  -0.0440004  0.776438  1  
0.0499355  -0.0486706  0.997556  0  -0.0790039  -0.995865  -0.0446333  0  0.995623  -0.0765835  -0.0535752  0  0.418068  -0.043996  0.776418  1  
0.0499904  -0.0486733  0.997553  0  -0.0789958  -0.995866  -0.0446322  0  0.995621  -0.0765728  -0.0536298  0  0.418075  -0.0439927  0.776396  1  
0.0500414  -0.0486727  0.997551  0  -0.0789847  -0.995867  -0.0446283  0  0.995619  -0.0765595  -0.05368  0  0.418081  -0.043988  0.776378  1  
0.0500991  -0.0486773  0.997548  0  -0.0789797  -0.995867  -0.0446287  0  0.995616  -0.0765517  -0.0537376  0  0.418088  -0.0439851  0.776355  1  
0.0501514  -0.0486844  0.997545  0  -0.0789682  -0.995868  -0.0446325  0  0.995615  -0.0765374  -0.0537898  0  0.418094  -0.0439799  0.776334  1  
0.050208  -0.0486877  0.997542  0  -0.0789624  -0.995868  -0.0446317  0  0.995612  -0.0765289  -0.0538461  0  0.418101  -0.0439775  0.776312  1  
0.0502621  -0.0486967  0.997539  0  -0.0789528  -0.995869  -0.044637  0  0.99561  -0.0765164  -0.0539002  0  0.418107  -0.043974  0.77629  1  
0.0503296  -0.0486938  0.997535  0  -0.0789404  -0.99587  -0.0446297  0  0.995608  -0.0765011  -0.0539667  0  0.418116  -0.043967  0.776265  1  
0.050387  -0.0487007  0.997532  0  -0.0789319  -0.995871  -0.0446326  0  0.995606  -0.0764897  -0.054024  0  0.418122  -0.0439642  0.776242  1  
0.050455  -0.0487079  0.997528  0  -0.0789202  -0.995871  -0.0446352  0  0.995603  -0.0764745  -0.0540918  0  0.418131  -0.0439579  0.776217  1  
0.0505203  -0.0487155  0.997525  0  -0.0789129  -0.995872  -0.0446382  0  0.9956  -0.0764639  -0.0541571  0  0.418139  -0.0439561  0.776192  1  
0.0505856  -0.0487203  0.997521  0  -0.0789004  -0.995873  -0.0446386  0  0.995598  -0.0764482  -0.0542219  0  0.418147  -0.0439499  0.776167  1  
0.0506535  -0.0487139  0.997518  0  -0.0788882  -0.995874  -0.0446277  0  0.995596  -0.0764333  -0.0542885  0  0.418156  -0.0439446  0.776141  1  
0.0507299  -0.0487161  0.997514  0  -0.0788779  -0.995875  -0.0446246  0  0.995593  -0.0764195  -0.0543644  0  0.418166  -0.043939  0.776112  1  
0.050798  -0.0487278  0.99751  0  -0.0788715  -0.995876  -0.0446315  0  0.99559  -0.0764094  -0.0544328  0  0.418174  -0.0439369  0.776085  1  
0.0508759  -0.0487349  0.997506  0  -0.0788577  -0.995877  -0.0446333  0  0.995587  -0.0763917  -0.0545102  0  0.418185  -0.0439304  0.776055  1  
0.0509462  -0.0487323  0.997502  0  -0.078845  -0.995878  -0.044626  0  0.995584  -0.076376  -0.0545795  0  0.418195  -0.0439235  0.776028  1  
0.0510148  -0.0487378  0.997498  0  -0.0788379  -0.995878  -0.0446267  0  0.995581  -0.0763655  -0.0546479  0  0.418205  -0.0439206  0.776001  1  
0.0510961  -0.0487431  0.997494  0  -0.078825  -0.995879  -0.0446264  0  0.995578  -0.0763487  -0.0547287  0  0.418215  -0.0439139  0.775969  1  
0.0511721  -0.0487464  0.99749  0  -0.0788134  -0.99588  -0.0446245  0  0.995575  -0.0763335  -0.0548043  0  0.418226  -0.0439095  0.775938  1  
0.0512546  -0.0487465  0.997486  0  -0.0787989  -0.995882  -0.0446192  0  0.995572  -0.0763153  -0.0548857  0  0.418237  -0.0439024  0.775906  1  
0.0513447  -0.0487544  0.997481  0  -0.0787842  -0.995883  -0.0446209  0  0.995568  -0.0762962  -0.0549754  0  0.418253  -0.0438938  0.77587  1  
0.051423  -0.048764  0.997476  0  -0.0787695  -0.995884  -0.0446253  0  0.995566  -0.0762774  -0.0550535  0  0.418264  -0.043888  0.775839  1  
0.0515004  -0.048767  0.997472  0  -0.0787556  -0.995885  -0.0446232  0  0.995563  -0.0762598  -0.0551302  0  0.418273  -0.0438811  0.775808  1  
0.0515908  -0.0487693  0.997467  0  -0.0787458  -0.995886  -0.0446191  0  0.995559  -0.0762459  -0.05522  0  0.418288  -0.0438761  0.775771  1  
0.0516803  -0.0487806  0.997462  0  -0.0787327  -0.995887  -0.0446243  0  0.995555  -0.0762282  -0.0553095  0  0.418302  -0.0438717  0.775734  1  
0.0517652  -0.0487818  0.997457  0  -0.0787168  -0.995888  -0.0446199  0  0.995552  -0.0762084  -0.0553934  0  0.418315  -0.0438631  0.775699  1  
0.051854  -0.0487909  0.997452  0  -0.0787025  -0.995889  -0.044623  0  0.995549  -0.0761896  -0.0554818  0  0.418331  -0.0438565  0.775661  1  
0.0519324  -0.0487928  0.997448  0  -0.0786858  -0.995891  -0.0446198  0  0.995546  -0.0761693  -0.0555593  0  0.418341  -0.0438486  0.775629  1  
0.0520207  -0.0487956  0.997444  0  -0.0786718  -0.995892  -0.0446167  0  0.995542  -0.0761511  -0.0556469  0  0.418357  -0.0438414  0.775591  1  
0.052106  -0.0487997  0.997439  0  -0.078657  -0.995893  -0.0446151  0  0.995539  -0.0761323  -0.0557315  0  0.41837  -0.0438348  0.775554  1  
0.0521848  -0.0488128  0.997434  0  -0.0786438  -0.995894  -0.0446228  0  0.995536  -0.0761149  -0.0558104  0  0.418383  -0.0438293  0.775519  1  
0.0522744  -0.0488221  0.997429  0  -0.0786302  -0.995895  -0.044626  0  0.995532  -0.0760967  -0.0558998  0  0.418397  -0.043823  0.775478  1  
0.0523513  -0.0488275  0.997425  0  -0.078617  -0.995896  -0.0446263  0  0.995529  -0.0760798  -0.0559762  0  0.418408  -0.0438169  0.775443  1  
0.0524398  -0.0488288  0.99742  0  -0.0786013  -0.995897  -0.0446217  0  0.995526  -0.07606  -0.0560637  0  0.418424  -0.0438085  0.775403  1  
0.0525183  -0.0488229  0.997416  0  -0.0785816  -0.995899  -0.044611  0  0.995523  -0.0760371  -0.0561406  0  0.418436  -0.0437986  0.775368  1  
0.0526012  -0.0488354  0.997411  0  -0.0785705  -0.9959  -0.0446178  0  0.99552  -0.0760216  -0.0562236  0  0.41845  -0.0437951  0.775328  1  
0.0526821  -0.0488414  0.997407  0  -0.0785555  -0.995901  -0.0446185  0  0.995517  -0.0760027  -0.056304  0  0.418465  -0.0437884  0.775291  1  
0.0527665  -0.0488469  0.997402  0  -0.0785385  -0.995902  -0.0446185  0  0.995514  -0.0759815  -0.0563877  0  0.418479  -0.0437805  0.775251  1  
0.0528494  -0.0488491  0.997397  0  -0.0785209  -0.995904  -0.0446154  0  0.995511  -0.0759601  -0.0564697  0  0.418494  -0.0437712  0.775211  1  
0.0529385  -0.0488542  0.997392  0  -0.0785079  -0.995905  -0.0446144  0  0.995507  -0.0759428  -0.0565582  0  0.418509  -0.043766  0.775169  1  
0.0530233  -0.0488534  0.997388  0  -0.0784885  -0.995907  -0.0446083  0  0.995504  -0.0759197  -0.0566418  0  0.418526  -0.0437565  0.77513  1  
0.0531089  -0.0488589  0.997383  0  -0.0784684  -0.995908  -0.0446083  0  0.995501  -0.0758955  -0.0567266  0  0.418541  -0.0437468  0.775089  1  
0.0531982  -0.0488678  0.997378  0  -0.0784563  -0.995909  -0.0446112  0  0.995497  -0.0758788  -0.0568157  0  0.418558  -0.0437419  0.775044  1  
0.0532835  -0.0488757  0.997373  0  -0.0784349  -0.995911  -0.0446138  0  0.995494  -0.0758531  -0.0569003  0  0.418572  -0.0437317  0.775002  1  
0.0533712  -0.0488793  0.997368  0  -0.0784143  -0.995913  -0.0446118  0  0.995491  -0.0758284  -0.0569869  0  0.418589  -0.0437218  0.77496  1  
0.0534726  -0.0488802  0.997363  0  -0.0783988  -0.995914  -0.044606  0  0.995487  -0.0758083  -0.0570874  0  0.418608  -0.0437143  0.774911  1  
0.0535545  -0.048882  0.997358  0  -0.0783767  -0.995916  -0.0446028  0  0.995484  -0.0757824  -0.0571681  0  0.418622  -0.0437051  0.77487  1  
0.0536513  -0.048893  0.997352  0  -0.0783611  -0.995917  -0.0446073  0  0.99548  -0.0757619  -0.0572646  0  0.41864  -0.0436979  0.774821  1  
0.0537403  -0.0489036  0.997347  0  -0.078342  -0.995918  -0.0446122  0  0.995477  -0.0757382  -0.0573532  0  0.418657  -0.0436897  0.774778  1  
0.0538355  -0.0489088  0.997342  0  -0.0783209  -0.99592  -0.0446114  0  0.995473  -0.0757125  -0.0574475  0  0.418676  -0.0436795  0.774731  1  
0.0539227  -0.0489125  0.997337  0  -0.0783021  -0.995921  -0.0446096  0  0.99547  -0.0756895  -0.0575338  0  0.418693  -0.0436706  0.774686  1  
0.0540113  -0.0489109  0.997332  0  -0.0782737  -0.995924  -0.0446028  0  0.995468  -0.0756573  -0.0576207  0  0.41871  -0.0436567  0.77464  1  
0.0541014  -0.0489182  0.997327  0  -0.0782572  -0.995925  -0.0446043  0  0.995464  -0.0756363  -0.0577103  0  0.418729  -0.0436491  0.774593  1  
0.0541997  -0.0489193  0.997321  0  -0.0782332  -0.995927  -0.0445993  0  0.995461  -0.0756078  -0.0578072  0  0.418749  -0.0436379  0.774542  1  
0.0542863  -0.0489294  0.997316  0  -0.0782151  -0.995929  -0.0446039  0  0.995457  -0.0755853  -0.0578934  0  0.418767  -0.04363  0.774496  1  
0.0543777  -0.0489337  0.997311  0  -0.0781922  -0.99593  -0.0446025  0  0.995454  -0.075558  -0.0579838  0  0.418785  -0.0436185  0.774447  1  
0.0544687  -0.048939  0.997306  0  -0.0781759  -0.995932  -0.0446019  0  0.99545  -0.0755373  -0.0580741  0  0.418804  -0.0436111  0.774398  1  
0.0545652  -0.0489419  0.9973  0  -0.0781557  -0.995933  -0.0445986  0  0.995447  -0.0755127  -0.0581695  0  0.418824  -0.0436016  0.774346  1  
0.0546595  -0.0489458  0.997295  0  -0.078138  -0.995935  -0.0445964  0  0.995443  -0.0754905  -0.0582629  0  0.418844  -0.0435932  0.774294  1  
0.0547498  -0.0489578  0.997289  0  -0.0781175  -0.995936  -0.0446028  0  0.99544  -0.0754652  -0.0583529  0  0.418862  -0.0435837  0.774244  1  
0.0548405  -0.0489582  0.997284  0  -0.0781011  -0.995938  -0.0445973  0  0.995436  -0.0754447  -0.0584426  0  0.41888  -0.0435754  0.774194  1  
0.0549299  -0.0489651  0.997279  0  -0.0780764  -0.99594  -0.0445989  0  0.995433  -0.0754156  -0.058531  0  0.418899  -0.043565  0.774143  1  
0.055021  -0.048963  0.997274  0  -0.0780563  -0.995942  -0.0445911  0  0.995429  -0.0753915  -0.0586207  0  0.418918  -0.0435541  0.774093  1  
0.0551191  -0.0489625  0.997269  0  -0.0780421  -0.995943  -0.044584  0  0.995425  -0.0753729  -0.0587177  0  0.418939  -0.0435473  0.774038  1  
0.0552026  -0.048971  0.997264  0  -0.0780196  -0.995945  -0.0445875  0  0.995422  -0.0753462  -0.0588006  0  0.418956  -0.0435366  0.773989  1  
0.0552937  -0.0489766  0.997259  0  -0.0779979  -0.995946  -0.0445875  0  0.995419  -0.0753201  -0.0588907  0  0.418976  -0.0435265  0.773937  1  
0.0553888  -0.0489873  0.997253  0  -0.0779799  -0.995948  -0.0445921  0  0.995415  -0.0752972  -0.0589855  0  0.418996  -0.0435192  0.773883  1  
0.0554822  -0.0489884  0.997248  0  -0.077961  -0.995949  -0.0445872  0  0.995411  -0.0752741  -0.0590778  0  0.419016  -0.0435097  0.77383  1  
0.0555765  -0.0489882  0.997242  0  -0.0779329  -0.995952  -0.0445816  0  0.995408  -0.0752417  -0.0591705  0  0.419037  -0.0434956  0.773774  1  
0.0556674  -0.0489926  0.997237  0  -0.0779151  -0.995953  -0.0445802  0  0.995405  -0.0752196  -0.0592605  0  0.419056  -0.0434868  0.773721  1  
0.0557585  -0.0490043  0.997231  0  -0.0778935  -0.995955  -0.0445862  0  0.995401  -0.0751932  -0.0593511  0  0.419076  -0.0434781  0.773666  1  
0.0558526  -0.0490091  0.997226  0  -0.0778734  -0.995956  -0.0445852  0  0.995397  -0.0751686  -0.0594444  0  0.419097  -0.0434682  0.773612  1  
0.055951  -0.0490159  0.99722  0  -0.0778528  -0.995958  -0.0445857  0  0.995394  -0.0751432  -0.059542  0  0.419117  -0.0434591  0.773556  1  
0.0560519  -0.0490189  0.997214  0  -0.0778292  -0.99596  -0.0445826  0  0.99539  -0.0751149  -0.0596417  0  0.419138  -0.0434477  0.773499  1  
0.0561542  -0.0490235  0.997208  0  -0.0778085  -0.995961  -0.0445807  0  0.995386  -0.0750894  -0.0597431  0  0.41916  -0.0434383  0.773441  1  
0.0562519  -0.049027  0.997202  0  -0.0777898  -0.995963  -0.044578  0  0.995381  -0.0750661  -0.0598398  0  0.41918  -0.0434299  0.773386  1  
0.0563562  -0.0490318  0.997196  0  -0.077766  -0.995965  -0.0445763  0  0.995377  -0.0750373  -0.0599429  0  0.419202  -0.0434176  0.773327  1  
0.056464  -0.0490437  0.99719  0  -0.077747  -0.995966  -0.0445813  0  0.995373  -0.0750127  -0.0600504  0  0.419224  -0.0434098  0.773266  1  
0.0565718  -0.0490497  0.997183  0  -0.0777233  -0.995968  -0.0445806  0  0.995369  -0.0749838  -0.0601572  0  0.419247  -0.043398  0.773206  1  
0.0566744  -0.0490527  0.997177  0  -0.0777074  -0.995969  -0.0445768  0  0.995364  -0.0749631  -0.0602589  0  0.419267  -0.0433902  0.773147  1  
0.0567799  -0.049054  0.997171  0  -0.077686  -0.995971  -0.0445714  0  0.99536  -0.0749369  -0.0603631  0  0.419288  -0.04338  0.773088  1  
0.0568973  -0.0490619  0.997164  0  -0.0776682  -0.995973  -0.0445716  0  0.995354  -0.0749133  -0.0604799  0  0.419314  -0.0433717  0.773022  1  
0.0570026  -0.0490739  0.997158  0  -0.0776498  -0.995974  -0.0445768  0  0.99535  -0.0748895  -0.0605849  0  0.419335  -0.043364  0.772961  1  
0.0571128  -0.0490826  0.997151  0  -0.0776234  -0.995976  -0.0445788  0  0.995345  -0.0748576  -0.0606941  0  0.419358  -0.0433516  0.772898  1  
0.0572173  -0.04909  0.997144  0  -0.0776111  -0.995977  -0.0445791  0  0.99534  -0.0748403  -0.0607982  0  0.419379  -0.043346  0.772836  1  
0.0573283  -0.0490938  0.997138  0  -0.0775923  -0.995979  -0.0445757  0  0.995335  -0.0748162  -0.0609083  0  0.419402  -0.0433378  0.772772  1  
0.0574411  -0.049094  0.997131  0  -0.0775681  -0.995981  -0.0445689  0  0.995331  -0.0747869  -0.0610195  0  0.419424  -0.0433249  0.772708  1  
0.0575573  -0.0491089  0.997124  0  -0.0775513  -0.995982  -0.0445761  0  0.995325  -0.0747641  -0.0611357  0  0.419448  -0.0433177  0.772641  1  
0.0576673  -0.0491141  0.997117  0  -0.0775309  -0.995983  -0.0445743  0  0.995321  -0.0747384  -0.0612448  0  0.41947  -0.0433077  0.772576  1  
0.057776  -0.0491216  0.997111  0  -0.0775155  -0.995985  -0.0445746  0  0.995316  -0.0747176  -0.0613529  0  0.419491  -0.0433003  0.772512  1  
0.0578843  -0.049124  0.997104  0  -0.0774913  -0.995987  -0.0445703  0  0.995311  -0.0746885  -0.0614598  0  0.419512  -0.0432874  0.77245  1  
0.0579951  -0.0491279  0.997098  0  -0.0774764  -0.995988  -0.0445668  0  0.995306  -0.0746683  -0.0615699  0  0.419533  -0.0432811  0.772387  1  
0.0581082  -0.0491326  0.997091  0  -0.0774562  -0.99599  -0.0445643  0  0.995301  -0.0746428  -0.0616819  0  0.419556  -0.0432712  0.77232  1  
0.058215  -0.0491441  0.997084  0  -0.0774384  -0.995991  -0.0445689  0  0.995296  -0.0746195  -0.0617885  0  0.419576  -0.0432633  0.772256  1  
0.0583319  -0.0491532  0.997077  0  -0.0774214  -0.995992  -0.0445703  0  0.99529  -0.0745966  -0.0619048  0  0.419598  -0.0432549  0.772189  1  
0.0584481  -0.0491659  0.997069  0  -0.0774085  -0.995993  -0.0445752  0  0.995285  -0.0745778  -0.0620209  0  0.419621  -0.0432496  0.772121  1  
0.0585553  -0.049172  0.997063  0  -0.0773908  -0.995994  -0.0445743  0  0.99528  -0.0745549  -0.0621274  0  0.419641  -0.0432411  0.772057  1  
0.0586659  -0.0491739  0.997056  0  -0.0773725  -0.995996  -0.0445691  0  0.995275  -0.0745315  -0.0622369  0  0.419662  -0.043232  0.771992  1  
0.0587878  -0.0491744  0.997049  0  -0.0773528  -0.995998  -0.0445617  0  0.995269  -0.0745063  -0.0623575  0  0.419686  -0.0432214  0.771921  1  
0.0589006  -0.0491898  0.997042  0  -0.0773406  -0.995998  -0.0445694  0  0.995263  -0.074488  -0.0624705  0  0.419707  -0.0432164  0.771854  1  
0.0590174  -0.0491992  0.997034  0  -0.0773194  -0.996  -0.0445714  0  0.995258  -0.0744611  -0.0625866  0  0.419731  -0.0432068  0.771784  1  
0.0591318  -0.0492029  0.997027  0  -0.077304  -0.996001  -0.0445675  0  0.995252  -0.0744403  -0.0627001  0  0.419752  -0.0431988  0.771716  1  
0.0592522  -0.0492176  0.997019  0  -0.0772874  -0.996002  -0.0445743  0  0.995247  -0.0744174  -0.0628204  0  0.419775  -0.0431923  0.771644  1  
0.0593734  -0.049216  0.997012  0  -0.0772667  -0.996004  -0.044565  0  0.995241  -0.0743913  -0.0629402  0  0.419799  -0.0431811  0.771573  1  
0.0594938  -0.0492202  0.997005  0  -0.0772456  -0.996006  -0.0445614  0  0.995235  -0.0743645  -0.0630595  0  0.419821  -0.0431701  0.771503  1  
0.0596133  -0.0492353  0.996997  0  -0.0772284  -0.996007  -0.0445687  0  0.99523  -0.074341  -0.0631789  0  0.419843  -0.043163  0.771434  1  
0.0597356  -0.0492495  0.996989  0  -0.0772145  -0.996008  -0.0445746  0  0.995223  -0.0743208  -0.0633011  0  0.419866  -0.0431567  0.771362  1  
0.059853  -0.0492558  0.996982  0  -0.0771969  -0.996009  -0.0445734  0  0.995218  -0.0742975  -0.0634177  0  0.419888  -0.0431495  0.771293  1  
0.0599806  -0.0492681  0.996973  0  -0.0771759  -0.996011  -0.0445774  0  0.995212  -0.07427  -0.0635449  0  0.419912  -0.0431395  0.771218  1  
0.0601042  -0.049272  0.996966  0  -0.0771553  -0.996013  -0.0445734  0  0.995206  -0.0742436  -0.0636673  0  0.419936  -0.0431286  0.771146  1  
0.0602294  -0.0492849  0.996957  0  -0.0771397  -0.996014  -0.0445779  0  0.995199  -0.0742215  -0.0637924  0  0.419959  -0.0431231  0.771072  1  
0.0603505  -0.0492893  0.99695  0  -0.0771198  -0.996015  -0.0445746  0  0.995194  -0.0741959  -0.0639125  0  0.419982  -0.043112  0.771001  1  
0.0604817  -0.049298  0.996942  0  -0.0771005  -0.996017  -0.0445748  0  0.995187  -0.0741701  -0.0640429  0  0.420006  -0.0431027  0.770925  1  
0.060605  -0.0493066  0.996934  0  -0.0770802  -0.996018  -0.0445755  0  0.995181  -0.0741438  -0.0641655  0  0.420028  -0.0430931  0.770852  1  
0.0607268  -0.0493106  0.996926  0  -0.0770596  -0.99602  -0.0445718  0  0.995175  -0.0741174  -0.0642862  0  0.420051  -0.0430827  0.770779  1  
0.0608521  -0.0493174  0.996918  0  -0.0770486  -0.996021  -0.0445699  0  0.995169  -0.0741004  -0.064411  0  0.420074  -0.0430774  0.770706  1  
0.0609771  -0.0493296  0.99691  0  -0.0770281  -0.996022  -0.0445742  0  0.995162  -0.0740735  -0.0645356  0  0.420096  -0.0430685  0.770633  1  
0.0611066  -0.0493363  0.996902  0  -0.077009  -0.996024  -0.0445725  0  0.995156  -0.0740481  -0.0646642  0  0.42012  -0.0430583  0.770556  1  
0.0612334  -0.0493465  0.996893  0  -0.0769875  -0.996025  -0.0445746  0  0.99515  -0.0740203  -0.0647904  0  0.420143  -0.0430488  0.770483  1  
0.0613531  -0.0493509  0.996886  0  -0.0769687  -0.996027  -0.0445714  0  0.995144  -0.0739958  -0.0649091  0  0.420165  -0.0430405  0.770411  1  
0.0614872  -0.0493606  0.996877  0  -0.0769494  -0.996029  -0.0445724  0  0.995137  -0.0739699  -0.0650425  0  0.420191  -0.0430312  0.770333  1  
0.0616056  -0.049366  0.996869  0  -0.0769319  -0.99603  -0.0445701  0  0.995131  -0.0739467  -0.0651601  0  0.420212  -0.0430217  0.770263  1  
0.0617338  -0.049379  0.996861  0  -0.0769109  -0.996031  -0.044575  0  0.995125  -0.0739191  -0.0652878  0  0.420235  -0.0430126  0.770188  1  
0.0618667  -0.0493891  0.996852  0  -0.076888  -0.996033  -0.0445767  0  0.995118  -0.0738896  -0.06542  0  0.42026  -0.0430009  0.77011  1  
0.0620009  -0.0493913  0.996844  0  -0.0768685  -0.996035  -0.0445702  0  0.995112  -0.0738639  -0.065553  0  0.420284  -0.0429913  0.770032  1  
0.0621281  -0.0493997  0.996835  0  -0.0768529  -0.996036  -0.0445702  0  0.995105  -0.073842  -0.0656796  0  0.420308  -0.0429846  0.769957  1  
0.0622631  -0.0494109  0.996826  0  -0.076832  -0.996038  -0.0445728  0  0.995098  -0.0738143  -0.0658139  0  0.420333  -0.0429745  0.769878  1  
0.0623892  -0.0494254  0.996818  0  -0.076814  -0.996039  -0.0445791  0  0.995091  -0.0737897  -0.0659399  0  0.420355  -0.0429662  0.769803  1  
0.0625214  -0.0494299  0.996809  0  -0.0767935  -0.99604  -0.0445752  0  0.995085  -0.0737629  -0.066071  0  0.42038  -0.0429564  0.769726  1  
0.0626546  -0.0494336  0.996801  0  -0.0767729  -0.996042  -0.0445704  0  0.995078  -0.0737362  -0.0662031  0  0.420404  -0.0429459  0.769647  1  
0.0627946  -0.0494428  0.996791  0  -0.0767547  -0.996044  -0.0445704  0  0.995071  -0.0737111  -0.0663424  0  0.420431  -0.0429376  0.769565  1  
0.062926  -0.0494552  0.996782  0  -0.0767402  -0.996045  -0.044574  0  0.995063  -0.0736899  -0.0664736  0  0.420455  -0.0429309  0.769488  1  
0.0630631  -0.0494613  0.996773  0  -0.0767215  -0.996046  -0.0445713  0  0.995056  -0.0736646  -0.0666098  0  0.420481  -0.0429213  0.769408  1  
0.0631993  -0.0494727  0.996764  0  -0.0766996  -0.996048  -0.044574  0  0.995049  -0.0736358  -0.0667454  0  0.420508  -0.0429115  0.769328  1  
0.0633342  -0.0494806  0.996755  0  -0.0766773  -0.996049  -0.0445735  0  0.995042  -0.0736069  -0.0668793  0  0.420534  -0.0428993  0.769249  1  
0.0634709  -0.049495  0.996746  0  -0.0766604  -0.996051  -0.0445789  0  0.995035  -0.0735829  -0.0670158  0  0.42056  -0.0428925  0.769169  1  
0.0636052  -0.0494988  0.996737  0  -0.0766427  -0.996052  -0.044574  0  0.995028  -0.073559  -0.0671491  0  0.420585  -0.0428834  0.76909  1  
0.063748  -0.0495032  0.996728  0  -0.0766235  -0.996054  -0.0445691  0  0.99502  -0.073533  -0.0672908  0  0.420612  -0.0428733  0.769006  1  
0.0638844  -0.0495118  0.996719  0  -0.0766015  -0.996056  -0.0445691  0  0.995013  -0.0735043  -0.0674264  0  0.420637  -0.0428629  0.768925  1  
0.0640235  -0.0495258  0.996709  0  -0.0765804  -0.996057  -0.0445743  0  0.995006  -0.073476  -0.067565  0  0.420663  -0.0428519  0.768844  1  
0.0641658  -0.049531  0.9967  0  -0.0765604  -0.996059  -0.0445704  0  0.994998  -0.0734492  -0.0677063  0  0.420691  -0.042842  0.768761  1  
0.0643012  -0.0495395  0.99669  0  -0.0765388  -0.99606  -0.0445703  0  0.994991  -0.073421  -0.0678408  0  0.420716  -0.0428328  0.76868  1  
0.0644415  -0.0495503  0.996681  0  -0.0765172  -0.996062  -0.0445722  0  0.994984  -0.0733924  -0.0679804  0  0.420744  -0.0428225  0.768597  1  
0.0645831  -0.0495566  0.996671  0  -0.0764979  -0.996063  -0.0445694  0  0.994976  -0.0733662  -0.0681211  0  0.420769  -0.0428138  0.768512  1  
0.0647121  -0.0495704  0.996662  0  -0.0764812  -0.996064  -0.0445748  0  0.994969  -0.0733429  -0.06825  0  0.420793  -0.0428055  0.768435  1  
0.0648498  -0.0495793  0.996653  0  -0.0764554  -0.996066  -0.0445754  0  0.994962  -0.0733102  -0.0683866  0  0.42082  -0.0427936  0.768353  1  
0.0649855  -0.0495856  0.996644  0  -0.0764366  -0.996068  -0.044573  0  0.994954  -0.0732849  -0.0685214  0  0.420845  -0.042783  0.768273  1  
0.0651261  -0.0495879  0.996635  0  -0.0764122  -0.99607  -0.0445666  0  0.994947  -0.073254  -0.0686606  0  0.420873  -0.0427718  0.768188  1  
0.065264  -0.0496011  0.996625  0  -0.076394  -0.996071  -0.0445709  0  0.994939  -0.0732287  -0.0687982  0  0.420898  -0.0427626  0.768106  1  
0.065401  -0.049609  0.996615  0  -0.0763777  -0.996073  -0.0445698  0  0.994932  -0.0732057  -0.0689345  0  0.420925  -0.0427542  0.768023  1  
0.0655425  -0.0496193  0.996606  0  -0.0763552  -0.996074  -0.0445712  0  0.994924  -0.0731761  -0.0690752  0  0.420951  -0.0427439  0.767938  1  
0.0656748  -0.0496298  0.996596  0  -0.0763351  -0.996076  -0.0445735  0  0.994917  -0.0731493  -0.0692069  0  0.420976  -0.0427335  0.767857  1  
0.0658165  -0.049636  0.996587  0  -0.0763133  -0.996078  -0.0445708  0  0.994909  -0.0731208  -0.0693475  0  0.421003  -0.0427222  0.767772  1  
0.0659513  -0.0496431  0.996578  0  -0.0762935  -0.996079  -0.0445693  0  0.994902  -0.0730944  -0.0694815  0  0.421029  -0.0427124  0.767689  1  
0.0660847  -0.0496503  0.996568  0  -0.0762707  -0.996081  -0.0445683  0  0.994895  -0.0730651  -0.0696139  0  0.421053  -0.0427025  0.767609  1  
0.0662256  -0.0496608  0.996558  0  -0.0762542  -0.996082  -0.0445696  0  0.994887  -0.0730416  -0.0697543  0  0.421081  -0.0426936  0.767524  1  
0.0663661  -0.0496705  0.996549  0  -0.0762352  -0.996084  -0.0445704  0  0.994879  -0.0730156  -0.0698942  0  0.421106  -0.0426834  0.767439  1  
0.0665053  -0.0496787  0.996539  0  -0.0762093  -0.996086  -0.0445702  0  0.994871  -0.0729828  -0.0700323  0  0.421134  -0.0426709  0.767356  1  
0.0666368  -0.0496858  0.99653  0  -0.0761899  -0.996087  -0.044569  0  0.994864  -0.0729569  -0.0701629  0  0.421158  -0.0426617  0.767276  1  
0.0667683  -0.0496878  0.996521  0  -0.0761671  -0.996089  -0.044563  0  0.994857  -0.0729281  -0.0702931  0  0.421183  -0.0426503  0.767197  1  
0.0669144  -0.0496924  0.996511  0  -0.0761413  -0.996091  -0.0445587  0  0.994849  -0.0728955  -0.0704378  0  0.42121  -0.0426366  0.767111  1  
0.0670552  -0.0497098  0.996501  0  -0.0761282  -0.996092  -0.0445667  0  0.994841  -0.0728748  -0.0705788  0  0.421235  -0.0426308  0.767028  1  
0.067196  -0.0497183  0.996491  0  -0.0761043  -0.996094  -0.0445666  0  0.994833  -0.072844  -0.0707186  0  0.421261  -0.0426187  0.766945  1  
0.0673382  -0.0497252  0.996481  0  -0.0760836  -0.996095  -0.0445646  0  0.994825  -0.0728163  -0.07086  0  0.421287  -0.0426081  0.766861  1  
0.0674765  -0.0497281  0.996471  0  -0.0760677  -0.996097  -0.0445585  0  0.994817  -0.072794  -0.0709972  0  0.421312  -0.0425998  0.766779  1  
0.0676271  -0.0497391  0.99646  0  -0.0760452  -0.996099  -0.0445601  0  0.994808  -0.0727639  -0.071147  0  0.42134  -0.042589  0.766692  1  
0.06777  -0.0497438  0.99645  0  -0.0760235  -0.9961  -0.0445558  0  0.9948  -0.0727355  -0.0712888  0  0.421367  -0.0425779  0.766608  1  
0.0679183  -0.049759  0.99644  0  -0.0760096  -0.996101  -0.0445612  0  0.994791  -0.0727139  -0.071437  0  0.421393  -0.0425709  0.766521  1  
0.0680718  -0.0497709  0.996429  0  -0.0759888  -0.996103  -0.0445634  0  0.994782  -0.0726853  -0.0715899  0  0.421423  -0.0425604  0.766432  1  
0.068209  -0.0497807  0.996419  0  -0.0759664  -0.996104  -0.0445648  0  0.994775  -0.0726561  -0.0717263  0  0.421447  -0.0425492  0.766351  1  
0.0683489  -0.0497821  0.996409  0  -0.0759492  -0.996106  -0.0445572  0  0.994766  -0.0726324  -0.071865  0  0.421473  -0.0425403  0.766269  1  
0.0684974  -0.0497856  0.996399  0  -0.0759285  -0.996108  -0.0445514  0  0.994758  -0.0726048  -0.0720124  0  0.421501  -0.0425291  0.766182  1  
0.0686419  -0.049794  0.996388  0  -0.0759074  -0.996109  -0.0445507  0  0.994749  -0.0725766  -0.0721559  0  0.421527  -0.0425187  0.766097  1  
0.0687842  -0.0498052  0.996378  0  -0.0758869  -0.996111  -0.044553  0  0.994741  -0.0725489  -0.0722976  0  0.421553  -0.042508  0.766013  1  
0.0689324  -0.0498147  0.996367  0  -0.0758691  -0.996112  -0.044553  0  0.994732  -0.0725237  -0.0724452  0  0.421581  -0.0424983  0.765926  1  
0.0690741  -0.0498272  0.996357  0  -0.0758501  -0.996114  -0.0445566  0  0.994724  -0.0724975  -0.0725864  0  0.421607  -0.0424891  0.765842  1  
0.0692223  -0.049829  0.996346  0  -0.0758282  -0.996116  -0.0445492  0  0.994715  -0.0724688  -0.0727333  0  0.421634  -0.0424776  0.765754  1  
0.0693606  -0.0498355  0.996336  0  -0.0758075  -0.996117  -0.0445472  0  0.994707  -0.0724414  -0.0728706  0  0.421659  -0.0424672  0.765672  1  
0.0695029  -0.0498435  0.996326  0  -0.0757914  -0.996118  -0.044546  0  0.994698  -0.0724183  -0.0730122  0  0.421685  -0.0424586  0.765588  1  
0.0696457  -0.0498579  0.996315  0  -0.0757743  -0.99612  -0.0445512  0  0.99469  -0.0723937  -0.0731548  0  0.421711  -0.0424501  0.765502  1  
0.0697903  -0.0498658  0.996305  0  -0.0757532  -0.996121  -0.0445501  0  0.994681  -0.0723655  -0.0732985  0  0.421738  -0.0424391  0.765417  1  
0.0699245  -0.0498703  0.996295  0  -0.0757333  -0.996123  -0.0445463  0  0.994673  -0.0723392  -0.0734317  0  0.421763  -0.0424288  0.765336  1  
0.0700695  -0.0498808  0.996285  0  -0.0757183  -0.996124  -0.0445474  0  0.994664  -0.072317  -0.0735763  0  0.421789  -0.0424215  0.765251  1  
0.0702115  -0.0498852  0.996274  0  -0.075701  -0.996126  -0.0445428  0  0.994655  -0.0722929  -0.0737172  0  0.421814  -0.0424121  0.765168  1  
0.0703564  -0.0498925  0.996264  0  -0.0756805  -0.996127  -0.0445411  0  0.994647  -0.0722654  -0.0738612  0  0.42184  -0.0424009  0.765082  1  
0.0704957  -0.0498958  0.996254  0  -0.0756622  -0.996129  -0.0445356  0  0.994638  -0.0722406  -0.0739995  0  0.421866  -0.0423906  0.764999  1  
0.0706346  -0.0499072  0.996243  0  -0.0756519  -0.996129  -0.0445377  0  0.994629  -0.0722232  -0.0741382  0  0.421891  -0.0423849  0.764917  1  
0.0707742  -0.0499196  0.996233  0  -0.0756351  -0.996131  -0.0445412  0  0.994621  -0.0721992  -0.0742775  0  0.421916  -0.042377  0.764834  1  
0.0709206  -0.049928  0.996222  0  -0.0756171  -0.996132  -0.0445403  0  0.994612  -0.072174  -0.0744231  0  0.421942  -0.0423669  0.764748  1  
0.071062  -0.0499276  0.996212  0  -0.0755972  -0.996134  -0.0445312  0  0.994603  -0.0721477  -0.0745631  0  0.421969  -0.0423557  0.764665  1  
0.0712096  -0.0499392  0.996201  0  -0.0755851  -0.996135  -0.044533  0  0.994593  -0.0721281  -0.0747105  0  0.421996  -0.0423495  0.764578  1  
0.0713538  -0.0499511  0.99619  0  -0.0755707  -0.996136  -0.0445355  0  0.994584  -0.0721064  -0.0748543  0  0.422021  -0.0423415  0.764494  1  
0.0715001  -0.0499605  0.996179  0  -0.0755624  -0.996136  -0.0445349  0  0.994574  -0.0720908  -0.0750004  0  0.422048  -0.0423369  0.764407  1  
0.0716495  -0.049966  0.996168  0  -0.0755439  -0.996138  -0.044531  0  0.994565  -0.0720652  -0.0751489  0  0.422075  -0.0423261  0.764322  1  
0.0717839  -0.0499763  0.996158  0  -0.075528  -0.996139  -0.0445328  0  0.994556  -0.0720425  -0.0752829  0  0.422099  -0.0423182  0.764241  1  
0.0719311  -0.0499789  0.996147  0  -0.0755162  -0.99614  -0.0445255  0  0.994547  -0.0720238  -0.0754292  0  0.422125  -0.0423115  0.764156  1  
0.072073  -0.0499888  0.996136  0  -0.0755001  -0.996141  -0.0445264  0  0.994538  -0.0720007  -0.0755705  0  0.422151  -0.0423026  0.764072  1  
0.0722111  -0.0500016  0.996126  0  -0.0754907  -0.996142  -0.04453  0  0.994528  -0.071984  -0.0757087  0  0.422176  -0.042297  0.76399  1  
0.0723646  -0.0500099  0.996114  0  -0.0754769  -0.996143  -0.0445282  0  0.994518  -0.0719627  -0.0758616  0  0.422205  -0.042289  0.763901  1  
0.0725019  -0.0500163  0.996104  0  -0.0754656  -0.996144  -0.0445256  0  0.994509  -0.0719447  -0.0759983  0  0.422229  -0.0422846  0.763819  1  
0.0726456  -0.0500198  0.996093  0  -0.0754492  -0.996146  -0.0445199  0  0.9945  -0.0719216  -0.076141  0  0.422255  -0.0422744  0.763734  1  
0.0727867  -0.0500288  0.996082  0  -0.0754341  -0.996147  -0.0445199  0  0.994491  -0.0718995  -0.0762816  0  0.42228  -0.0422663  0.763651  1  
0.0729286  -0.0500459  0.996071  0  -0.0754308  -0.996147  -0.044527  0  0.99448  -0.0718885  -0.0764241  0  0.422305  -0.0422649  0.763566  1  
0.0730687  -0.0500519  0.99606  0  -0.075417  -0.996148  -0.0445238  0  0.994471  -0.071868  -0.0765635  0  0.422329  -0.042256  0.763483  1  
0.0732122  -0.0500616  0.996049  0  -0.0754056  -0.996149  -0.0445241  0  0.994462  -0.0718494  -0.0767067  0  0.422355  -0.0422503  0.763398  1  
0.0733513  -0.0500687  0.996039  0  -0.0753956  -0.99615  -0.0445219  0  0.994452  -0.0718326  -0.0768453  0  0.42238  -0.0422443  0.763315  1  
0.0735012  -0.0500867  0.996027  0  -0.075391  -0.99615  -0.0445294  0  0.994441  -0.0718199  -0.0769957  0  0.422407  -0.0422423  0.763227  1  
0.0736423  -0.0500895  0.996016  0  -0.0753775  -0.996151  -0.0445231  0  0.994432  -0.0717999  -0.077136  0  0.422432  -0.0422332  0.763144  1  
0.0737833  -0.0500975  0.996006  0  -0.0753661  -0.996152  -0.0445218  0  0.994422  -0.0717815  -0.0772765  0  0.422457  -0.0422268  0.76306  1  
0.0739307  -0.0501136  0.995994  0  -0.0753554  -0.996152  -0.0445281  0  0.994412  -0.0717628  -0.0774241  0  0.422483  -0.0422219  0.762973  1  
0.0740821  -0.0501196  0.995982  0  -0.0753494  -0.996153  -0.0445236  0  0.994401  -0.0717496  -0.0775751  0  0.422511  -0.0422167  0.762884  1  
0.0742221  -0.0501255  0.995972  0  -0.0753423  -0.996154  -0.04452  0  0.994391  -0.0717358  -0.0777146  0  0.422534  -0.0422133  0.762801  1  
0.0743667  -0.0501339  0.99596  0  -0.075333  -0.996154  -0.0445187  0  0.994381  -0.0717193  -0.077859  0  0.42256  -0.0422077  0.762715  1  
0.0745107  -0.0501469  0.995949  0  -0.0753238  -0.996155  -0.044522  0  0.994371  -0.0717026  -0.0780029  0  0.422586  -0.0422026  0.762631  1  
0.0746596  -0.050152  0.995937  0  -0.0753112  -0.996156  -0.0445174  0  0.994361  -0.071683  -0.0781511  0  0.422612  -0.0421942  0.762543  1  
0.0748034  -0.0501679  0.995926  0  -0.0753117  -0.996156  -0.0445229  0  0.99435  -0.0716758  -0.0782956  0  0.422636  -0.0421939  0.762458  1  
0.0749473  -0.0501701  0.995915  0  -0.0752989  -0.996157  -0.0445157  0  0.99434  -0.0716563  -0.0784386  0  0.422662  -0.0421858  0.762372  1  
0.0750978  -0.0501862  0.995903  0  -0.0752941  -0.996157  -0.0445214  0  0.994329  -0.0716435  -0.0785895  0  0.42269  -0.0421837  0.762284  1  
0.0752383  -0.0501897  0.995892  0  -0.075284  -0.996158  -0.0445155  0  0.99432  -0.0716269  -0.0787292  0  0.422713  -0.0421772  0.762201  1  
0.0753783  -0.0502064  0.995881  0  -0.0752765  -0.996159  -0.0445227  0  0.994309  -0.0716118  -0.0788696  0  0.422737  -0.0421734  0.762117  1  
0.0755236  -0.0502177  0.995869  0  -0.0752721  -0.996159  -0.044524  0  0.994299  -0.0715999  -0.079015  0  0.422763  -0.0421691  0.762032  1  
0.0756647  -0.05023  0.995858  0  -0.0752633  -0.996159  -0.0445268  0  0.994289  -0.0715838  -0.0791561  0  0.422788  -0.0421641  0.761948  1  
0.0758027  -0.0502373  0.995847  0  -0.0752571  -0.99616  -0.0445246  0  0.994279  -0.0715708  -0.0792939  0  0.42281  -0.0421603  0.761865  1  
0.0759468  -0.0502439  0.995836  0  -0.075252  -0.996161  -0.0445212  0  0.994268  -0.0715587  -0.0794377  0  0.422837  -0.0421568  0.76178  1  
0.0760979  -0.0502548  0.995823  0  -0.0752467  -0.996161  -0.0445217  0  0.994257  -0.0715458  -0.0795888  0  0.422863  -0.0421535  0.761692  1  
0.0762457  -0.0502677  0.995811  0  -0.0752338  -0.996162  -0.044525  0  0.994247  -0.0715253  -0.0797364  0  0.422889  -0.0421458  0.761606  1  
0.0763837  -0.0502699  0.995801  0  -0.0752287  -0.996162  -0.0445177  0  0.994236  -0.0715137  -0.0798738  0  0.422913  -0.0421414  0.761525  1  
0.0765279  -0.0502872  0.995789  0  -0.0752248  -0.996162  -0.0445249  0  0.994226  -0.071502  -0.0800186  0  0.422938  -0.0421394  0.761438  1  
0.0766677  -0.0503016  0.995777  0  -0.0752227  -0.996162  -0.0445294  0  0.994215  -0.0714924  -0.0801588  0  0.422961  -0.042138  0.761354  1  
0.0768163  -0.0503114  0.995765  0  -0.0752146  -0.996163  -0.0445292  0  0.994204  -0.071477  -0.0803073  0  0.422987  -0.0421323  0.761268  1  
0.0769557  -0.0503174  0.995754  0  -0.0752143  -0.996163  -0.0445253  0  0.994193  -0.0714698  -0.0804465  0  0.42301  -0.0421313  0.761185  1  
0.0770984  -0.050332  0.995743  0  -0.0752046  -0.996164  -0.0445303  0  0.994183  -0.0714526  -0.0805894  0  0.423037  -0.0421253  0.761101  1  
0.0772391  -0.0503437  0.995731  0  -0.0752024  -0.996164  -0.0445321  0  0.994172  -0.0714431  -0.0807303  0  0.423061  -0.042124  0.761017  1  
0.0773788  -0.0503528  0.99572  0  -0.0751964  -0.996164  -0.0445317  0  0.994162  -0.0714301  -0.0808699  0  0.423085  -0.0421201  0.760934  1  
0.0775194  -0.0503634  0.995708  0  -0.0751951  -0.996164  -0.0445322  0  0.994151  -0.0714216  -0.0810107  0  0.42311  -0.0421172  0.76085  1  
0.0776685  -0.0503727  0.995696  0  -0.0751902  -0.996165  -0.0445312  0  0.99414  -0.0714093  -0.0811597  0  0.423135  -0.0421148  0.760763  1  
0.0778059  -0.0503741  0.995685  0  -0.0751831  -0.996166  -0.0445233  0  0.99413  -0.0713959  -0.0812964  0  0.423159  -0.0421096  0.760683  1  
0.0779509  -0.0503888  0.995673  0  -0.0751821  -0.996165  -0.0445277  0  0.994118  -0.0713872  -0.0814419  0  0.423184  -0.042107  0.760596  1  
0.0780944  -0.0504048  0.995661  0  -0.0751824  -0.996165  -0.0445334  0  0.994107  -0.0713797  -0.081586  0  0.423209  -0.0421072  0.760511  1  
0.0782358  -0.0504098  0.99565  0  -0.0751742  -0.996166  -0.044529  0  0.994096  -0.0713648  -0.0817269  0  0.423234  -0.0421011  0.760429  1  
0.0783799  -0.0504219  0.995638  0  -0.0751741  -0.996166  -0.0445306  0  0.994085  -0.0713573  -0.0818714  0  0.42326  -0.0421  0.760343  1  
0.0785211  -0.0504304  0.995626  0  -0.0751726  -0.996166  -0.0445292  0  0.994074  -0.0713488  -0.0820127  0  0.423285  -0.0420984  0.760259  1  
0.0786647  -0.0504409  0.995615  0  -0.0751706  -0.996166  -0.0445295  0  0.994063  -0.0713394  -0.0821564  0  0.42331  -0.0420967  0.760175  1  
0.0788057  -0.0504523  0.995603  0  -0.0751644  -0.996167  -0.0445313  0  0.994052  -0.071326  -0.0822974  0  0.423335  -0.0420913  0.760092  1  
0.0789466  -0.0504606  0.995591  0  -0.0751617  -0.996167  -0.0445297  0  0.994041  -0.0713163  -0.0824383  0  0.423359  -0.0420887  0.760009  1  
0.0790845  -0.0504826  0.995579  0  -0.0751694  -0.996166  -0.0445412  0  0.99403  -0.071316  -0.0825777  0  0.423384  -0.0420927  0.759926  1  
0.079227  -0.0504873  0.995568  0  -0.0751645  -0.996166  -0.0445361  0  0.994019  -0.0713043  -0.0827198  0  0.423409  -0.0420877  0.759841  1  
0.0793698  -0.0504976  0.995556  0  -0.0751645  -0.996166  -0.0445362  0  0.994007  -0.071297  -0.0828628  0  0.423434  -0.0420865  0.759758  1  
0.0795105  -0.050506  0.995544  0  -0.0751655  -0.996166  -0.0445344  0  0.993996  -0.071291  -0.0830036  0  0.423459  -0.0420858  0.759673  1  
0.0796471  -0.0505153  0.995533  0  -0.075169  -0.996166  -0.0445336  0  0.993985  -0.0712876  -0.0831405  0  0.423482  -0.0420857  0.759593  1  
0.0797905  -0.050527  0.995521  0  -0.0751618  -0.996167  -0.0445356  0  0.993974  -0.071273  -0.083284  0  0.423509  -0.0420809  0.759508  1  
0.0799244  -0.0505383  0.995509  0  -0.0751658  -0.996166  -0.044537  0  0.993963  -0.07127  -0.0834183  0  0.423532  -0.0420801  0.759429  1  
