0.0491866  -0.0485478  0.997599  0  -0.0790286  -0.995866  -0.044567  0  0.995658  -0.0766483  -0.052821  0  0.41793  -0.0440047  0.776726  1  
0.0491852  -0.0485464  0.9976  0  -0.0790258  -0.995866  -0.0445658  0  0.995658  -0.0766456  -0.0528193  0  0.417929  -0.0440017  0.776727  1  
0.0491808  -0.0485539  0.997599  0  -0.0790289  -0.995866  -0.0445735  0  0.995658  -0.0766485  -0.0528156  0  0.417928  -0.0440037  0.776728  1  
0.0491802  -0.0485578  0.997599  0  -0.0790277  -0.995866  -0.0445775  0  0.995658  -0.0766472  -0.0528153  0  0.417928  -0.0440045  0.776728  1  
0.0491901  -0.0485512  0.997599  0  -0.0790258  -0.995866  -0.0445702  0  0.995658  -0.0766452  -0.0528245  0  0.417927  -0.0440028  0.776724  1  
0.0492111  -0.0485594  0.997598  0  -0.0790303  -0.995865  -0.0445766  0  0.995657  -0.0766482  -0.0528463  0  0.417929  -0.0440058  0.776717  1  
0.0492406  -0.0485606  0.997596  0  -0.0790215  -0.995866  -0.0445759  0  0.995656  -0.076638  -0.0528754  0  0.417932  -0.0440001  0.776706  1  
0.0492735  -0.0485656  0.997594  0  -0.0790218  -0.995866  -0.0445784  0  0.995654  -0.0766367  -0.0529086  0  0.417936  -0.0440024  0.776694  1  
0.0493096  -0.0485594  0.997593  0  -0.0790202  -0.995867  -0.0445696  0  0.995653  -0.0766337  -0.0529439  0  0.417942  -0.0440008  0.77668  1  
0.0493439  -0.0485597  0.997591  0  -0.0790178  -0.995867  -0.0445673  0  0.995651  -0.0766298  -0.052978  0  0.417948  -0.0439996  0.776666  1  
0.0493814  -0.0485721  0.997589  0  -0.0790195  -0.995866  -0.0445767  0  0.995649  -0.0766291  -0.0530165  0  0.417956  -0.0440006  0.77665  1  
0.0494199  -0.0485781  0.997586  0  -0.0790133  -0.995867  -0.0445801  0  0.995648  -0.0766209  -0.053055  0  0.417965  -0.0439986  0.776633  1  
0.0494515  -0.0485695  0.997585  0  -0.079004  -0.995868  -0.0445696  0  0.995647  -0.0766107  -0.0530853  0  0.417971  -0.0439945  0.776621  1  
0.0494847  -0.0485777  0.997583  0  -0.0789955  -0.995868  -0.0445757  0  0.995646  -0.0766002  -0.0531187  0  0.417976  -0.0439903  0.776606  1  
0.0495138  -0.048583  0.997581  0  -0.0789934  -0.995868  -0.0445789  0  0.995645  -0.0765966  -0.053148  0  0.417981  -0.0439896  0.776593  1  
0.0495452  -0.0485812  0.99758  0  -0.0789795  -0.995869  -0.0445753  0  0.995644  -0.0765814  -0.0531785  0  0.417986  -0.0439828  0.776581  1  
0.0495731  -0.048582  0.997579  0  -0.0789735  -0.99587  -0.0445743  0  0.995643  -0.076574  -0.053206  0  0.417989  -0.0439807  0.776569  1  
0.0496234  -0.0485853  0.997576  0  -0.0789618  -0.995871  -0.0445744  0  0.995642  -0.0765599  -0.0532559  0  0.417999  -0.0439749  0.776548  1  
0.0496579  -0.0485916  0.997574  0  -0.0789552  -0.995871  -0.0445783  0  0.99564  -0.0765515  -0.0532905  0  0.418004  -0.0439736  0.776533  1  
0.0496905  -0.0485911  0.997572  0  -0.0789392  -0.995873  -0.0445762  0  0.99564  -0.0765341  -0.0533222  0  0.418009  -0.0439651  0.776519  1  
0.0497244  -0.0485911  0.997571  0  -0.0789324  -0.995873  -0.044574  0  0.995639  -0.0765257  -0.0533557  0  0.418014  -0.0439629  0.776504  1  
0.0497586  -0.0485931  0.997569  0  -0.0789213  -0.995874  -0.0445739  0  0.995638  -0.076513  -0.0533893  0  0.41802  -0.0439574  0.776488  1  
0.0497958  -0.0485958  0.997567  0  -0.0789066  -0.995875  -0.0445746  0  0.995637  -0.0764965  -0.0534259  0  0.418025  -0.0439511  0.776471  1  
0.0498276  -0.0486048  0.997565  0  -0.0789034  -0.995875  -0.0445813  0  0.995636  -0.0764913  -0.0534582  0  0.41803  -0.0439513  0.776457  1  
0.0498645  -0.0486001  0.997563  0  -0.0788906  -0.995877  -0.0445745  0  0.995635  -0.0764771  -0.053494  0  0.418035  -0.0439445  0.776441  1  
0.0498982  -0.0486076  0.997561  0  -0.0788801  -0.995877  -0.04458  0  0.995634  -0.0764647  -0.0535277  0  0.418039  -0.0439415  0.776426  1  
0.0499392  -0.0486072  0.997559  0  -0.0788706  -0.995878  -0.044577  0  0.995633  -0.0764534  -0.0535681  0  0.418045  -0.0439369  0.776409  1  
0.0499808  -0.0486084  0.997557  0  -0.0788589  -0.995879  -0.0445756  0  0.995632  -0.0764398  -0.0536091  0  0.418051  -0.043931  0.77639  1  
0.050019  -0.0486089  0.997555  0  -0.0788481  -0.99588  -0.0445737  0  0.995631  -0.0764273  -0.0536467  0  0.418055  -0.0439273  0.776374  1  
0.0500634  -0.0486082  0.997553  0  -0.0788334  -0.995881  -0.0445704  0  0.99563  -0.0764106  -0.0536902  0  0.418062  -0.0439196  0.776356  1  
0.0501091  -0.0486149  0.99755  0  -0.0788281  -0.995882  -0.0445739  0  0.995628  -0.076403  -0.0537359  0  0.418069  -0.0439178  0.776337  1  
0.0501529  -0.0486156  0.997548  0  -0.0788173  -0.995882  -0.0445718  0  0.995627  -0.0763901  -0.0537792  0  0.418075  -0.0439131  0.776318  1  
0.0502008  -0.0486095  0.997546  0  -0.0788045  -0.995884  -0.0445627  0  0.995625  -0.0763755  -0.0538258  0  0.418082  -0.0439068  0.776299  1  
0.0502572  -0.0486186  0.997543  0  -0.0787937  -0.995885  -0.0445681  0  0.995623  -0.0763616  -0.0538822  0  0.418091  -0.0439011  0.776275  1  
0.050304  -0.0486247  0.99754  0  -0.0787816  -0.995885  -0.0445713  0  0.995622  -0.0763471  -0.0539288  0  0.418098  -0.0438963  0.776256  1  
0.0503672  -0.0486274  0.997537  0  -0.0787696  -0.995886  -0.0445697  0  0.99562  -0.0763322  -0.0539914  0  0.418108  -0.0438917  0.776229  1  
0.0504194  -0.048629  0.997534  0  -0.0787612  -0.995887  -0.0445678  0  0.995618  -0.0763213  -0.0540431  0  0.418115  -0.0438883  0.776208  1  
0.0504705  -0.0486382  0.997531  0  -0.0787502  -0.995888  -0.0445737  0  0.995616  -0.0763076  -0.0540942  0  0.418122  -0.043883  0.776187  1  
0.0505342  -0.0486402  0.997528  0  -0.0787356  -0.995889  -0.0445716  0  0.995614  -0.07629  -0.0541572  0  0.418135  -0.0438758  0.77616  1  
0.0505954  -0.048639  0.997524  0  -0.0787231  -0.99589  -0.0445664  0  0.995612  -0.0762748  -0.0542175  0  0.418145  -0.0438705  0.776135  1  
0.0506552  -0.0486425  0.997521  0  -0.0787086  -0.995891  -0.0445661  0  0.99561  -0.0762574  -0.0542767  0  0.418155  -0.0438636  0.77611  1  
0.0507204  -0.048644  0.997518  0  -0.0786987  -0.995892  -0.0445632  0  0.995607  -0.0762446  -0.0543414  0  0.418166  -0.0438581  0.776083  1  
0.0507919  -0.0486525  0.997514  0  -0.0786822  -0.995893  -0.0445671  0  0.995605  -0.0762244  -0.0544125  0  0.41818  -0.0438511  0.776053  1  
0.0508481  -0.0486518  0.997511  0  -0.0786715  -0.995894  -0.0445626  0  0.995603  -0.0762113  -0.0544679  0  0.418189  -0.0438464  0.77603  1  
0.0509213  -0.0486522  0.997507  0  -0.0786609  -0.995895  -0.0445581  0  0.9956  -0.0761974  -0.0545404  0  0.418203  -0.0438409  0.775999  1  
0.0509896  -0.048662  0.997503  0  -0.0786497  -0.995896  -0.0445632  0  0.995597  -0.0761826  -0.0546087  0  0.418214  -0.0438358  0.77597  1  
0.0510499  -0.0486665  0.9975  0  -0.0786367  -0.995897  -0.0445638  0  0.995595  -0.0761666  -0.0546685  0  0.418226  -0.0438288  0.775944  1  
0.0511242  -0.04867  0.997496  0  -0.078625  -0.995898  -0.0445623  0  0.995592  -0.0761514  -0.0547422  0  0.41824  -0.0438241  0.775912  1  
0.0511958  -0.0486696  0.997492  0  -0.0786114  -0.995899  -0.0445572  0  0.99559  -0.0761346  -0.0548129  0  0.418255  -0.0438174  0.77588  1  
0.0512645  -0.0486773  0.997488  0  -0.0786047  -0.9959  -0.04456  0  0.995587  -0.0761244  -0.0548816  0  0.418269  -0.0438143  0.77585  1  
0.0513359  -0.0486764  0.997485  0  -0.0785949  -0.995901  -0.0445542  0  0.995584  -0.0761114  -0.0549522  0  0.418283  -0.0438091  0.775816  1  
0.0513994  -0.0486817  0.997481  0  -0.0785849  -0.995902  -0.0445552  0  0.995581  -0.0760983  -0.0550154  0  0.418296  -0.0438049  0.775789  1  
0.0514719  -0.0486897  0.997477  0  -0.078572  -0.995902  -0.0445584  0  0.995579  -0.0760817  -0.0550877  0  0.418311  -0.0437978  0.775754  1  
0.0515357  -0.0486939  0.997474  0  -0.0785612  -0.995903  -0.0445583  0  0.995576  -0.0760679  -0.0551511  0  0.418323  -0.0437927  0.775725  1  
0.0516042  -0.04869  0.99747  0  -0.0785527  -0.995904  -0.0445497  0  0.995573  -0.0760565  -0.0552186  0  0.418338  -0.0437888  0.775693  1  
0.0516582  -0.0486907  0.997467  0  -0.0785425  -0.995905  -0.0445468  0  0.995571  -0.0760438  -0.055272  0  0.418349  -0.0437849  0.775667  1  
0.0517201  -0.0487013  0.997464  0  -0.0785298  -0.995906  -0.0445534  0  0.995569  -0.0760278  -0.0553339  0  0.418361  -0.0437791  0.775635  1  
0.0517752  -0.0487025  0.997461  0  -0.0785174  -0.995907  -0.0445511  0  0.995567  -0.0760129  -0.0553884  0  0.418373  -0.0437731  0.775608  1  
0.0518416  -0.0486995  0.997458  0  -0.0785092  -0.995908  -0.0445434  0  0.995564  -0.0760018  -0.0554539  0  0.418387  -0.0437692  0.775576  1  
0.0518988  -0.0487031  0.997454  0  -0.0784984  -0.995909  -0.0445433  0  0.995562  -0.0759883  -0.0555107  0  0.418399  -0.0437644  0.775547  1  
0.051965  -0.0487099  0.997451  0  -0.0784837  -0.99591  -0.0445458  0  0.99556  -0.0759702  -0.0555765  0  0.418414  -0.0437567  0.775513  1  
0.0520208  -0.048713  0.997448  0  -0.0784736  -0.995911  -0.0445452  0  0.995558  -0.0759575  -0.0556319  0  0.418425  -0.0437528  0.775485  1  
0.0520851  -0.0487124  0.997444  0  -0.0784619  -0.995912  -0.0445404  0  0.995555  -0.075943  -0.0556954  0  0.41844  -0.0437476  0.775452  1  
0.0521494  -0.0487193  0.997441  0  -0.0784542  -0.995912  -0.0445428  0  0.995553  -0.075932  -0.0557595  0  0.418454  -0.0437442  0.77542  1  
0.0522161  -0.0487256  0.997437  0  -0.0784472  -0.995913  -0.0445444  0  0.99555  -0.0759217  -0.0558261  0  0.418469  -0.0437408  0.775386  1  
0.0522824  -0.0487236  0.997433  0  -0.0784349  -0.995914  -0.0445381  0  0.995547  -0.0759065  -0.0558915  0  0.418483  -0.043734  0.775353  1  
0.0523443  -0.0487257  0.99743  0  -0.0784271  -0.995915  -0.0445359  0  0.995545  -0.0758958  -0.055953  0  0.418497  -0.0437304  0.775321  1  
0.0524116  -0.0487324  0.997426  0  -0.0784165  -0.995916  -0.044538  0  0.995542  -0.0758818  -0.0560201  0  0.418514  -0.0437264  0.775288  1  
0.0524838  -0.0487449  0.997422  0  -0.0784018  -0.995916  -0.0445459  0  0.995539  -0.0758631  -0.0560923  0  0.41853  -0.0437199  0.775251  1  
0.0525567  -0.048746  0.997418  0  -0.0783972  -0.995917  -0.0445417  0  0.995536  -0.0758552  -0.0561648  0  0.418546  -0.0437165  0.775215  1  
0.0526355  -0.0487488  0.997414  0  -0.0783849  -0.995918  -0.0445392  0  0.995533  -0.0758393  -0.0562429  0  0.418564  -0.0437104  0.775174  1  
0.0527067  -0.0487545  0.99741  0  -0.0783786  -0.995919  -0.0445398  0  0.995529  -0.0758294  -0.056314  0  0.418581  -0.0437082  0.775138  1  
0.052778  -0.0487591  0.997406  0  -0.078365  -0.99592  -0.0445397  0  0.995527  -0.0758124  -0.0563848  0  0.4186  -0.0437004  0.775102  1  
0.0528537  -0.0487638  0.997401  0  -0.0783586  -0.99592  -0.044539  0  0.995523  -0.0758023  -0.0564602  0  0.418617  -0.0436984  0.775063  1  
0.0529304  -0.0487586  0.997397  0  -0.0783481  -0.995921  -0.0445286  0  0.99552  -0.0757887  -0.0565357  0  0.418636  -0.0436922  0.775024  1  
0.0530058  -0.0487689  0.997393  0  -0.0783439  -0.995922  -0.0445334  0  0.995516  -0.0757806  -0.0566114  0  0.418655  -0.0436904  0.774984  1  
0.0530876  -0.048775  0.997388  0  -0.0783363  -0.995922  -0.0445337  0  0.995512  -0.075769  -0.0566931  0  0.418676  -0.0436877  0.774941  1  
0.0531691  -0.0487755  0.997384  0  -0.0783238  -0.995923  -0.0445287  0  0.995509  -0.0757528  -0.0567737  0  0.418696  -0.0436805  0.774898  1  
0.0532405  -0.0487809  0.99738  0  -0.0783201  -0.995924  -0.0445289  0  0.995506  -0.0757457  -0.0568451  0  0.418715  -0.0436797  0.774859  1  
0.0533147  -0.048788  0.997376  0  -0.0783178  -0.995924  -0.0445305  0  0.995502  -0.0757396  -0.0569195  0  0.418735  -0.0436779  0.774818  1  
0.0533907  -0.0487877  0.997372  0  -0.0783067  -0.995925  -0.0445251  0  0.995499  -0.0757251  -0.0569947  0  0.418755  -0.0436722  0.774778  1  
0.0534641  -0.0487911  0.997367  0  -0.0783037  -0.995925  -0.044523  0  0.995495  -0.0757187  -0.0570678  0  0.418773  -0.0436719  0.774737  1  
0.0535418  -0.0487983  0.997363  0  -0.078296  -0.995926  -0.0445248  0  0.995491  -0.0757071  -0.0571454  0  0.418795  -0.0436681  0.774695  1  
0.0536146  -0.0488064  0.997359  0  -0.0782858  -0.995926  -0.044528  0  0.995488  -0.0756932  -0.0572181  0  0.418813  -0.0436627  0.774655  1  
0.0536984  -0.0488075  0.997354  0  -0.0782783  -0.995927  -0.0445231  0  0.995484  -0.0756818  -0.0573014  0  0.418835  -0.0436593  0.77461  1  
0.0537818  -0.0488163  0.997349  0  -0.0782752  -0.995927  -0.0445257  0  0.99548  -0.0756745  -0.057385  0  0.418857  -0.0436574  0.774565  1  
0.0538571  -0.0488242  0.997345  0  -0.0782701  -0.995928  -0.0445282  0  0.995476  -0.0756655  -0.0574604  0  0.418877  -0.0436561  0.774525  1  
0.0539385  -0.048821  0.99734  0  -0.0782675  -0.995928  -0.044519  0  0.995472  -0.0756595  -0.0575411  0  0.418899  -0.0436542  0.774481  1  
0.0540194  -0.0488354  0.997335  0  -0.0782588  -0.995929  -0.0445278  0  0.995468  -0.0756464  -0.0576224  0  0.418919  -0.0436508  0.774437  1  
0.0540986  -0.0488366  0.997331  0  -0.0782529  -0.995929  -0.0445232  0  0.995465  -0.0756368  -0.0577011  0  0.418939  -0.0436465  0.774395  1  
0.0541808  -0.0488411  0.997326  0  -0.0782495  -0.99593  -0.0445217  0  0.99546  -0.0756295  -0.0577832  0  0.41896  -0.0436457  0.77435  1  
0.0542667  -0.0488477  0.997321  0  -0.0782452  -0.99593  -0.044522  0  0.995456  -0.075621  -0.057869  0  0.418981  -0.0436437  0.774304  1  
0.0543541  -0.0488564  0.997316  0  -0.0782396  -0.99593  -0.0445245  0  0.995452  -0.075611  -0.0579565  0  0.419004  -0.0436422  0.774257  1  
0.0544413  -0.0488567  0.997311  0  -0.078235  -0.995931  -0.0445184  0  0.995447  -0.0756025  -0.0580432  0  0.419026  -0.0436389  0.77421  1  
0.0545272  -0.048865  0.997306  0  -0.0782332  -0.995931  -0.0445203  0  0.995443  -0.0755963  -0.0581293  0  0.419048  -0.0436385  0.774163  1  
0.0546157  -0.0488767  0.997301  0  -0.0782272  -0.995931  -0.0445256  0  0.995438  -0.0755858  -0.058218  0  0.419072  -0.0436356  0.774115  1  
0.0547012  -0.0488819  0.997296  0  -0.0782248  -0.995931  -0.0445244  0  0.995434  -0.0755792  -0.0583035  0  0.419092  -0.0436337  0.774068  1  
0.0547851  -0.0488879  0.997291  0  -0.0782242  -0.995931  -0.0445241  0  0.995429  -0.0755745  -0.0583875  0  0.419113  -0.0436346  0.774023  1  
0.0548725  -0.0488949  0.997286  0  -0.0782214  -0.995932  -0.0445247  0  0.995425  -0.0755674  -0.058475  0  0.419136  -0.0436336  0.773975  1  
0.0549608  -0.0488993  0.997281  0  -0.0782134  -0.995932  -0.0445228  0  0.99542  -0.0755551  -0.058563  0  0.419159  -0.043629  0.773927  1  
0.0550586  -0.0489092  0.997275  0  -0.0782217  -0.995932  -0.0445247  0  0.995414  -0.0755585  -0.0586615  0  0.419183  -0.0436333  0.773874  1  
0.0551482  -0.0489122  0.99727  0  -0.0782253  -0.995931  -0.0445208  0  0.995409  -0.075558  -0.0587512  0  0.419206  -0.0436363  0.773825  1  
0.0552381  -0.0489151  0.997265  0  -0.078218  -0.995932  -0.0445172  0  0.995405  -0.0755464  -0.0588406  0  0.419229  -0.0436315  0.773776  1  
0.0553345  -0.048932  0.997258  0  -0.0782204  -0.995932  -0.0445267  0  0.995399  -0.0755436  -0.058938  0  0.419253  -0.0436328  0.773723  1  
0.0554284  -0.048938  0.997253  0  -0.0782279  -0.995931  -0.0445251  0  0.995393  -0.0755465  -0.0590323  0  0.419276  -0.0436363  0.773671  1  
0.0555296  -0.0489485  0.997247  0  -0.078229  -0.995931  -0.0445279  0  0.995388  -0.0755425  -0.0591339  0  0.419302  -0.0436373  0.773617  1  
0.0556236  -0.0489561  0.997241  0  -0.0782301  -0.995931  -0.0445283  0  0.995382  -0.075539  -0.0592283  0  0.419324  -0.0436382  0.773565  1  
0.0557191  -0.0489663  0.997235  0  -0.0782327  -0.99593  -0.0445311  0  0.995377  -0.0755367  -0.0593242  0  0.419348  -0.0436402  0.773511  1  
0.0558169  -0.0489784  0.997229  0  -0.0782405  -0.99593  -0.0445353  0  0.995371  -0.0755394  -0.059423  0  0.419374  -0.0436448  0.773456  1  
0.0559132  -0.0489883  0.997223  0  -0.0782391  -0.99593  -0.0445379  0  0.995365  -0.0755331  -0.0595195  0  0.419397  -0.0436456  0.773403  1  
0.0560114  -0.0489967  0.997218  0  -0.0782459  -0.995929  -0.0445385  0  0.995359  -0.075535  -0.0596184  0  0.419422  -0.0436488  0.773349  1  
0.0561026  -0.0490096  0.997212  0  -0.0782519  -0.995928  -0.0445441  0  0.995354  -0.0755361  -0.0597104  0  0.419445  -0.0436527  0.773298  1  
0.0561994  -0.0490247  0.997206  0  -0.0782589  -0.995927  -0.0445514  0  0.995348  -0.0755379  -0.0598083  0  0.419469  -0.0436584  0.773243  1  
0.0562982  -0.0490295  0.9972  0  -0.0782597  -0.995927  -0.0445487  0  0.995342  -0.075534  -0.0599071  0  0.419494  -0.0436586  0.773188  1  
0.0563892  -0.049039  0.997194  0  -0.0782669  -0.995927  -0.0445508  0  0.995336  -0.0755366  -0.0599988  0  0.419515  -0.0436619  0.773137  1  
0.0564918  -0.0490581  0.997187  0  -0.078278  -0.995925  -0.0445615  0  0.99533  -0.0755419  -0.0601029  0  0.41954  -0.0436692  0.773079  1  
0.0565937  -0.0490691  0.997181  0  -0.0782861  -0.995925  -0.0445642  0  0.995323  -0.0755449  -0.0602057  0  0.419564  -0.043675  0.773021  1  
0.0568915  -0.04911  0.997162  0  -0.0783112  -0.995922  -0.044581  0  0.995304  -0.0755542  -0.0605065  0  0.419633  -0.0436899  0.772854  1  
0.0569893  -0.0491209  0.997156  0  -0.0783236  -0.995921  -0.0445837  0  0.995298  -0.0755615  -0.0606053  0  0.419656  -0.0436977  0.772799  1  
0.0570882  -0.049131  0.99715  0  -0.0783335  -0.99592  -0.0445857  0  0.995291  -0.0755664  -0.0607051  0  0.419679  -0.0437032  0.772744  1  
0.0571925  -0.049148  0.997143  0  -0.0783387  -0.995919  -0.0445944  0  0.995285  -0.0755658  -0.0608105  0  0.419703  -0.0437067  0.772686  1  
0.0573018  -0.0491568  0.997136  0  -0.0783494  -0.995918  -0.0445943  0  0.995278  -0.0755712  -0.0609205  0  0.419729  -0.043712  0.772626  1  
0.057407  -0.0491645  0.99713  0  -0.0783571  -0.995918  -0.0445936  0  0.995271  -0.0755737  -0.0610262  0  0.419754  -0.0437174  0.772567  1  
0.0575054  -0.0491818  0.997123  0  -0.0783689  -0.995916  -0.0446026  0  0.995264  -0.07558  -0.0611261  0  0.419778  -0.0437234  0.772511  1  
0.057615  -0.0491917  0.997117  0  -0.078378  -0.995916  -0.0446037  0  0.995257  -0.0755837  -0.0612364  0  0.419803  -0.0437284  0.77245  1  
0.0577235  -0.0492181  0.997109  0  -0.0783923  -0.995914  -0.0446209  0  0.99525  -0.0755915  -0.0613471  0  0.419828  -0.0437381  0.772389  1  
0.0578319  -0.0492212  0.997103  0  -0.0783936  -0.995914  -0.0446157  0  0.995244  -0.0755877  -0.0614554  0  0.419854  -0.0437392  0.772328  1  
0.0579437  -0.0492369  0.997095  0  -0.0784033  -0.995913  -0.0446223  0  0.995236  -0.0755914  -0.0615684  0  0.41988  -0.0437458  0.772265  1  
0.0580473  -0.0492522  0.997089  0  -0.0784127  -0.995912  -0.0446291  0  0.99523  -0.0755953  -0.0616732  0  0.419904  -0.043751  0.772207  1  
0.0581485  -0.0492719  0.997082  0  -0.0784251  -0.99591  -0.0446404  0  0.995223  -0.0756019  -0.0617761  0  0.419927  -0.0437601  0.772149  1  
0.058262  -0.0492843  0.997074  0  -0.0784325  -0.99591  -0.0446437  0  0.995215  -0.0756034  -0.0618903  0  0.419955  -0.0437655  0.772085  1  
0.0583673  -0.0492965  0.997068  0  -0.078446  -0.995908  -0.0446471  0  0.995208  -0.0756115  -0.0619968  0  0.419979  -0.0437743  0.772026  1  
0.0584696  -0.0493144  0.997061  0  -0.0784526  -0.995907  -0.0446567  0  0.995202  -0.0756124  -0.0621003  0  0.420001  -0.0437792  0.771968  1  
0.0585808  -0.0493337  0.997053  0  -0.0784576  -0.995907  -0.0446672  0  0.995195  -0.0756113  -0.0622128  0  0.420028  -0.043784  0.771904  1  
0.058688  -0.0493456  0.997046  0  -0.0784685  -0.995906  -0.0446704  0  0.995188  -0.0756166  -0.0623209  0  0.420053  -0.0437916  0.771844  1  
0.0588004  -0.0493639  0.997039  0  -0.0784781  -0.995904  -0.0446795  0  0.99518  -0.07562  -0.0624347  0  0.420078  -0.0437991  0.771781  1  
0.0589083  -0.0493834  0.997032  0  -0.0784887  -0.995903  -0.0446901  0  0.995173  -0.0756246  -0.0625442  0  0.420102  -0.0438061  0.771719  1  
0.0590205  -0.049401  0.997024  0  -0.0784967  -0.995902  -0.0446987  0  0.995166  -0.0756264  -0.0626576  0  0.420128  -0.0438128  0.771656  1  
0.0591412  -0.0494095  0.997016  0  -0.0785069  -0.995901  -0.0446974  0  0.995158  -0.0756307  -0.062779  0  0.420155  -0.04382  0.771588  1  
0.0592532  -0.0494289  0.997009  0  -0.0785187  -0.9959  -0.0447075  0  0.99515  -0.0756362  -0.0628925  0  0.420181  -0.0438284  0.771525  1  
0.0593615  -0.049456  0.997001  0  -0.0785307  -0.995898  -0.0447256  0  0.995143  -0.0756417  -0.0630031  0  0.420205  -0.0438372  0.771463  1  
0.059477  -0.0494729  0.996993  0  -0.078542  -0.995897  -0.044733  0  0.995135  -0.0756467  -0.0631199  0  0.420232  -0.0438449  0.771398  1  
0.0595893  -0.049485  0.996986  0  -0.0785506  -0.995896  -0.0447359  0  0.995127  -0.0756495  -0.063233  0  0.420258  -0.0438523  0.771335  1  
0.0597067  -0.0495032  0.996978  0  -0.078563  -0.995895  -0.0447445  0  0.995119  -0.0756555  -0.0633519  0  0.420286  -0.043861  0.771267  1  
0.0598166  -0.0495265  0.99697  0  -0.0785707  -0.995894  -0.0447589  0  0.995112  -0.0756568  -0.0634635  0  0.420312  -0.0438674  0.771205  1  
0.0599323  -0.0495484  0.996962  0  -0.0785874  -0.995892  -0.0447709  0  0.995104  -0.0756669  -0.0635812  0  0.420338  -0.04388  0.771137  1  
0.0600483  -0.0495596  0.996955  0  -0.0785901  -0.995891  -0.0447731  0  0.995097  -0.0756637  -0.0636977  0  0.420365  -0.043884  0.771071  1  
0.0601722  -0.0495814  0.996946  0  -0.0786089  -0.995889  -0.0447843  0  0.995088  -0.0756755  -0.0638237  0  0.420393  -0.0438971  0.771  1  
0.0602823  -0.0496082  0.996938  0  -0.0786216  -0.995888  -0.0448019  0  0.99508  -0.0756815  -0.0639359  0  0.420419  -0.0439063  0.770937  1  
0.0603902  -0.0496254  0.996931  0  -0.0786321  -0.995886  -0.0448102  0  0.995073  -0.0756861  -0.0640452  0  0.420444  -0.0439146  0.770875  1  
0.0605167  -0.0496459  0.996922  0  -0.0786507  -0.995885  -0.0448198  0  0.995064  -0.0756977  -0.0641735  0  0.420473  -0.0439279  0.770803  1  
0.0606191  -0.0496631  0.996915  0  -0.0786649  -0.995883  -0.0448283  0  0.995056  -0.0757062  -0.0642775  0  0.420496  -0.0439371  0.770742  1  
0.0607433  -0.0496894  0.996906  0  -0.0786811  -0.995881  -0.0448441  0  0.995047  -0.0757152  -0.0644039  0  0.420526  -0.0439495  0.770672  1  
0.0608613  -0.0497116  0.996898  0  -0.0786933  -0.99588  -0.0448566  0  0.995039  -0.0757206  -0.0645238  0  0.420552  -0.0439586  0.770604  1  
0.0609865  -0.0497314  0.996889  0  -0.0787072  -0.995878  -0.0448659  0  0.99503  -0.0757276  -0.0646506  0  0.420581  -0.0439699  0.770534  1  
0.0611037  -0.0497564  0.996881  0  -0.07873  -0.995876  -0.0448805  0  0.995021  -0.0757435  -0.0647703  0  0.420608  -0.043985  0.770466  1  
0.0612209  -0.0497837  0.996872  0  -0.0787426  -0.995874  -0.044898  0  0.995013  -0.075749  -0.0648897  0  0.420635  -0.0439961  0.770399  1  
0.061345  -0.0498038  0.996864  0  -0.0787574  -0.995872  -0.0449077  0  0.995004  -0.075757  -0.0650155  0  0.420664  -0.0440065  0.770328  1  
0.0614624  -0.0498208  0.996856  0  -0.0787697  -0.995871  -0.044915  0  0.994996  -0.0757629  -0.0651343  0  0.42069  -0.0440165  0.770261  1  
0.0615876  -0.049843  0.996847  0  -0.0787845  -0.995869  -0.0449266  0  0.994987  -0.0757707  -0.0652613  0  0.420719  -0.0440279  0.77019  1  
0.0617022  -0.0498708  0.996838  0  -0.0788085  -0.995866  -0.0449441  0  0.994978  -0.0757876  -0.0653786  0  0.420746  -0.0440451  0.770124  1  
0.061818  -0.0498961  0.99683  0  -0.0788251  -0.995864  -0.0449595  0  0.99497  -0.0757974  -0.0654967  0  0.420772  -0.0440573  0.770057  1  
0.0619413  -0.0499164  0.996821  0  -0.0788454  -0.995862  -0.044969  0  0.994961  -0.0758108  -0.0656219  0  0.420799  -0.0440722  0.769987  1  
0.0620668  -0.0499444  0.996812  0  -0.0788586  -0.995861  -0.0449866  0  0.994952  -0.0758165  -0.0657497  0  0.420829  -0.0440822  0.769915  1  
0.0621801  -0.0499693  0.996804  0  -0.0788801  -0.995858  -0.0450014  0  0.994943  -0.0758312  -0.0658655  0  0.420853  -0.0440965  0.76985  1  
0.0622992  -0.0499977  0.996795  0  -0.0789004  -0.995856  -0.0450193  0  0.994934  -0.0758443  -0.0659871  0  0.42088  -0.0441122  0.769781  1  
0.0624119  -0.0500186  0.996787  0  -0.0789152  -0.995854  -0.0450307  0  0.994926  -0.0758526  -0.0661016  0  0.420905  -0.0441251  0.769716  1  
0.0625341  -0.050047  0.996778  0  -0.0789334  -0.995852  -0.0450485  0  0.994916  -0.0758634  -0.0662263  0  0.420934  -0.044138  0.769647  1  
0.0626588  -0.0500713  0.996769  0  -0.0789562  -0.995849  -0.0450618  0  0.994907  -0.075879  -0.0663535  0  0.420962  -0.0441543  0.769575  1  
0.0627781  -0.0500989  0.99676  0  -0.0789765  -0.995847  -0.0450789  0  0.994898  -0.075892  -0.0664753  0  0.420988  -0.0441693  0.769506  1  
0.0628937  -0.0501255  0.996751  0  -0.0789949  -0.995845  -0.0450955  0  0.994889  -0.0759034  -0.0665933  0  0.421015  -0.0441847  0.76944  1  
0.0630175  -0.0501572  0.996742  0  -0.0790162  -0.995842  -0.0451162  0  0.994879  -0.075917  -0.06672  0  0.421042  -0.0442012  0.769368  1  
0.0631332  -0.0501884  0.996733  0  -0.0790335  -0.99584  -0.0451374  0  0.994871  -0.0759271  -0.0668384  0  0.421068  -0.044215  0.769302  1  
0.0632645  -0.0502153  0.996723  0  -0.0790574  -0.995837  -0.0451527  0  0.99486  -0.0759432  -0.0669723  0  0.421098  -0.0442322  0.769228  1  
0.0633846  -0.0502354  0.996714  0  -0.0790754  -0.995835  -0.0451624  0  0.994851  -0.0759544  -0.0670943  0  0.421125  -0.0442461  0.769159  1  
0.0635009  -0.0502704  0.996705  0  -0.0790963  -0.995833  -0.0451871  0  0.994842  -0.0759677  -0.0672138  0  0.421151  -0.0442632  0.769092  1  
0.0636236  -0.0502994  0.996696  0  -0.0791194  -0.99583  -0.0452051  0  0.994833  -0.0759834  -0.0673392  0  0.421179  -0.0442799  0.769022  1  
0.0637483  -0.050327  0.996687  0  -0.0791351  -0.995828  -0.0452221  0  0.994823  -0.0759916  -0.0674662  0  0.421208  -0.0442931  0.768951  1  
0.0638713  -0.0503516  0.996677  0  -0.0791615  -0.995825  -0.0452356  0  0.994813  -0.0760107  -0.0675919  0  0.421235  -0.0443127  0.76888  1  
0.0639995  -0.0503904  0.996667  0  -0.0791805  -0.995822  -0.0452632  0  0.994804  -0.0760213  -0.0677234  0  0.421265  -0.0443295  0.768806  1  
0.0641213  -0.050414  0.996658  0  -0.0791953  -0.995821  -0.0452765  0  0.994795  -0.0760289  -0.0678472  0  0.421294  -0.0443414  0.768736  1  
0.06425  -0.0504404  0.996649  0  -0.0792186  -0.995818  -0.0452914  0  0.994784  -0.0760446  -0.0679785  0  0.421323  -0.0443594  0.768663  1  
0.0643697  -0.0504709  0.996639  0  -0.079241  -0.995815  -0.0453112  0  0.994775  -0.0760594  -0.068101  0  0.421352  -0.0443764  0.768593  1  
0.0644942  -0.0505042  0.99663  0  -0.0792616  -0.995813  -0.0453336  0  0.994765  -0.0760722  -0.0682285  0  0.42138  -0.0443932  0.768522  1  
0.0646173  -0.0505298  0.99662  0  -0.0792839  -0.99581  -0.0453483  0  0.994755  -0.0760872  -0.0683541  0  0.421408  -0.0444108  0.768451  1  
0.0647455  -0.0505593  0.996611  0  -0.0793024  -0.995808  -0.0453667  0  0.994746  -0.0760978  -0.0684849  0  0.421439  -0.0444259  0.768378  1  
0.0648698  -0.0505941  0.996601  0  -0.0793253  -0.995805  -0.0453903  0  0.994736  -0.0761127  -0.0686124  0  0.421467  -0.0444436  0.768306  1  
0.0652361  -0.0506794  0.996572  0  -0.079389  -0.995798  -0.0454431  0  0.994707  -0.0761539  -0.0689867  0  0.42155  -0.0444959  0.768095  1  
0.0653683  -0.0507145  0.996562  0  -0.0794153  -0.995795  -0.0454663  0  0.994696  -0.0761716  -0.0691222  0  0.421581  -0.0445153  0.768019  1  
0.0654871  -0.0507499  0.996552  0  -0.0794387  -0.995792  -0.0454909  0  0.994686  -0.0761873  -0.0692443  0  0.421609  -0.0445341  0.76795  1  
0.0656057  -0.0507829  0.996543  0  -0.07946  -0.995789  -0.0455134  0  0.994677  -0.0762008  -0.069366  0  0.421636  -0.0445517  0.767879  1  
0.0657193  -0.0508134  0.996534  0  -0.0794865  -0.995786  -0.0455333  0  0.994667  -0.0762201  -0.0694826  0  0.421661  -0.0445722  0.767813  1  
0.0658441  -0.0508507  0.996524  0  -0.0795102  -0.995783  -0.0455593  0  0.994657  -0.0762354  -0.0696109  0  0.42169  -0.0445917  0.76774  1  
0.0659623  -0.0508799  0.996514  0  -0.0795323  -0.99578  -0.0455779  0  0.994647  -0.0762501  -0.0697319  0  0.421718  -0.0446091  0.76767  1  
0.0660797  -0.0509197  0.996505  0  -0.0795622  -0.995776  -0.0456066  0  0.994637  -0.0762719  -0.0698532  0  0.421745  -0.0446327  0.7676  1  
0.066203  -0.0509444  0.996495  0  -0.0795867  -0.995774  -0.0456201  0  0.994627  -0.076289  -0.0699791  0  0.421772  -0.0446521  0.767527  1  
0.0663143  -0.050982  0.996486  0  -0.07961  -0.995771  -0.0456475  0  0.994618  -0.0763047  -0.0700938  0  0.421798  -0.0446714  0.76746  1  
0.066434  -0.0510167  0.996476  0  -0.0796348  -0.995768  -0.0456713  0  0.994608  -0.0763215  -0.0702169  0  0.421825  -0.0446919  0.767389  1  
0.066542  -0.051053  0.996467  0  -0.0796693  -0.995764  -0.0456968  0  0.994598  -0.0763486  -0.0703288  0  0.421849  -0.0447179  0.767323  1  
0.0666606  -0.0510826  0.996458  0  -0.0796942  -0.995761  -0.0457155  0  0.994588  -0.0763659  -0.0704504  0  0.421877  -0.0447378  0.767253  1  
0.0667781  -0.0511169  0.996448  0  -0.0797194  -0.995758  -0.045739  0  0.994578  -0.0763833  -0.0705712  0  0.421905  -0.0447584  0.767184  1  
0.0668968  -0.0511582  0.996438  0  -0.07975  -0.995754  -0.045769  0  0.994568  -0.0764055  -0.070694  0  0.421932  -0.0447817  0.767114  1  
0.0670178  -0.0511951  0.996428  0  -0.0797771  -0.995751  -0.0457947  0  0.994557  -0.0764245  -0.0708186  0  0.421959  -0.0448045  0.767043  1  
0.0671494  -0.0512264  0.996417  0  -0.0798064  -0.995747  -0.0458137  0  0.994546  -0.0764456  -0.0709534  0  0.421989  -0.0448264  0.766966  1  
0.067274  -0.0512692  0.996407  0  -0.0798313  -0.995744  -0.0458451  0  0.994536  -0.0764617  -0.0710819  0  0.422018  -0.0448476  0.766894  1  
0.0673996  -0.0513093  0.996396  0  -0.0798601  -0.99574  -0.0458735  0  0.994525  -0.0764819  -0.0712115  0  0.422046  -0.0448703  0.766821  1  
0.0675303  -0.0513374  0.996386  0  -0.0798855  -0.995738  -0.0458897  0  0.994514  -0.0764993  -0.071345  0  0.422077  -0.0448914  0.766748  1  
0.0676594  -0.0513763  0.996375  0  -0.0799145  -0.995734  -0.0459167  0  0.994503  -0.0765196  -0.0714778  0  0.422106  -0.0449145  0.766673  1  
0.0677873  -0.0514153  0.996364  0  -0.0799453  -0.99573  -0.0459435  0  0.994492  -0.0765417  -0.0716096  0  0.422134  -0.0449371  0.766601  1  
0.0679253  -0.0514515  0.996353  0  -0.0799786  -0.995726  -0.0459667  0  0.994479  -0.0765661  -0.0717515  0  0.422166  -0.0449624  0.766523  1  
0.0680518  -0.0514971  0.996342  0  -0.0800071  -0.995723  -0.0460004  0  0.994469  -0.0765855  -0.0718822  0  0.422195  -0.0449873  0.766451  1  
0.0681743  -0.0515338  0.996332  0  -0.0800372  -0.995719  -0.0460255  0  0.994458  -0.0766074  -0.0720085  0  0.422222  -0.0450115  0.76638  1  
0.0683085  -0.0515755  0.996321  0  -0.0800663  -0.995715  -0.0460548  0  0.994446  -0.0766273  -0.0721467  0  0.422253  -0.0450344  0.766303  1  
0.068436  -0.051615  0.99631  0  -0.080099  -0.995711  -0.0460821  0  0.994435  -0.0766512  -0.0722782  0  0.422283  -0.0450602  0.766232  1  
0.0685713  -0.0516543  0.996298  0  -0.0801312  -0.995708  -0.0461086  0  0.994423  -0.0766743  -0.0724175  0  0.422313  -0.0450854  0.766155  1  
0.068696  -0.0516956  0.996288  0  -0.0801597  -0.995704  -0.0461381  0  0.994412  -0.0766941  -0.0725462  0  0.422342  -0.0451107  0.766082  1  
0.0688205  -0.0517442  0.996277  0  -0.080193  -0.9957  -0.0461746  0  0.994401  -0.0767182  -0.0726755  0  0.422371  -0.0451369  0.766011  1  
0.0689436  -0.0517818  0.996266  0  -0.0802218  -0.995696  -0.0462007  0  0.99439  -0.0767385  -0.0728023  0  0.4224  -0.0451614  0.765941  1  
0.0690752  -0.0518215  0.996255  0  -0.0802557  -0.995692  -0.0462277  0  0.994378  -0.0767634  -0.072938  0  0.42243  -0.0451876  0.765866  1  
0.0691935  -0.051863  0.996245  0  -0.0802869  -0.995688  -0.0462578  0  0.994367  -0.0767862  -0.0730605  0  0.422457  -0.0452144  0.765799  1  
0.0693213  -0.0519018  0.996234  0  -0.080318  -0.995684  -0.0462844  0  0.994356  -0.0768084  -0.0731922  0  0.422486  -0.0452385  0.765726  1  
0.0694449  -0.0519429  0.996223  0  -0.0803475  -0.995681  -0.0463137  0  0.994345  -0.0768292  -0.0733198  0  0.422514  -0.0452642  0.765655  1  
0.0695737  -0.0519827  0.996212  0  -0.0803815  -0.995677  -0.0463411  0  0.994333  -0.0768544  -0.0734528  0  0.422544  -0.045291  0.765582  1  
0.0696982  -0.0520273  0.996201  0  -0.080418  -0.995672  -0.0463734  0  0.994321  -0.0768818  -0.0735819  0  0.422572  -0.0453202  0.76551  1  
0.0698227  -0.0520732  0.99619  0  -0.0804485  -0.995668  -0.0464074  0  0.99431  -0.0769031  -0.0737109  0  0.422602  -0.0453462  0.76544  1  
0.0699451  -0.0521136  0.996179  0  -0.0804813  -0.995664  -0.0464358  0  0.994299  -0.0769273  -0.0738375  0  0.422629  -0.045372  0.765369  1  
0.0700722  -0.0521517  0.996168  0  -0.0805152  -0.99566  -0.0464615  0  0.994287  -0.0769525  -0.0739685  0  0.42266  -0.0453994  0.765299  1  
0.070197  -0.0521989  0.996157  0  -0.0805489  -0.995656  -0.0464965  0  0.994276  -0.0769769  -0.0740981  0  0.422689  -0.0454268  0.765227  1  
0.0703214  -0.0522427  0.996146  0  -0.0805817  -0.995652  -0.0465282  0  0.994264  -0.0770007  -0.0742269  0  0.422718  -0.0454528  0.765156  1  
0.070448  -0.0522806  0.996135  0  -0.0806076  -0.995648  -0.0465544  0  0.994253  -0.0770179  -0.0743571  0  0.422748  -0.0454761  0.765085  1  
0.0705812  -0.0523274  0.996123  0  -0.0806462  -0.995644  -0.046588  0  0.994241  -0.0770468  -0.0744952  0  0.422779  -0.0455069  0.76501  1  
0.0707018  -0.0523752  0.996112  0  -0.0806827  -0.995639  -0.0466237  0  0.994229  -0.0770741  -0.0746207  0  0.422808  -0.045538  0.76494  1  
0.0708332  -0.0524157  0.9961  0  -0.0807176  -0.995635  -0.0466514  0  0.994217  -0.0770998  -0.0747564  0  0.422839  -0.0455641  0.764866  1  
0.0709554  -0.0524647  0.996089  0  -0.0807579  -0.99563  -0.0466878  0  0.994205  -0.0771308  -0.0748837  0  0.422868  -0.0455966  0.764796  1  
0.0710826  -0.0525072  0.996078  0  -0.0807895  -0.995626  -0.046718  0  0.994193  -0.0771532  -0.0750151  0  0.422898  -0.0456231  0.764724  1  
0.0712027  -0.0525565  0.996067  0  -0.0808234  -0.995622  -0.0467554  0  0.994182  -0.0771779  -0.0751402  0  0.422927  -0.0456528  0.764656  1  
0.0713304  -0.052604  0.996055  0  -0.0808605  -0.995617  -0.0467902  0  0.99417  -0.0772055  -0.0752728  0  0.422958  -0.0456822  0.764583  1  
0.0714507  -0.0526459  0.996044  0  -0.0808983  -0.995612  -0.0468199  0  0.994158  -0.0772345  -0.0753976  0  0.422986  -0.0457135  0.764515  1  
0.0715812  -0.0526904  0.996032  0  -0.0809331  -0.995608  -0.0468515  0  0.994146  -0.0772598  -0.0755326  0  0.423016  -0.0457418  0.764442  1  
0.0717078  -0.0527416  0.996021  0  -0.0809696  -0.995603  -0.0468901  0  0.994134  -0.0772865  -0.0756644  0  0.423047  -0.0457716  0.76437  1  
0.0718318  -0.0527927  0.996009  0  -0.0810063  -0.995599  -0.0469288  0  0.994122  -0.0773135  -0.0757936  0  0.423075  -0.0458026  0.764299  1  
0.0719556  -0.0528312  0.995998  0  -0.0810404  -0.995595  -0.046955  0  0.99411  -0.0773389  -0.0759215  0  0.423104  -0.0458313  0.764228  1  
0.0720758  -0.0528816  0.995987  0  -0.0810762  -0.99559  -0.0469934  0  0.994098  -0.0773652  -0.0760468  0  0.423132  -0.0458608  0.764158  1  
0.0721994  -0.0529265  0.995975  0  -0.081118  -0.995585  -0.0470254  0  0.994086  -0.0773978  -0.0761754  0  0.423162  -0.0458917  0.764088  1  
0.0723215  -0.0529728  0.995964  0  -0.0811545  -0.99558  -0.0470594  0  0.994074  -0.0774251  -0.0763023  0  0.423188  -0.0459218  0.764018  1  
0.0724531  -0.0530122  0.995952  0  -0.0811856  -0.995576  -0.0470861  0  0.994062  -0.077447  -0.0764379  0  0.423222  -0.0459483  0.763944  1  
0.0725719  -0.0530678  0.995941  0  -0.0812255  -0.995571  -0.0471294  0  0.99405  -0.0774771  -0.0765624  0  0.42325  -0.0459806  0.763876  1  
0.0727  -0.0531143  0.995929  0  -0.0812658  -0.995566  -0.0471628  0  0.994037  -0.0775077  -0.0766956  0  0.423279  -0.0460116  0.763803  1  
0.0728248  -0.0531585  0.995917  0  -0.0813004  -0.995562  -0.0471946  0  0.994025  -0.077533  -0.0768248  0  0.423311  -0.0460399  0.763732  1  
0.0729506  -0.0532104  0.995905  0  -0.0813403  -0.995557  -0.0472336  0  0.994013  -0.077563  -0.0769561  0  0.423339  -0.0460739  0.76366  1  
0.0730724  -0.0532566  0.995894  0  -0.0813743  -0.995552  -0.0472676  0  0.994001  -0.0775877  -0.0770826  0  0.423368  -0.0461013  0.763591  1  
0.0732012  -0.0533021  0.995882  0  -0.0814165  -0.995548  -0.0472998  0  0.993988  -0.0776203  -0.0772165  0  0.423398  -0.0461346  0.763517  1  
0.0733167  -0.053352  0.995871  0  -0.0814544  -0.995543  -0.0473377  0  0.993977  -0.0776489  -0.0773372  0  0.423425  -0.0461658  0.763451  1  
0.0734366  -0.0534043  0.995859  0  -0.0814966  -0.995537  -0.0473773  0  0.993964  -0.0776814  -0.0774627  0  0.423454  -0.0462014  0.763383  1  
0.0735594  -0.0534558  0.995847  0  -0.0815344  -0.995532  -0.0474163  0  0.993952  -0.0777094  -0.0775907  0  0.423482  -0.0462317  0.763313  1  
0.0736834  -0.05351  0.995835  0  -0.0815767  -0.995527  -0.0474575  0  0.99394  -0.0777416  -0.0777205  0  0.423511  -0.0462667  0.763242  1  
0.0737944  -0.0535572  0.995825  0  -0.0816163  -0.995522  -0.0474928  0  0.993928  -0.0777723  -0.0778366  0  0.423538  -0.0462992  0.763178  1  
0.0739176  -0.0536005  0.995813  0  -0.0816585  -0.995517  -0.0475232  0  0.993915  -0.0778053  -0.0779646  0  0.423566  -0.0463323  0.763108  1  
0.0740419  -0.0536561  0.995801  0  -0.0816964  -0.995512  -0.0475661  0  0.993903  -0.077833  -0.0780946  0  0.423596  -0.0463649  0.763038  1  
0.0741704  -0.0537102  0.995788  0  -0.0817412  -0.995506  -0.0476066  0  0.99389  -0.0778674  -0.0782289  0  0.423627  -0.0464003  0.762966  1  
0.0742906  -0.0537582  0.995777  0  -0.0817819  -0.995501  -0.0476419  0  0.993877  -0.0778986  -0.0783543  0  0.423654  -0.0464342  0.762898  1  
0.074413  -0.0538063  0.995765  0  -0.0818206  -0.995496  -0.0476774  0  0.993865  -0.0779278  -0.0784818  0  0.423684  -0.0464663  0.762828  1  
0.0745377  -0.0538648  0.995753  0  -0.0818611  -0.995491  -0.0477229  0  0.993852  -0.0779577  -0.0786126  0  0.423712  -0.0464994  0.762757  1  
0.0746599  -0.0539142  0.995741  0  -0.0818987  -0.995486  -0.0477597  0  0.99384  -0.0779857  -0.0787399  0  0.423742  -0.0465319  0.762688  1  
0.0747805  -0.0539612  0.995729  0  -0.0819399  -0.995481  -0.047794  0  0.993828  -0.0780174  -0.0788657  0  0.423772  -0.0465651  0.76262  1  
0.0749031  -0.0540153  0.995717  0  -0.0819811  -0.995476  -0.0478351  0  0.993815  -0.0780484  -0.078994  0  0.423801  -0.0465996  0.76255  1  
0.0750208  -0.0540731  0.995705  0  -0.082026  -0.99547  -0.0478801  0  0.993802  -0.0780832  -0.0791178  0  0.423829  -0.046636  0.762483  1  
0.0751456  -0.0541301  0.995693  0  -0.0820695  -0.995464  -0.0479238  0  0.993789  -0.0781163  -0.0792487  0  0.423858  -0.0466717  0.762411  1  
0.0752799  -0.0541813  0.99568  0  -0.0821134  -0.995459  -0.0479609  0  0.993776  -0.0781497  -0.0793886  0  0.42389  -0.0467084  0.762335  1  
0.0754005  -0.0542333  0.995668  0  -0.0821563  -0.995453  -0.0480001  0  0.993763  -0.0781826  -0.0795148  0  0.423918  -0.046745  0.762268  1  
0.0755227  -0.0542913  0.995655  0  -0.082197  -0.995448  -0.0480452  0  0.99375  -0.0782129  -0.079643  0  0.423948  -0.0467801  0.762198  1  
0.0756488  -0.0543488  0.995643  0  -0.0822405  -0.995442  -0.0480892  0  0.993737  -0.0782458  -0.0797752  0  0.423979  -0.0468162  0.762126  1  
0.0757718  -0.0544043  0.99563  0  -0.0822871  -0.995436  -0.0481313  0  0.993724  -0.078282  -0.0799043  0  0.424008  -0.0468555  0.762055  1  
0.0758914  -0.0544586  0.995618  0  -0.0823371  -0.99543  -0.0481721  0  0.993711  -0.0783219  -0.08003  0  0.424037  -0.0468954  0.761988  1  
