0.049161  -0.0489014  0.997583  0  -0.0794075  -0.995821  -0.0449018  0  0.995629  -0.0770097  -0.0528397  0  0.417926  -0.0443104  0.776706  1  
0.0491616  -0.0488991  0.997583  0  -0.0794136  -0.99582  -0.0448991  0  0.995629  -0.0770158  -0.0528404  0  0.417927  -0.0443136  0.776706  1  
0.0491606  -0.0488987  0.997584  0  -0.0794074  -0.995821  -0.0448992  0  0.995629  -0.0770097  -0.0528391  0  0.417926  -0.0443106  0.776705  1  
0.0491642  -0.0489021  0.997583  0  -0.0794092  -0.995821  -0.0449022  0  0.995629  -0.0770112  -0.052843  0  0.417926  -0.0443125  0.776703  1  
0.0491744  -0.0489048  0.997583  0  -0.0794104  -0.99582  -0.0449039  0  0.995628  -0.0770118  -0.0528534  0  0.417925  -0.0443124  0.776699  1  
0.0491922  -0.0489087  0.997581  0  -0.0794045  -0.995821  -0.0449068  0  0.995628  -0.0770049  -0.0528712  0  0.417926  -0.04431  0.776694  1  
0.0492269  -0.048912  0.99758  0  -0.0794087  -0.99582  -0.0449072  0  0.995626  -0.0770073  -0.0529062  0  0.41793  -0.0443139  0.776681  1  
0.0492541  -0.0489097  0.997578  0  -0.0794016  -0.995821  -0.0449032  0  0.995625  -0.0769991  -0.0529328  0  0.417933  -0.0443103  0.776672  1  
0.0492792  -0.0489144  0.997577  0  -0.0794043  -0.995821  -0.0449058  0  0.995624  -0.0770004  -0.0529583  0  0.417938  -0.0443125  0.776661  1  
0.0493158  -0.0489128  0.997575  0  -0.0794017  -0.995821  -0.0449016  0  0.995622  -0.0769963  -0.0529945  0  0.417944  -0.0443101  0.776646  1  
0.0493512  -0.0489155  0.997573  0  -0.0793975  -0.995822  -0.0449017  0  0.995621  -0.0769903  -0.0530298  0  0.417953  -0.0443087  0.77663  1  
0.0493765  -0.048919  0.997572  0  -0.079392  -0.995822  -0.0449035  0  0.99562  -0.0769836  -0.053055  0  0.417958  -0.0443067  0.776618  1  
0.0494051  -0.0489232  0.99757  0  -0.0793828  -0.995823  -0.044906  0  0.995619  -0.0769728  -0.0530834  0  0.417964  -0.0443024  0.776606  1  
0.0494351  -0.0489239  0.997569  0  -0.0793747  -0.995823  -0.0449048  0  0.995618  -0.0769633  -0.0531129  0  0.41797  -0.0443001  0.776593  1  
0.0494616  -0.0489238  0.997567  0  -0.07937  -0.995824  -0.0449029  0  0.995617  -0.0769575  -0.0531391  0  0.417973  -0.0442982  0.776581  1  
0.0494928  -0.0489281  0.997566  0  -0.0793596  -0.995824  -0.0449054  0  0.995617  -0.0769454  -0.0531701  0  0.417979  -0.0442934  0.776567  1  
0.0495226  -0.0489326  0.997564  0  -0.0793565  -0.995825  -0.0449077  0  0.995615  -0.0769407  -0.0532  0  0.417984  -0.0442929  0.776553  1  
0.0495486  -0.0489281  0.997563  0  -0.0793434  -0.995826  -0.0449019  0  0.995615  -0.0769267  -0.0532249  0  0.417987  -0.0442877  0.776542  1  
0.0495795  -0.0489317  0.997561  0  -0.0793305  -0.995827  -0.0449039  0  0.995615  -0.0769122  -0.0532554  0  0.417992  -0.0442818  0.776528  1  
0.0496041  -0.0489386  0.99756  0  -0.0793208  -0.995827  -0.0449094  0  0.995614  -0.076901  -0.05328  0  0.417996  -0.0442782  0.776516  1  
0.0496396  -0.0489397  0.997558  0  -0.0793078  -0.995828  -0.0449084  0  0.995613  -0.0768864  -0.0533148  0  0.418002  -0.0442726  0.776499  1  
0.0496643  -0.0489387  0.997557  0  -0.0792916  -0.99583  -0.0449064  0  0.995613  -0.0768691  -0.0533387  0  0.418005  -0.0442656  0.776487  1  
0.0496999  -0.0489392  0.997555  0  -0.0792795  -0.995831  -0.0449047  0  0.995613  -0.0768554  -0.0533736  0  0.418013  -0.0442601  0.776469  1  
0.0497315  -0.0489436  0.997553  0  -0.0792699  -0.995831  -0.0449073  0  0.995612  -0.0768441  -0.053405  0  0.418017  -0.0442559  0.776454  1  
0.0497604  -0.0489475  0.997551  0  -0.0792511  -0.995833  -0.04491  0  0.995612  -0.0768238  -0.0534332  0  0.418023  -0.0442483  0.77644  1  
0.0497981  -0.0489474  0.99755  0  -0.079238  -0.995834  -0.0449076  0  0.995611  -0.076809  -0.0534702  0  0.418027  -0.044243  0.776424  1  
0.0498314  -0.048954  0.997548  0  -0.0792237  -0.995835  -0.0449125  0  0.995611  -0.0767929  -0.0535032  0  0.418031  -0.0442379  0.776409  1  
0.0498744  -0.0489567  0.997545  0  -0.0792118  -0.995836  -0.0449125  0  0.995609  -0.0767788  -0.0535457  0  0.418038  -0.0442337  0.77639  1  
0.0499137  -0.0489528  0.997543  0  -0.0791964  -0.995837  -0.0449064  0  0.995609  -0.0767619  -0.0535838  0  0.418044  -0.0442259  0.776374  1  
0.0499551  -0.0489583  0.997541  0  -0.0791757  -0.995839  -0.0449097  0  0.995608  -0.076739  -0.0536246  0  0.418051  -0.0442181  0.776356  1  
0.0500006  -0.0489655  0.997539  0  -0.0791678  -0.995839  -0.0449139  0  0.995606  -0.0767287  -0.05367  0  0.418056  -0.0442154  0.776337  1  
0.0500384  -0.0489671  0.997537  0  -0.0791498  -0.995841  -0.0449135  0  0.995606  -0.0767089  -0.0537071  0  0.41806  -0.0442076  0.776321  1  
0.0500916  -0.0489674  0.997534  0  -0.0791283  -0.995843  -0.0449109  0  0.995605  -0.076685  -0.053759  0  0.418069  -0.0441975  0.7763  1  
0.0501347  -0.0489706  0.997532  0  -0.0791169  -0.995843  -0.0449114  0  0.995604  -0.0766714  -0.0538018  0  0.418075  -0.0441946  0.776283  1  
0.0501883  -0.04898  0.997528  0  -0.0790986  -0.995845  -0.0449177  0  0.995603  -0.0766502  -0.053855  0  0.418083  -0.0441866  0.776261  1  
0.0502424  -0.0489822  0.997526  0  -0.0790789  -0.995846  -0.0449168  0  0.995601  -0.0766279  -0.0539082  0  0.418091  -0.0441784  0.776238  1  
0.050301  -0.0489768  0.997523  0  -0.0790608  -0.995848  -0.0449078  0  0.9956  -0.0766075  -0.0539653  0  0.418101  -0.0441708  0.776214  1  
0.0503548  -0.0489829  0.99752  0  -0.0790384  -0.99585  -0.0449111  0  0.995599  -0.0765823  -0.0540183  0  0.418109  -0.0441617  0.776192  1  
0.0504161  -0.0489901  0.997516  0  -0.0790215  -0.995851  -0.0449145  0  0.995597  -0.0765623  -0.0540793  0  0.418121  -0.0441546  0.776166  1  
0.0504752  -0.0489886  0.997513  0  -0.0789987  -0.995853  -0.0449096  0  0.995596  -0.0765369  -0.0541369  0  0.418132  -0.0441449  0.776141  1  
0.0505323  -0.0489923  0.99751  0  -0.0789788  -0.995854  -0.0449101  0  0.995595  -0.0765143  -0.0541933  0  0.418142  -0.0441371  0.776117  1  
0.0505899  -0.0489992  0.997507  0  -0.0789562  -0.995856  -0.0449137  0  0.995593  -0.0764887  -0.0542501  0  0.418152  -0.0441265  0.776092  1  
0.0506473  -0.0489999  0.997504  0  -0.0789361  -0.995858  -0.0449112  0  0.995592  -0.0764659  -0.0543065  0  0.418163  -0.044118  0.776068  1  
0.0507138  -0.0490044  0.997501  0  -0.0789136  -0.99586  -0.0449117  0  0.995591  -0.0764402  -0.054372  0  0.418175  -0.0441087  0.77604  1  
0.0507788  -0.0490089  0.997497  0  -0.0788872  -0.995862  -0.0449127  0  0.995589  -0.0764106  -0.0544359  0  0.418186  -0.0440975  0.776013  1  
0.0508473  -0.0490204  0.997493  0  -0.0788689  -0.995863  -0.0449199  0  0.995587  -0.0763886  -0.0545042  0  0.4182  -0.0440897  0.775982  1  
0.0509097  -0.0490249  0.99749  0  -0.0788466  -0.995864  -0.0449209  0  0.995586  -0.0763632  -0.0545657  0  0.418212  -0.0440814  0.775955  1  
0.0509787  -0.0490239  0.997486  0  -0.078824  -0.995867  -0.0449158  0  0.995584  -0.0763376  -0.0546333  0  0.418226  -0.0440714  0.775925  1  
0.0510391  -0.0490313  0.997483  0  -0.0788032  -0.995868  -0.0449197  0  0.995583  -0.0763137  -0.0546931  0  0.418238  -0.0440643  0.775898  1  
0.0511071  -0.0490417  0.997479  0  -0.0787802  -0.99587  -0.0449262  0  0.995581  -0.076287  -0.0547606  0  0.418252  -0.044055  0.775867  1  
0.0511791  -0.0490453  0.997475  0  -0.0787604  -0.995871  -0.0449254  0  0.995579  -0.0762637  -0.0548317  0  0.418267  -0.0440466  0.775835  1  
0.0512498  -0.0490477  0.997471  0  -0.0787306  -0.995874  -0.044924  0  0.995578  -0.0762306  -0.054901  0  0.418281  -0.0440346  0.775803  1  
0.0513153  -0.0490524  0.997467  0  -0.0787109  -0.995875  -0.0449248  0  0.995576  -0.0762077  -0.0549656  0  0.418296  -0.0440257  0.775773  1  
0.0513711  -0.0490547  0.997464  0  -0.0786851  -0.995877  -0.0449243  0  0.995575  -0.0761793  -0.0550203  0  0.418307  -0.044015  0.775746  1  
0.051434  -0.0490585  0.997461  0  -0.0786687  -0.995878  -0.0449242  0  0.995573  -0.0761598  -0.0550825  0  0.418319  -0.044009  0.775716  1  
0.0514955  -0.0490548  0.997458  0  -0.0786354  -0.995881  -0.0449175  0  0.995572  -0.076124  -0.0551419  0  0.418334  -0.0439935  0.775687  1  
0.05155  -0.0490696  0.997455  0  -0.0786114  -0.995883  -0.0449295  0  0.995572  -0.0760967  -0.0551962  0  0.418346  -0.0439852  0.775659  1  
0.0516142  -0.0490695  0.997451  0  -0.0785863  -0.995885  -0.0449259  0  0.99557  -0.0760686  -0.0552591  0  0.41836  -0.0439739  0.775627  1  
0.0516743  -0.0490723  0.997448  0  -0.0785623  -0.995887  -0.0449255  0  0.995569  -0.0760418  -0.055318  0  0.418372  -0.0439648  0.775598  1  
0.0517354  -0.0490824  0.997444  0  -0.0785424  -0.995888  -0.044932  0  0.995567  -0.0760186  -0.0553788  0  0.418385  -0.0439573  0.775567  1  
0.0517987  -0.0490821  0.997441  0  -0.0785102  -0.995891  -0.0449287  0  0.995567  -0.0759835  -0.0554404  0  0.418399  -0.0439424  0.775536  1  
0.0518664  -0.0490838  0.997437  0  -0.0784847  -0.995893  -0.0449266  0  0.995565  -0.0759549  -0.0555068  0  0.418413  -0.0439326  0.775503  1  
0.0519376  -0.0490855  0.997434  0  -0.078457  -0.995895  -0.0449245  0  0.995564  -0.0759238  -0.0555766  0  0.418428  -0.0439206  0.77547  1  
0.0519956  -0.0490981  0.99743  0  -0.0784383  -0.995896  -0.0449337  0  0.995562  -0.0759018  -0.0556345  0  0.41844  -0.043914  0.775441  1  
0.0520747  -0.0491039  0.997426  0  -0.0784077  -0.995898  -0.0449352  0  0.99556  -0.0758673  -0.0557124  0  0.418459  -0.043901  0.775403  1  
0.0521318  -0.0491054  0.997423  0  -0.0783846  -0.9959  -0.0449336  0  0.995559  -0.0758416  -0.0557682  0  0.418471  -0.0438919  0.775375  1  
0.0522064  -0.0491042  0.997419  0  -0.0783548  -0.995903  -0.0449284  0  0.995558  -0.0758085  -0.0558411  0  0.418489  -0.0438788  0.775338  1  
0.0522683  -0.0491129  0.997415  0  -0.0783304  -0.995905  -0.0449337  0  0.995556  -0.0757808  -0.0559024  0  0.418503  -0.0438686  0.775304  1  
0.0523345  -0.0491212  0.997411  0  -0.0783078  -0.995906  -0.0449383  0  0.995555  -0.0757547  -0.0559679  0  0.418519  -0.0438596  0.775271  1  
0.0524093  -0.0491171  0.997407  0  -0.0782758  -0.995909  -0.0449303  0  0.995553  -0.0757196  -0.0560406  0  0.418538  -0.0438445  0.775235  1  
0.0524761  -0.0491192  0.997404  0  -0.0782483  -0.995911  -0.0449288  0  0.995552  -0.0756889  -0.0561061  0  0.418553  -0.0438336  0.7752  1  
0.0525485  -0.0491268  0.9974  0  -0.0782191  -0.995913  -0.0449326  0  0.99555  -0.075656  -0.0561774  0  0.418571  -0.0438205  0.775163  1  
0.0526225  -0.0491311  0.997395  0  -0.0781967  -0.995915  -0.0449325  0  0.995548  -0.07563  -0.0562505  0  0.418589  -0.043811  0.775123  1  
0.0526917  -0.0491273  0.997392  0  -0.0781627  -0.995918  -0.0449254  0  0.995547  -0.0755931  -0.0563176  0  0.418607  -0.0437954  0.775088  1  
0.0527688  -0.0491334  0.997388  0  -0.0781401  -0.99592  -0.044927  0  0.995545  -0.0755667  -0.0563939  0  0.418628  -0.0437864  0.775047  1  
0.0528321  -0.0491387  0.997384  0  -0.0781148  -0.995922  -0.0449289  0  0.995543  -0.0755382  -0.0564562  0  0.418645  -0.0437758  0.775013  1  
0.0529145  -0.049136  0.99738  0  -0.0780841  -0.995925  -0.0449216  0  0.995541  -0.0755039  -0.0565367  0  0.418666  -0.0437603  0.77497  1  
0.052986  -0.0491353  0.997376  0  -0.0780568  -0.995927  -0.0449172  0  0.99554  -0.0754735  -0.0566066  0  0.418686  -0.0437492  0.774931  1  
0.0530571  -0.0491429  0.997372  0  -0.0780343  -0.995928  -0.0449206  0  0.995538  -0.0754473  -0.056677  0  0.418704  -0.0437393  0.774891  1  
0.0531337  -0.0491498  0.997367  0  -0.078009  -0.99593  -0.0449232  0  0.995536  -0.0754181  -0.0567527  0  0.418725  -0.0437291  0.774851  1  
0.0532066  -0.0491539  0.997363  0  -0.0779811  -0.995933  -0.0449233  0  0.995534  -0.0753867  -0.0568244  0  0.418744  -0.0437167  0.774811  1  
0.0532788  -0.0491474  0.99736  0  -0.0779492  -0.995935  -0.0449132  0  0.995533  -0.0753519  -0.0568943  0  0.418763  -0.0437012  0.774773  1  
0.0533494  -0.049148  0.997356  0  -0.0779194  -0.995938  -0.0449102  0  0.995531  -0.0753189  -0.0569634  0  0.418782  -0.0436876  0.774735  1  
0.0534256  -0.0491599  0.997351  0  -0.0779005  -0.995939  -0.0449173  0  0.995529  -0.0752959  -0.0570393  0  0.418802  -0.0436803  0.774694  1  
0.0535011  -0.0491563  0.997348  0  -0.0778695  -0.995942  -0.0449098  0  0.995527  -0.0752617  -0.0571129  0  0.418822  -0.0436662  0.774654  1  
0.0535802  -0.0491593  0.997343  0  -0.0778442  -0.995944  -0.0449083  0  0.995525  -0.0752326  -0.0571907  0  0.418842  -0.0436555  0.774612  1  
0.0536547  -0.0491688  0.997339  0  -0.0778201  -0.995946  -0.0449135  0  0.995522  -0.0752046  -0.0572646  0  0.418861  -0.0436449  0.774571  1  
0.0537311  -0.0491724  0.997334  0  -0.0777943  -0.995948  -0.0449129  0  0.99552  -0.0751752  -0.0573398  0  0.418882  -0.0436337  0.77453  1  
0.0538107  -0.049177  0.99733  0  -0.0777668  -0.99595  -0.0449131  0  0.995518  -0.0751438  -0.0574182  0  0.418903  -0.0436218  0.774488  1  
0.0538858  -0.0491792  0.997326  0  -0.0777459  -0.995951  -0.0449108  0  0.995516  -0.0751193  -0.0574923  0  0.418923  -0.0436134  0.774448  1  
0.0539709  -0.049184  0.997321  0  -0.0777158  -0.995954  -0.044911  0  0.995514  -0.0750851  -0.057576  0  0.418945  -0.0435995  0.774402  1  
0.0540509  -0.0491916  0.997316  0  -0.0776908  -0.995956  -0.044914  0  0.995511  -0.0750561  -0.0576552  0  0.418967  -0.043588  0.774359  1  
0.054135  -0.0491964  0.997311  0  -0.0776709  -0.995957  -0.0449136  0  0.995508  -0.0750321  -0.0577384  0  0.418989  -0.04358  0.774313  1  
0.0543898  -0.0492055  0.997297  0  -0.0775941  -0.995963  -0.0449079  0  0.9955  -0.0749433  -0.0579894  0  0.419056  -0.0435451  0.774178  1  
0.0544663  -0.049213  0.997292  0  -0.0775684  -0.995965  -0.0449111  0  0.995498  -0.0749136  -0.0580651  0  0.419077  -0.0435356  0.774135  1  
0.0545537  -0.0492058  0.997288  0  -0.0775369  -0.995968  -0.0448993  0  0.995496  -0.0748786  -0.0581501  0  0.419099  -0.0435193  0.774088  1  
0.0546388  -0.0492231  0.997283  0  -0.0775236  -0.995969  -0.0449109  0  0.995492  -0.0748605  -0.0582356  0  0.419122  -0.0435161  0.774042  1  
0.0547327  -0.0492202  0.997278  0  -0.0774875  -0.995972  -0.0449031  0  0.99549  -0.0748204  -0.0583273  0  0.419147  -0.0434992  0.773993  1  
0.0548196  -0.0492273  0.997272  0  -0.0774609  -0.995974  -0.0449052  0  0.995487  -0.0747894  -0.0584132  0  0.41917  -0.0434872  0.773946  1  
0.0549125  -0.0492315  0.997267  0  -0.0774351  -0.995976  -0.044904  0  0.995484  -0.0747592  -0.0585049  0  0.419194  -0.0434764  0.773896  1  
0.0550092  -0.0492373  0.997261  0  -0.0774087  -0.995978  -0.0449041  0  0.995481  -0.074728  -0.0586005  0  0.419219  -0.0434651  0.773845  1  
0.0550986  -0.0492383  0.997256  0  -0.077382  -0.99598  -0.0448999  0  0.995478  -0.0746972  -0.0586884  0  0.419243  -0.0434524  0.773797  1  
0.0551926  -0.0492464  0.997251  0  -0.0773559  -0.995982  -0.0449025  0  0.995475  -0.0746664  -0.0587815  0  0.419268  -0.0434422  0.773746  1  
0.0552867  -0.0492552  0.997245  0  -0.0773318  -0.995984  -0.0449057  0  0.995471  -0.0746375  -0.0588748  0  0.419293  -0.0434326  0.773694  1  
0.0553789  -0.0492604  0.99724  0  -0.0773036  -0.995986  -0.0449056  0  0.995468  -0.0746048  -0.0589658  0  0.419317  -0.0434195  0.773643  1  
0.0554681  -0.0492655  0.997235  0  -0.0772767  -0.995988  -0.0449056  0  0.995465  -0.0745736  -0.0590538  0  0.41934  -0.0434076  0.773594  1  
0.0555641  -0.0492765  0.997229  0  -0.0772515  -0.99599  -0.0449109  0  0.995462  -0.0745434  -0.0591491  0  0.419366  -0.0433986  0.773542  1  
0.0556575  -0.049273  0.997224  0  -0.077219  -0.995993  -0.0449024  0  0.995459  -0.0745069  -0.0592404  0  0.419389  -0.0433832  0.773491  1  
0.0557521  -0.0492817  0.997218  0  -0.0771972  -0.995994  -0.0449053  0  0.995456  -0.0744803  -0.0593343  0  0.419415  -0.0433739  0.773439  1  
0.0558384  -0.0492857  0.997213  0  -0.0771672  -0.995997  -0.0449046  0  0.995453  -0.0744461  -0.0594193  0  0.419437  -0.0433611  0.773391  1  
0.0559417  -0.0492953  0.997207  0  -0.0771457  -0.995998  -0.0449079  0  0.995449  -0.0744194  -0.0595219  0  0.419464  -0.0433526  0.773335  1  
0.0560296  -0.0492979  0.997202  0  -0.0771151  -0.996001  -0.0449056  0  0.995447  -0.0743847  -0.0596083  0  0.419487  -0.0433394  0.773286  1  
0.0561306  -0.0493057  0.997196  0  -0.0770893  -0.996003  -0.0449075  0  0.995443  -0.0743539  -0.0597083  0  0.419512  -0.0433282  0.773231  1  
0.0562214  -0.0493057  0.99719  0  -0.0770638  -0.996005  -0.0449023  0  0.99544  -0.0743242  -0.0597977  0  0.419534  -0.0433163  0.773181  1  
0.0563233  -0.0493182  0.997184  0  -0.0770362  -0.996007  -0.0449088  0  0.995436  -0.0742913  -0.0598988  0  0.41956  -0.0433051  0.773126  1  
0.0564165  -0.0493191  0.997179  0  -0.0770057  -0.996009  -0.0449046  0  0.995433  -0.0742566  -0.0599903  0  0.419584  -0.0432909  0.773075  1  
0.0565182  -0.0493275  0.997173  0  -0.0769867  -0.996011  -0.0449065  0  0.995429  -0.0742324  -0.0600914  0  0.419609  -0.043284  0.773019  1  
0.0566123  -0.0493283  0.997167  0  -0.0769596  -0.996013  -0.0449019  0  0.995426  -0.074201  -0.060184  0  0.419632  -0.0432722  0.772967  1  
0.0567121  -0.0493431  0.997161  0  -0.0769371  -0.996014  -0.0449106  0  0.995422  -0.0741732  -0.0602835  0  0.419657  -0.0432629  0.772912  1  
0.0568085  -0.0493478  0.997155  0  -0.0769083  -0.996017  -0.0449099  0  0.995418  -0.0741397  -0.0603786  0  0.41968  -0.0432491  0.772859  1  
0.056898  -0.0493514  0.99715  0  -0.0768813  -0.996019  -0.0449085  0  0.995415  -0.0741084  -0.0604668  0  0.419702  -0.0432389  0.77281  1  
0.0570055  -0.0493572  0.997143  0  -0.0768565  -0.996021  -0.0449078  0  0.995411  -0.0740783  -0.0605732  0  0.419729  -0.0432287  0.772752  1  
0.0571066  -0.049364  0.997137  0  -0.0768291  -0.996023  -0.0449088  0  0.995407  -0.074046  -0.0606732  0  0.419754  -0.0432162  0.772696  1  
0.0572105  -0.0493727  0.997131  0  -0.0767995  -0.996025  -0.0449116  0  0.995404  -0.0740111  -0.060776  0  0.41978  -0.0432045  0.77264  1  
0.0573175  -0.0493832  0.997124  0  -0.0767688  -0.996027  -0.044916  0  0.9954  -0.073975  -0.060882  0  0.419806  -0.0431918  0.772581  1  
0.0574229  -0.0493846  0.997118  0  -0.0767416  -0.996029  -0.0449112  0  0.995396  -0.0739429  -0.0609859  0  0.419833  -0.0431806  0.772524  1  
0.0575324  -0.0493957  0.997111  0  -0.0767183  -0.996031  -0.0449156  0  0.995391  -0.073914  -0.0610948  0  0.41986  -0.043171  0.772465  1  
0.057639  -0.0494002  0.997105  0  -0.0766858  -0.996034  -0.0449142  0  0.995388  -0.0738764  -0.0611999  0  0.419886  -0.0431561  0.772406  1  
0.05775  -0.0494074  0.997098  0  -0.0766609  -0.996035  -0.0449147  0  0.995383  -0.0738461  -0.0613098  0  0.419914  -0.0431471  0.772345  1  
0.0578615  -0.0494176  0.997091  0  -0.0766344  -0.996037  -0.0449183  0  0.995379  -0.0738139  -0.0614205  0  0.419942  -0.043137  0.772284  1  
0.0579734  -0.0494302  0.997084  0  -0.0766088  -0.996039  -0.0449241  0  0.995374  -0.0737824  -0.0615317  0  0.41997  -0.0431265  0.772224  1  
0.0580738  -0.0494319  0.997078  0  -0.076579  -0.996041  -0.0449202  0  0.995371  -0.073748  -0.0616305  0  0.419995  -0.0431138  0.772168  1  
0.0581853  -0.0494381  0.997071  0  -0.0765531  -0.996043  -0.0449197  0  0.995366  -0.0737166  -0.0617409  0  0.420022  -0.0431023  0.772106  1  
0.058295  -0.0494487  0.997064  0  -0.0765205  -0.996046  -0.0449243  0  0.995362  -0.0736784  -0.0618496  0  0.42005  -0.0430895  0.772046  1  
0.0584028  -0.0494604  0.997057  0  -0.0764945  -0.996048  -0.0449296  0  0.995358  -0.0736468  -0.0619566  0  0.420077  -0.0430786  0.771987  1  
0.0585143  -0.0494701  0.99705  0  -0.0764693  -0.996049  -0.0449326  0  0.995353  -0.0736159  -0.0620672  0  0.420105  -0.0430698  0.771925  1  
0.0586207  -0.0494696  0.997044  0  -0.0764409  -0.996052  -0.044926  0  0.995349  -0.0735828  -0.062172  0  0.420131  -0.0430564  0.771867  1  
0.0587391  -0.0494815  0.997037  0  -0.0764145  -0.996054  -0.0449308  0  0.995344  -0.0735502  -0.0622896  0  0.42016  -0.0430464  0.771801  1  
0.0588469  -0.0494911  0.99703  0  -0.0763804  -0.996056  -0.0449346  0  0.995341  -0.0735107  -0.0623962  0  0.420187  -0.043032  0.77174  1  
0.0589504  -0.0494981  0.997023  0  -0.0763567  -0.996058  -0.0449354  0  0.995336  -0.0734819  -0.0624987  0  0.420212  -0.0430229  0.771682  1  
0.0590641  -0.0495049  0.997016  0  -0.0763272  -0.99606  -0.0449357  0  0.995332  -0.0734467  -0.0626111  0  0.42024  -0.0430105  0.771618  1  
0.0591766  -0.0495151  0.997009  0  -0.0763  -0.996062  -0.0449394  0  0.995327  -0.0734139  -0.0627228  0  0.420268  -0.0429984  0.771556  1  
0.0592888  -0.0495263  0.997002  0  -0.076275  -0.996064  -0.0449438  0  0.995322  -0.0733831  -0.0628343  0  0.420294  -0.042989  0.771493  1  
0.0594006  -0.0495307  0.996995  0  -0.0762504  -0.996066  -0.0449416  0  0.995318  -0.0733531  -0.0629449  0  0.420322  -0.042979  0.77143  1  
0.0595072  -0.049541  0.996988  0  -0.076221  -0.996068  -0.0449459  0  0.995314  -0.0733183  -0.0630505  0  0.420349  -0.0429676  0.771368  1  
0.0596116  -0.0495442  0.996982  0  -0.0761944  -0.99607  -0.0449431  0  0.995309  -0.0732867  -0.0631535  0  0.420375  -0.0429551  0.771309  1  
0.0597256  -0.0495579  0.996974  0  -0.0761718  -0.996071  -0.0449498  0  0.995304  -0.073258  -0.0632671  0  0.420401  -0.0429472  0.771245  1  
0.0598387  -0.049565  0.996967  0  -0.076143  -0.996074  -0.0449505  0  0.9953  -0.0732236  -0.063379  0  0.42043  -0.0429354  0.771182  1  
0.0599544  -0.0495653  0.99696  0  -0.0761135  -0.996076  -0.0449441  0  0.995295  -0.0731889  -0.0634929  0  0.420458  -0.0429216  0.771118  1  
0.0600649  -0.049578  0.996953  0  -0.0760904  -0.996078  -0.0449502  0  0.99529  -0.07316  -0.0636029  0  0.420483  -0.0429134  0.771056  1  
0.0601763  -0.0495903  0.996946  0  -0.0760649  -0.996079  -0.0449559  0  0.995285  -0.0731287  -0.0637136  0  0.42051  -0.0429029  0.770993  1  
0.0602952  -0.0496002  0.996938  0  -0.0760373  -0.996081  -0.0449588  0  0.99528  -0.073095  -0.0638316  0  0.420539  -0.0428925  0.770928  1  
0.0604095  -0.049606  0.996931  0  -0.0760086  -0.996083  -0.0449581  0  0.995275  -0.0730608  -0.0639446  0  0.420567  -0.0428803  0.770864  1  
0.0605265  -0.0496213  0.996923  0  -0.0759913  -0.996084  -0.0449659  0  0.99527  -0.0730373  -0.0640615  0  0.420595  -0.0428747  0.770799  1  
0.0606412  -0.049632  0.996915  0  -0.07597  -0.996086  -0.0449695  0  0.995264  -0.07301  -0.0641756  0  0.420624  -0.0428664  0.770734  1  
0.0607574  -0.0496404  0.996908  0  -0.0759466  -0.996088  -0.0449709  0  0.995259  -0.0729808  -0.0642909  0  0.420652  -0.0428585  0.770669  1  
0.0608788  -0.0496466  0.9969  0  -0.0759213  -0.99609  -0.0449698  0  0.995254  -0.0729497  -0.0644112  0  0.420682  -0.0428473  0.770602  1  
0.0609934  -0.0496629  0.996892  0  -0.0759052  -0.99609  -0.0449788  0  0.995248  -0.0729273  -0.0645259  0  0.42071  -0.042842  0.770536  1  
0.0611174  -0.0496654  0.996885  0  -0.0758799  -0.996093  -0.0449738  0  0.995242  -0.0728962  -0.0646485  0  0.420741  -0.0428298  0.770468  1  
0.0612375  -0.0496702  0.996877  0  -0.0758607  -0.996094  -0.0449711  0  0.995236  -0.0728713  -0.0647676  0  0.42077  -0.0428221  0.770402  1  
0.0613612  -0.049683  0.996869  0  -0.0758364  -0.996096  -0.0449764  0  0.99523  -0.0728405  -0.0648907  0  0.4208  -0.0428126  0.770333  1  
0.0614733  -0.0496922  0.996861  0  -0.0758194  -0.996097  -0.0449786  0  0.995225  -0.0728178  -0.0650022  0  0.420828  -0.0428048  0.77027  1  
0.0615904  -0.0496945  0.996854  0  -0.075794  -0.996099  -0.044974  0  0.995219  -0.072787  -0.0651179  0  0.420856  -0.0427941  0.770204  1  
0.0617156  -0.0497037  0.996846  0  -0.0757748  -0.9961  -0.0449752  0  0.995213  -0.0727615  -0.0652425  0  0.420887  -0.042786  0.770133  1  
0.0618315  -0.0497242  0.996838  0  -0.0757564  -0.996101  -0.0449884  0  0.995207  -0.0727365  -0.0653587  0  0.420917  -0.042778  0.770068  1  
0.0619487  -0.0497168  0.996831  0  -0.0757325  -0.996104  -0.0449741  0  0.995202  -0.0727078  -0.0654738  0  0.420945  -0.042765  0.770002  1  
0.0620701  -0.0497302  0.996822  0  -0.0757125  -0.996105  -0.0449799  0  0.995196  -0.0726814  -0.0655948  0  0.420976  -0.0427585  0.769932  1  
0.0621863  -0.0497296  0.996815  0  -0.0756917  -0.996107  -0.0449722  0  0.99519  -0.0726554  -0.0657096  0  0.421004  -0.042748  0.769868  1  
0.0623105  -0.0497422  0.996807  0  -0.0756802  -0.996108  -0.0449765  0  0.995183  -0.0726374  -0.0658337  0  0.421036  -0.0427445  0.769797  1  
0.062417  -0.0497505  0.9968  0  -0.0756626  -0.996109  -0.0449782  0  0.995178  -0.0726145  -0.0659397  0  0.421062  -0.0427354  0.769736  1  
0.0625284  -0.0497552  0.996793  0  -0.075643  -0.99611  -0.0449761  0  0.995172  -0.0725895  -0.0660501  0  0.421091  -0.0427272  0.769671  1  
0.0626438  -0.0497661  0.996785  0  -0.0756276  -0.996111  -0.0449796  0  0.995166  -0.0725682  -0.0661652  0  0.421119  -0.0427206  0.769603  1  
0.0627577  -0.0497751  0.996777  0  -0.0756094  -0.996113  -0.0449815  0  0.995161  -0.0725442  -0.0662785  0  0.421147  -0.0427127  0.769537  1  
0.0628688  -0.0497892  0.996769  0  -0.0755955  -0.996114  -0.0449884  0  0.995155  -0.0725243  -0.0663896  0  0.421176  -0.0427067  0.769472  1  
0.0629796  -0.0497892  0.996762  0  -0.0755859  -0.996115  -0.044981  0  0.995148  -0.0725097  -0.0664996  0  0.421204  -0.0427029  0.769408  1  
0.063096  -0.0498006  0.996755  0  -0.0755724  -0.996115  -0.0449848  0  0.995142  -0.0724902  -0.0666157  0  0.421233  -0.0426967  0.76934  1  
0.0632113  -0.0498057  0.996747  0  -0.0755506  -0.996117  -0.044983  0  0.995136  -0.0724628  -0.06673  0  0.421263  -0.0426865  0.769274  1  
0.0633283  -0.0498199  0.996739  0  -0.0755377  -0.996118  -0.0449896  0  0.99513  -0.0724437  -0.066847  0  0.42129  -0.0426798  0.769207  1  
0.0634441  -0.0498168  0.996732  0  -0.075525  -0.996119  -0.0449789  0  0.995123  -0.0724259  -0.0669616  0  0.42132  -0.0426743  0.769141  1  
0.0635687  -0.0498279  0.996723  0  -0.0755137  -0.99612  -0.0449816  0  0.995116  -0.0724082  -0.0670861  0  0.421349  -0.0426684  0.769071  1  
0.0636949  -0.0498349  0.996715  0  -0.075499  -0.996121  -0.0449805  0  0.995109  -0.0723874  -0.0672116  0  0.421381  -0.0426614  0.769  1  
0.0638093  -0.0498426  0.996707  0  -0.0754842  -0.996122  -0.0449808  0  0.995103  -0.0723668  -0.0673254  0  0.421408  -0.0426541  0.768937  1  
0.0639338  -0.0498483  0.996699  0  -0.0754701  -0.996123  -0.0449784  0  0.995096  -0.0723467  -0.0674493  0  0.42144  -0.0426481  0.768867  1  
0.0640632  -0.0498581  0.99669  0  -0.0754614  -0.996124  -0.0449795  0  0.995089  -0.0723315  -0.0675785  0  0.421471  -0.0426436  0.768795  1  
0.0641859  -0.0498728  0.996681  0  -0.0754477  -0.996125  -0.0449861  0  0.995082  -0.0723112  -0.0677013  0  0.421502  -0.042637  0.768726  1  
0.0643091  -0.049874  0.996673  0  -0.0754379  -0.996126  -0.0449791  0  0.995075  -0.0722958  -0.0678236  0  0.421531  -0.0426335  0.768658  1  
0.0644383  -0.0498783  0.996665  0  -0.0754261  -0.996127  -0.0449748  0  0.995067  -0.0722778  -0.0679521  0  0.421562  -0.042627  0.768586  1  
0.0645568  -0.0498949  0.996656  0  -0.075411  -0.996128  -0.0449838  0  0.995061  -0.0722563  -0.0680708  0  0.421592  -0.0426213  0.768521  1  
0.064684  -0.0499032  0.996648  0  -0.0753973  -0.996129  -0.0449838  0  0.995053  -0.0722362  -0.0681975  0  0.421623  -0.042614  0.76845  1  
0.064812  -0.0499058  0.996639  0  -0.0753882  -0.99613  -0.0449777  0  0.995046  -0.0722211  -0.0683247  0  0.421654  -0.0426088  0.76838  1  
0.0649376  -0.0499092  0.996631  0  -0.0753736  -0.996131  -0.044973  0  0.995039  -0.0722006  -0.0684495  0  0.421684  -0.0426021  0.768311  1  
0.0650633  -0.0499186  0.996622  0  -0.075363  -0.996132  -0.0449741  0  0.995031  -0.0721836  -0.0685749  0  0.421715  -0.0425963  0.768241  1  
0.0651843  -0.0499269  0.996614  0  -0.0753524  -0.996133  -0.0449743  0  0.995024  -0.072167  -0.0686956  0  0.421745  -0.0425909  0.768174  1  
0.0653143  -0.0499378  0.996605  0  -0.0753435  -0.996133  -0.0449763  0  0.995016  -0.0721515  -0.0688256  0  0.421777  -0.0425868  0.768101  1  
0.0654339  -0.0499366  0.996597  0  -0.0753277  -0.996135  -0.0449676  0  0.99501  -0.0721304  -0.0689439  0  0.421805  -0.0425789  0.768034  1  
0.0655579  -0.0499491  0.996588  0  -0.0753158  -0.996135  -0.0449719  0  0.995002  -0.0721119  -0.0690679  0  0.421835  -0.0425726  0.767966  1  
0.0656822  -0.0499623  0.996579  0  -0.0753081  -0.996136  -0.0449767  0  0.994995  -0.0720977  -0.0691922  0  0.421866  -0.0425698  0.767896  1  
0.0658095  -0.0499709  0.996571  0  -0.075299  -0.996136  -0.0449767  0  0.994987  -0.0720823  -0.0693194  0  0.421896  -0.0425648  0.767826  1  
0.0659283  -0.049979  0.996562  0  -0.0752889  -0.996137  -0.0449769  0  0.99498  -0.0720662  -0.0694378  0  0.421925  -0.0425598  0.767759  1  
0.0660612  -0.0499895  0.996553  0  -0.0752805  -0.996138  -0.0449784  0  0.994972  -0.072051  -0.0695706  0  0.421957  -0.0425564  0.767687  1  
0.0661761  -0.0499945  0.996545  0  -0.0752706  -0.996139  -0.0449757  0  0.994965  -0.0720356  -0.069685  0  0.421985  -0.0425521  0.767622  1  
0.0663047  -0.0500008  0.996536  0  -0.0752621  -0.996139  -0.0449733  0  0.994957  -0.0720209  -0.0698133  0  0.422017  -0.0425476  0.76755  1  
0.0664195  -0.0500138  0.996528  0  -0.075259  -0.996139  -0.0449782  0  0.994949  -0.0720116  -0.0699285  0  0.422045  -0.0425457  0.767484  1  
0.0665438  -0.0500183  0.996519  0  -0.075254  -0.99614  -0.0449741  0  0.994941  -0.0720007  -0.0700524  0  0.422075  -0.0425424  0.767414  1  
0.0666757  -0.0500308  0.99651  0  -0.0752435  -0.996141  -0.0449778  0  0.994933  -0.0719833  -0.0701842  0  0.422108  -0.0425377  0.767342  1  
0.0667873  -0.0500371  0.996502  0  -0.0752352  -0.996141  -0.0449766  0  0.994927  -0.0719696  -0.0702955  0  0.422135  -0.0425345  0.76728  1  
0.066913  -0.0500456  0.996493  0  -0.0752259  -0.996142  -0.0449767  0  0.994919  -0.071954  -0.070421  0  0.422166  -0.0425292  0.767208  1  
0.0670355  -0.0500512  0.996485  0  -0.0752156  -0.996143  -0.0449742  0  0.994911  -0.0719377  -0.070543  0  0.422196  -0.0425234  0.767141  1  
0.0671645  -0.050058  0.996476  0  -0.0752089  -0.996144  -0.0449721  0  0.994903  -0.0719247  -0.0706717  0  0.422228  -0.04252  0.76707  1  
0.0672881  -0.0500663  0.996467  0  -0.0752024  -0.996144  -0.044972  0  0.994895  -0.0719121  -0.0707951  0  0.422257  -0.0425171  0.767001  1  
0.0674197  -0.0500749  0.996458  0  -0.0751951  -0.996145  -0.0449715  0  0.994887  -0.0718981  -0.0709265  0  0.42229  -0.042513  0.766929  1  
0.0675559  -0.0500811  0.996448  0  -0.0751879  -0.996145  -0.0449683  0  0.994878  -0.0718844  -0.0710623  0  0.422323  -0.0425086  0.766854  1  
0.0676828  -0.0500889  0.996439  0  -0.0751796  -0.996146  -0.0449676  0  0.99487  -0.0718698  -0.071189  0  0.422353  -0.0425047  0.766784  1  
0.0678143  -0.050097  0.99643  0  -0.0751652  -0.996147  -0.0449673  0  0.994862  -0.0718488  -0.0713199  0  0.422385  -0.0424984  0.766713  1  
0.0679433  -0.0501101  0.99642  0  -0.0751577  -0.996147  -0.0449715  0  0.994854  -0.0718345  -0.0714491  0  0.422417  -0.0424937  0.766642  1  
0.068075  -0.0501195  0.996411  0  -0.0751555  -0.996148  -0.0449716  0  0.994845  -0.0718257  -0.0715809  0  0.422448  -0.042493  0.76657  1  
0.0682029  -0.0501256  0.996402  0  -0.075145  -0.996148  -0.0449692  0  0.994837  -0.071809  -0.0717083  0  0.42248  -0.0424878  0.766499  1  
0.0683342  -0.0501291  0.996393  0  -0.0751341  -0.99615  -0.0449641  0  0.994829  -0.0717919  -0.0718389  0  0.422513  -0.0424812  0.766428  1  
0.0684639  -0.0501405  0.996383  0  -0.0751239  -0.99615  -0.0449668  0  0.994821  -0.0717749  -0.0719684  0  0.422544  -0.0424757  0.766357  1  
0.0685904  -0.0501488  0.996374  0  -0.0751129  -0.996151  -0.0449668  0  0.994813  -0.0717576  -0.0720946  0  0.422575  -0.0424705  0.766286  1  
0.0687236  -0.0501477  0.996365  0  -0.0751126  -0.996151  -0.0449561  0  0.994804  -0.0717514  -0.0722272  0  0.422609  -0.0424695  0.766214  1  
0.0688554  -0.0501606  0.996355  0  -0.0750973  -0.996152  -0.0449606  0  0.994796  -0.0717292  -0.0723588  0  0.422641  -0.0424623  0.766142  1  
0.0689854  -0.0501693  0.996346  0  -0.0750909  -0.996153  -0.0449604  0  0.994788  -0.0717163  -0.0724886  0  0.422672  -0.0424584  0.766071  1  
0.0691018  -0.0501807  0.996337  0  -0.0750859  -0.996153  -0.0449638  0  0.99478  -0.0717052  -0.0726052  0  0.422702  -0.0424564  0.766006  1  
0.0692338  -0.0501875  0.996328  0  -0.0750776  -0.996154  -0.0449617  0  0.994771  -0.0716904  -0.0727369  0  0.422735  -0.0424504  0.765934  1  
0.0693641  -0.0502006  0.996318  0  -0.0750712  -0.996154  -0.0449659  0  0.994763  -0.0716772  -0.0728673  0  0.422768  -0.0424487  0.765863  1  
0.069486  -0.0502064  0.996309  0  -0.0750626  -0.996155  -0.0449635  0  0.994755  -0.0716626  -0.0729889  0  0.422798  -0.0424442  0.765797  1  
0.0696153  -0.0502154  0.9963  0  -0.0750512  -0.996156  -0.044964  0  0.994747  -0.0716447  -0.0731178  0  0.422831  -0.0424379  0.765726  1  
0.0697477  -0.0502192  0.99629  0  -0.0750487  -0.996156  -0.0449585  0  0.994738  -0.0716359  -0.0732499  0  0.422864  -0.0424354  0.765655  1  
0.0698724  -0.0502249  0.996281  0  -0.0750422  -0.996157  -0.0449556  0  0.994729  -0.0716233  -0.0733743  0  0.422895  -0.0424336  0.765587  1  
0.070005  -0.0502358  0.996271  0  -0.0750356  -0.996157  -0.0449575  0  0.99472  -0.07161  -0.0735069  0  0.422929  -0.0424291  0.765514  1  
0.0701261  -0.0502476  0.996262  0  -0.0750314  -0.996157  -0.0449609  0  0.994712  -0.0715994  -0.0736282  0  0.42296  -0.0424276  0.765448  1  
0.0702605  -0.0502489  0.996253  0  -0.0750226  -0.996158  -0.0449532  0  0.994703  -0.0715844  -0.0737618  0  0.422994  -0.0424219  0.765377  1  
0.0703876  -0.0502571  0.996243  0  -0.0750158  -0.996159  -0.0449527  0  0.994695  -0.0715712  -0.0738887  0  0.423026  -0.0424187  0.765307  1  
0.0705209  -0.0502708  0.996233  0  -0.0750117  -0.996159  -0.0449571  0  0.994686  -0.0715601  -0.0740224  0  0.423059  -0.0424162  0.765235  1  
0.0706545  -0.0502788  0.996223  0  -0.0750043  -0.99616  -0.0449561  0  0.994677  -0.071546  -0.0741557  0  0.423094  -0.0424123  0.765163  1  
0.0707744  -0.0502823  0.996215  0  -0.0749989  -0.99616  -0.0449514  0  0.994669  -0.071535  -0.0742752  0  0.423124  -0.0424098  0.765098  1  
0.0709043  -0.05029  0.996205  0  -0.0749893  -0.996161  -0.0449505  0  0.99466  -0.0715189  -0.0744047  0  0.423158  -0.042405  0.765028  1  
0.0710339  -0.0503016  0.996195  0  -0.0749852  -0.996161  -0.044953  0  0.994651  -0.0715081  -0.0745345  0  0.423191  -0.042402  0.764959  1  
0.0711646  -0.0503052  0.996186  0  -0.0749748  -0.996162  -0.0449481  0  0.994643  -0.0714915  -0.0746646  0  0.423224  -0.0423962  0.764887  1  
0.0712892  -0.050321  0.996176  0  -0.0749734  -0.996162  -0.044955  0  0.994634  -0.0714833  -0.0747897  0  0.423255  -0.0423972  0.764819  1  
0.07142  -0.0503277  0.996166  0  -0.0749673  -0.996163  -0.0449528  0  0.994625  -0.0714707  -0.0749203  0  0.423289  -0.0423925  0.764749  1  
0.0715421  -0.0503319  0.996157  0  -0.0749589  -0.996163  -0.0449488  0  0.994617  -0.0714565  -0.0750419  0  0.423321  -0.0423884  0.764683  1  
0.0716729  -0.0503401  0.996147  0  -0.0749552  -0.996164  -0.0449479  0  0.994608  -0.0714463  -0.0751727  0  0.423353  -0.0423863  0.764612  1  
0.071799  -0.0503514  0.996138  0  -0.0749484  -0.996164  -0.0449506  0  0.994599  -0.0714329  -0.0752988  0  0.423386  -0.0423824  0.764544  1  
0.0719266  -0.0503558  0.996128  0  -0.0749437  -0.996165  -0.0449462  0  0.99459  -0.0714221  -0.075426  0  0.423419  -0.0423791  0.764475  1  
0.0720516  -0.0503655  0.996119  0  -0.0749379  -0.996165  -0.0449474  0  0.994582  -0.0714099  -0.075551  0  0.42345  -0.0423776  0.764407  1  
0.0721763  -0.0503736  0.996109  0  -0.0749329  -0.996165  -0.0449469  0  0.994573  -0.0713986  -0.0756756  0  0.423483  -0.0423742  0.76434  1  
0.0723038  -0.0503775  0.9961  0  -0.0749288  -0.996166  -0.0449419  0  0.994564  -0.0713885  -0.0758028  0  0.423515  -0.0423722  0.764272  1  
0.0724303  -0.0503901  0.99609  0  -0.0749232  -0.996166  -0.044946  0  0.994555  -0.0713762  -0.0759295  0  0.423547  -0.0423684  0.764203  1  
0.0725571  -0.0503981  0.99608  0  -0.074914  -0.996167  -0.0449456  0  0.994547  -0.0713606  -0.0760559  0  0.423581  -0.0423633  0.764135  1  
0.0726797  -0.0503985  0.996071  0  -0.0749057  -0.996168  -0.0449378  0  0.994538  -0.0713467  -0.0761778  0  0.423611  -0.0423589  0.764068  1  
0.0729265  -0.0504184  0.996052  0  -0.0748957  -0.996169  -0.0449408  0  0.994521  -0.071324  -0.0764247  0  0.423674  -0.0423527  0.763935  1  
0.0730541  -0.0504257  0.996043  0  -0.0748925  -0.996169  -0.0449391  0  0.994512  -0.0713145  -0.0765522  0  0.423707  -0.0423513  0.763865  1  
0.0731889  -0.0504331  0.996032  0  -0.0748869  -0.996169  -0.0449373  0  0.994502  -0.0713023  -0.0766867  0  0.423741  -0.0423488  0.763794  1  
0.0733065  -0.0504392  0.996023  0  -0.0748788  -0.99617  -0.0449356  0  0.994494  -0.0712884  -0.0768041  0  0.423772  -0.0423442  0.76373  1  
0.0734282  -0.0504532  0.996014  0  -0.0748778  -0.99617  -0.0449409  0  0.994485  -0.0712808  -0.0769262  0  0.423803  -0.0423433  0.763663  1  
0.0735536  -0.0504582  0.996004  0  -0.0748724  -0.99617  -0.0449374  0  0.994477  -0.0712693  -0.0770513  0  0.423837  -0.0423404  0.763595  1  
0.0736852  -0.0504601  0.995994  0  -0.0748693  -0.996171  -0.0449301  0  0.994467  -0.0712601  -0.0771824  0  0.42387  -0.0423377  0.763523  1  
0.0738056  -0.0504721  0.995985  0  -0.0748659  -0.996171  -0.0449337  0  0.994458  -0.0712503  -0.0773031  0  0.423902  -0.0423359  0.763457  1  
0.0739262  -0.0504828  0.995975  0  -0.0748608  -0.996171  -0.0449362  0  0.99445  -0.0712389  -0.0774238  0  0.423934  -0.0423335  0.763393  1  
0.0740561  -0.0504841  0.995966  0  -0.0748548  -0.996172  -0.0449286  0  0.994441  -0.071227  -0.0775531  0  0.423968  -0.0423291  0.763323  1  
0.0741802  -0.0504955  0.995956  0  -0.0748549  -0.996172  -0.0449311  0  0.994431  -0.0712206  -0.0776776  0  0.424001  -0.0423288  0.763256  1  
0.0743081  -0.0505053  0.995946  0  -0.0748522  -0.996172  -0.044932  0  0.994422  -0.0712113  -0.0778056  0  0.424033  -0.0423268  0.763187  1  
0.0744337  -0.0505127  0.995936  0  -0.0748447  -0.996173  -0.044931  0  0.994413  -0.0711976  -0.0779309  0  0.424068  -0.042323  0.76312  1  
0.0745589  -0.0505208  0.995926  0  -0.0748431  -0.996173  -0.0449302  0  0.994404  -0.0711896  -0.0780562  0  0.4241  -0.042323  0.763053  1  
0.0746868  -0.0505285  0.995916  0  -0.0748395  -0.996173  -0.0449291  0  0.994395  -0.0711797  -0.0781841  0  0.424134  -0.0423197  0.762986  1  
0.0748179  -0.0505331  0.995906  0  -0.0748322  -0.996174  -0.0449248  0  0.994385  -0.071166  -0.0783147  0  0.424168  -0.0423145  0.762916  1  
0.0749467  -0.0505464  0.995896  0  -0.074833  -0.996174  -0.0449289  0  0.994376  -0.07116  -0.078444  0  0.424201  -0.0423152  0.762848  1  
0.0750789  -0.0505516  0.995886  0  -0.0748309  -0.996174  -0.0449248  0  0.994366  -0.0711515  -0.078576  0  0.424237  -0.0423124  0.762778  1  
0.0752087  -0.0505519  0.995876  0  -0.0748221  -0.996175  -0.0449165  0  0.994357  -0.0711368  -0.078705  0  0.424271  -0.0423076  0.762709  1  
0.0753293  -0.0505631  0.995866  0  -0.0748193  -0.996175  -0.0449193  0  0.994348  -0.0711277  -0.0788258  0  0.424304  -0.0423048  0.762645  1  
0.0754584  -0.050575  0.995856  0  -0.074818  -0.996175  -0.0449221  0  0.994338  -0.0711195  -0.0789552  0  0.424338  -0.0423041  0.762576  1  
0.0755854  -0.050581  0.995846  0  -0.0748162  -0.996175  -0.0449192  0  0.994329  -0.0711115  -0.0790821  0  0.424371  -0.0423034  0.762509  1  
