0.0452349  -0.0493454  0.997747  0  -0.0794777  -0.995781  -0.0456449  0  0.99581  -0.0772354  -0.0489669  0  0.417035  -0.0442883  0.778325  1  
0.0452321  -0.0493448  0.997747  0  -0.0794804  -0.995781  -0.0456444  0  0.99581  -0.0772382  -0.0489642  0  0.417033  -0.04429  0.778325  1  
0.0452355  -0.0493427  0.997747  0  -0.0794766  -0.995782  -0.0456422  0  0.99581  -0.0772344  -0.0489672  0  0.417034  -0.0442884  0.778324  1  
0.0452402  -0.0493485  0.997747  0  -0.0794812  -0.995781  -0.0456474  0  0.995809  -0.0772385  -0.0489725  0  0.417035  -0.0442907  0.778322  1  
0.0452541  -0.0493536  0.997746  0  -0.0794754  -0.995781  -0.0456517  0  0.995809  -0.0772318  -0.0489865  0  0.417036  -0.0442885  0.778316  1  
0.0452758  -0.0493537  0.997745  0  -0.0794758  -0.995781  -0.0456501  0  0.995808  -0.0772312  -0.0490082  0  0.417037  -0.0442901  0.778308  1  
0.0453093  -0.0493586  0.997743  0  -0.0794749  -0.995781  -0.0456524  0  0.995807  -0.0772285  -0.0490419  0  0.417042  -0.0442889  0.778296  1  
0.0453486  -0.0493584  0.997741  0  -0.0794692  -0.995782  -0.0456495  0  0.995805  -0.0772211  -0.0490807  0  0.417046  -0.0442853  0.778282  1  
0.0453839  -0.0493578  0.99774  0  -0.079473  -0.995782  -0.045646  0  0.995803  -0.0772233  -0.049116  0  0.417053  -0.044288  0.778268  1  
0.045429  -0.0493629  0.997738  0  -0.0794721  -0.995782  -0.0456477  0  0.995801  -0.07722  -0.0491613  0  0.41706  -0.0442872  0.77825  1  
0.0454711  -0.0493692  0.997735  0  -0.079475  -0.995781  -0.0456505  0  0.995799  -0.0772207  -0.0492039  0  0.417067  -0.0442889  0.778234  1  
0.0455254  -0.0493694  0.997733  0  -0.0794674  -0.995782  -0.0456468  0  0.995797  -0.0772107  -0.0492576  0  0.417079  -0.0442856  0.778213  1  
0.0455763  -0.0493725  0.99773  0  -0.079457  -0.995783  -0.0456466  0  0.995796  -0.0771977  -0.049308  0  0.417088  -0.0442805  0.778194  1  
0.0456191  -0.0493866  0.997728  0  -0.0794522  -0.995783  -0.0456575  0  0.995794  -0.0771903  -0.0493516  0  0.417097  -0.0442802  0.778176  1  
0.0456611  -0.0493959  0.997725  0  -0.0794425  -0.995783  -0.045664  0  0.995793  -0.0771782  -0.0493937  0  0.417105  -0.0442767  0.77816  1  
0.045713  -0.0493978  0.997723  0  -0.0794333  -0.995784  -0.0456624  0  0.995791  -0.0771666  -0.049445  0  0.417115  -0.0442738  0.778138  1  
0.0457627  -0.0494075  0.99772  0  -0.0794199  -0.995785  -0.0456689  0  0.99579  -0.0771503  -0.0494947  0  0.417124  -0.0442696  0.778117  1  
0.0458137  -0.0494105  0.997718  0  -0.0794066  -0.995786  -0.0456686  0  0.995789  -0.0771346  -0.0495451  0  0.417131  -0.0442647  0.778098  1  
0.0458638  -0.0494182  0.997715  0  -0.0793914  -0.995787  -0.0456732  0  0.995788  -0.0771167  -0.0495949  0  0.417139  -0.0442579  0.778077  1  
0.0459179  -0.0494169  0.997713  0  -0.0793753  -0.995788  -0.0456685  0  0.995787  -0.0770982  -0.0496479  0  0.417148  -0.0442509  0.778054  1  
0.0459593  -0.0494217  0.99771  0  -0.0793649  -0.995789  -0.0456706  0  0.995786  -0.0770856  -0.0496891  0  0.417154  -0.0442464  0.778035  1  
0.0460047  -0.0494274  0.997708  0  -0.0793497  -0.99579  -0.0456736  0  0.995785  -0.0770681  -0.049734  0  0.417162  -0.0442396  0.778015  1  
0.0460448  -0.0494346  0.997706  0  -0.0793336  -0.995791  -0.0456784  0  0.995784  -0.0770498  -0.0497738  0  0.417167  -0.0442332  0.777995  1  
0.046088  -0.0494358  0.997704  0  -0.0793151  -0.995793  -0.0456772  0  0.995784  -0.0770293  -0.049816  0  0.417174  -0.0442245  0.777975  1  
0.0461316  -0.0494379  0.997702  0  -0.079303  -0.995794  -0.0456766  0  0.995782  -0.0770151  -0.0498591  0  0.417181  -0.0442199  0.777954  1  
0.0461729  -0.049443  0.997699  0  -0.0792849  -0.995795  -0.0456794  0  0.995782  -0.0769949  -0.0498998  0  0.417187  -0.0442112  0.777934  1  
0.0462206  -0.0494484  0.997697  0  -0.0792659  -0.995797  -0.045682  0  0.995781  -0.0769734  -0.0499469  0  0.417194  -0.0442047  0.77791  1  
0.0462666  -0.049452  0.997695  0  -0.0792493  -0.995798  -0.0456829  0  0.99578  -0.0769545  -0.0499922  0  0.417201  -0.0441982  0.777888  1  
0.0463079  -0.0494585  0.997692  0  -0.0792344  -0.995799  -0.045687  0  0.99578  -0.0769373  -0.0500332  0  0.417206  -0.0441923  0.777869  1  
0.0463601  -0.0494575  0.99769  0  -0.0792112  -0.995801  -0.0456831  0  0.995779  -0.0769119  -0.050084  0  0.417215  -0.0441817  0.777844  1  
0.046398  -0.0494573  0.997688  0  -0.0791924  -0.995802  -0.0456809  0  0.995779  -0.0768913  -0.0501209  0  0.417219  -0.0441744  0.777826  1  
0.0464445  -0.0494618  0.997686  0  -0.0791732  -0.995804  -0.0456828  0  0.995778  -0.0768698  -0.0501667  0  0.417226  -0.0441661  0.777803  1  
0.046493  -0.0494665  0.997683  0  -0.0791528  -0.995805  -0.0456848  0  0.995778  -0.0768469  -0.0502144  0  0.417236  -0.0441571  0.777779  1  
0.0465477  -0.0494691  0.997681  0  -0.0791294  -0.995807  -0.0456844  0  0.995777  -0.0768209  -0.050268  0  0.417246  -0.0441475  0.777751  1  
0.0465974  -0.0494674  0.997679  0  -0.0791072  -0.995809  -0.0456799  0  0.995776  -0.0767965  -0.0503163  0  0.417254  -0.0441368  0.777726  1  
0.0466542  -0.0494763  0.997675  0  -0.0790867  -0.995811  -0.0456855  0  0.995775  -0.076773  -0.0503726  0  0.417265  -0.0441292  0.777698  1  
0.0467188  -0.0494752  0.997672  0  -0.0790661  -0.995813  -0.0456805  0  0.995774  -0.0767494  -0.0504359  0  0.417279  -0.0441198  0.777667  1  
0.0467836  -0.0494789  0.997669  0  -0.0790478  -0.995814  -0.0456801  0  0.995772  -0.0767279  -0.0504999  0  0.417291  -0.0441122  0.777635  1  
0.0468409  -0.0494851  0.997666  0  -0.0790241  -0.995816  -0.0456831  0  0.995772  -0.0767013  -0.0505564  0  0.417302  -0.0441017  0.777607  1  
0.0469166  -0.0494925  0.997662  0  -0.0790054  -0.995817  -0.0456857  0  0.995769  -0.0766788  -0.0506315  0  0.417317  -0.0440939  0.77757  1  
0.0469817  -0.0494939  0.997659  0  -0.0789742  -0.99582  -0.0456836  0  0.995769  -0.0766445  -0.050695  0  0.41733  -0.0440796  0.777539  1  
0.0470463  -0.049501  0.997656  0  -0.0789576  -0.995821  -0.0456865  0  0.995767  -0.0766246  -0.0507591  0  0.417343  -0.0440731  0.777506  1  
0.0471161  -0.049502  0.997652  0  -0.0789342  -0.995823  -0.0456834  0  0.995766  -0.0765979  -0.0508276  0  0.417358  -0.0440633  0.77747  1  
0.047192  -0.049506  0.997649  0  -0.0789075  -0.995825  -0.0456829  0  0.995764  -0.0765676  -0.0509024  0  0.417374  -0.0440504  0.777433  1  
0.0472587  -0.0495121  0.997645  0  -0.0788815  -0.995827  -0.0456852  0  0.995763  -0.0765382  -0.0509681  0  0.417387  -0.0440397  0.777398  1  
0.0473216  -0.0495146  0.997642  0  -0.0788542  -0.995829  -0.0456843  0  0.995762  -0.0765079  -0.0510297  0  0.4174  -0.0440278  0.777365  1  
0.0473988  -0.0495167  0.997638  0  -0.0788242  -0.995832  -0.045682  0  0.995761  -0.0764742  -0.0511053  0  0.417417  -0.0440142  0.777326  1  
0.0474665  -0.0495276  0.997635  0  -0.0788019  -0.995833  -0.0456888  0  0.99576  -0.0764483  -0.0511726  0  0.417431  -0.0440043  0.777289  1  
0.0475328  -0.0495282  0.997631  0  -0.0787693  -0.995836  -0.0456861  0  0.995759  -0.0764126  -0.0512371  0  0.417445  -0.0439896  0.777254  1  
0.0476021  -0.0495294  0.997628  0  -0.0787422  -0.995838  -0.0456834  0  0.995758  -0.0763823  -0.051305  0  0.417459  -0.0439783  0.777217  1  
0.0476733  -0.0495294  0.997625  0  -0.0787125  -0.995841  -0.0456794  0  0.995757  -0.0763493  -0.0513746  0  0.417474  -0.0439634  0.77718  1  
0.047744  -0.0495415  0.997621  0  -0.0786845  -0.995842  -0.0456875  0  0.995756  -0.0763175  -0.0514447  0  0.41749  -0.043952  0.777142  1  
0.0478121  -0.0495406  0.997617  0  -0.0786543  -0.995845  -0.0456829  0  0.995755  -0.0762842  -0.051511  0  0.417504  -0.0439389  0.777104  1  
0.0478889  -0.0495413  0.997614  0  -0.0786273  -0.995847  -0.0456792  0  0.995753  -0.0762536  -0.0515864  0  0.41752  -0.0439271  0.777063  1  
0.0479583  -0.0495539  0.99761  0  -0.0786015  -0.995849  -0.0456878  0  0.995752  -0.076224  -0.0516553  0  0.417536  -0.0439158  0.777025  1  
0.0480267  -0.0495585  0.997606  0  -0.0785711  -0.995851  -0.0456887  0  0.995751  -0.0761902  -0.0517223  0  0.417551  -0.0439032  0.776987  1  
0.0481039  -0.0495555  0.997603  0  -0.0785413  -0.995854  -0.0456814  0  0.99575  -0.076157  -0.0517977  0  0.417568  -0.0438889  0.776946  1  
0.0481692  -0.0495603  0.997599  0  -0.0785119  -0.995856  -0.0456828  0  0.995749  -0.0761243  -0.0518616  0  0.417582  -0.0438759  0.776908  1  
0.0482516  -0.0495635  0.997595  0  -0.0784799  -0.995859  -0.0456814  0  0.995747  -0.0760885  -0.0519426  0  0.4176  -0.0438611  0.776864  1  
0.0483218  -0.0495698  0.997591  0  -0.0784485  -0.995861  -0.0456839  0  0.995746  -0.0760535  -0.0520115  0  0.417616  -0.0438475  0.776824  1  
0.0483873  -0.0495635  0.997589  0  -0.0784179  -0.995864  -0.0456742  0  0.995746  -0.0760202  -0.0520748  0  0.417631  -0.0438323  0.776788  1  
0.0484675  -0.0495688  0.997584  0  -0.0783849  -0.995867  -0.0456752  0  0.995744  -0.0759832  -0.0521536  0  0.41765  -0.0438189  0.776743  1  
0.0485376  -0.0495677  0.997581  0  -0.0783455  -0.99587  -0.0456707  0  0.995744  -0.0759407  -0.0522215  0  0.417666  -0.0438  0.776704  1  
0.0486171  -0.0495741  0.997577  0  -0.078318  -0.995872  -0.0456726  0  0.995742  -0.0759092  -0.0522999  0  0.417685  -0.0437887  0.776659  1  
0.048691  -0.0495689  0.997573  0  -0.0782842  -0.995875  -0.0456635  0  0.995741  -0.0758722  -0.0523717  0  0.4177  -0.0437729  0.776618  1  
0.0488453  -0.049577  0.997566  0  -0.0782105  -0.995881  -0.0456637  0  0.995739  -0.0757911  -0.0525225  0  0.417735  -0.0437397  0.776533  1  
0.048922  -0.0495783  0.997562  0  -0.0781764  -0.995884  -0.045661  0  0.995738  -0.0757534  -0.0525975  0  0.417754  -0.0437249  0.776489  1  
0.0489996  -0.0495808  0.997558  0  -0.0781381  -0.995887  -0.0456596  0  0.995738  -0.0757114  -0.0526733  0  0.417772  -0.0437084  0.776445  1  
0.0490815  -0.0495954  0.997553  0  -0.0781053  -0.995889  -0.0456698  0  0.995736  -0.0756741  -0.0527544  0  0.417791  -0.0436945  0.776401  1  
0.0491689  -0.0495976  0.997549  0  -0.0780687  -0.995892  -0.0456672  0  0.995735  -0.0756334  -0.05284  0  0.417812  -0.0436768  0.776354  1  
0.0492602  -0.0495948  0.997544  0  -0.0780276  -0.995895  -0.0456597  0  0.995733  -0.0755883  -0.0529288  0  0.417833  -0.0436575  0.776304  1  
0.0493369  -0.0495984  0.99754  0  -0.0779949  -0.995898  -0.0456592  0  0.995732  -0.0755518  -0.053004  0  0.41785  -0.0436438  0.776261  1  
0.0494293  -0.0496063  0.997535  0  -0.0779521  -0.995901  -0.0456624  0  0.995731  -0.0755044  -0.0530946  0  0.417873  -0.0436241  0.776211  1  
0.0495136  -0.0496077  0.997531  0  -0.0779129  -0.995904  -0.0456595  0  0.99573  -0.0754612  -0.0531769  0  0.417892  -0.0436063  0.776164  1  
0.0496028  -0.0496041  0.997527  0  -0.0778778  -0.995908  -0.0456511  0  0.995728  -0.0754222  -0.0532639  0  0.417915  -0.043591  0.776115  1  
0.0496945  -0.0496172  0.997522  0  -0.077842  -0.99591  -0.0456591  0  0.995726  -0.0753815  -0.0533545  0  0.417936  -0.0435754  0.776065  1  
0.0497816  -0.0496202  0.997517  0  -0.0777977  -0.995913  -0.0456579  0  0.995725  -0.0753331  -0.0534396  0  0.417958  -0.0435539  0.776017  1  
0.0498718  -0.0496203  0.997513  0  -0.0777601  -0.995917  -0.0456532  0  0.995724  -0.0752914  -0.0535277  0  0.417981  -0.043538  0.775966  1  
0.0499575  -0.0496191  0.997508  0  -0.0777212  -0.99592  -0.0456477  0  0.995723  -0.0752485  -0.0536111  0  0.418002  -0.0435203  0.775918  1  
0.0500525  -0.0496289  0.997503  0  -0.0776798  -0.995923  -0.0456524  0  0.995721  -0.0752022  -0.0537046  0  0.418026  -0.0435012  0.775866  1  
0.0501446  -0.0496277  0.997499  0  -0.0776426  -0.995926  -0.0456464  0  0.995719  -0.0751609  -0.0537946  0  0.41805  -0.0434848  0.775815  1  
0.0502361  -0.0496305  0.997494  0  -0.0776063  -0.995929  -0.0456442  0  0.995718  -0.0751203  -0.0538842  0  0.418072  -0.0434674  0.775764  1  
0.0503301  -0.0496243  0.997489  0  -0.0775646  -0.995933  -0.0456332  0  0.995716  -0.0750746  -0.0539755  0  0.418096  -0.0434492  0.775712  1  
0.0504267  -0.0496299  0.997484  0  -0.077527  -0.995936  -0.0456336  0  0.995714  -0.0750323  -0.0540705  0  0.41812  -0.0434312  0.775658  1  
0.0505155  -0.0496368  0.997479  0  -0.0774858  -0.995939  -0.045636  0  0.995713  -0.0749866  -0.0541575  0  0.418142  -0.043413  0.775608  1  
0.0506087  -0.0496398  0.997475  0  -0.0774472  -0.995942  -0.0456341  0  0.995711  -0.0749435  -0.0542488  0  0.418165  -0.0433958  0.775557  1  
0.0506972  -0.0496423  0.99747  0  -0.0774062  -0.995945  -0.0456321  0  0.99571  -0.0748984  -0.0543353  0  0.418187  -0.0433776  0.775508  1  
0.0507894  -0.049644  0.997465  0  -0.0773633  -0.995949  -0.0456293  0  0.995708  -0.0748511  -0.0544253  0  0.418211  -0.0433568  0.775457  1  
0.0508791  -0.0496473  0.99746  0  -0.0773212  -0.995952  -0.0456281  0  0.995707  -0.0748047  -0.054513  0  0.418233  -0.0433382  0.775407  1  
0.0509795  -0.0496411  0.997456  0  -0.0772802  -0.995956  -0.0456167  0  0.995705  -0.0747595  -0.0546106  0  0.418257  -0.0433176  0.775353  1  
0.0510777  -0.0496492  0.99745  0  -0.0772395  -0.995959  -0.0456197  0  0.995703  -0.0747138  -0.0547072  0  0.418283  -0.0433005  0.775299  1  
0.0511685  -0.0496499  0.997445  0  -0.0771949  -0.995962  -0.045616  0  0.995702  -0.074665  -0.0547957  0  0.418306  -0.0432793  0.775249  1  
0.0512646  -0.0496526  0.99744  0  -0.0771534  -0.995966  -0.0456138  0  0.9957  -0.074619  -0.0548897  0  0.418329  -0.0432607  0.775196  1  
0.0513675  -0.0496475  0.997435  0  -0.0771112  -0.995969  -0.0456033  0  0.995698  -0.0745724  -0.0549899  0  0.418354  -0.0432396  0.77514  1  
0.0514609  -0.0496573  0.99743  0  -0.0770643  -0.995973  -0.0456088  0  0.995697  -0.0745206  -0.0550815  0  0.418376  -0.0432183  0.775088  1  
0.0515665  -0.0496568  0.997425  0  -0.0770168  -0.995977  -0.045603  0  0.995695  -0.0744683  -0.0551845  0  0.418403  -0.0431959  0.775031  1  
0.0516617  -0.049653  0.99742  0  -0.0769689  -0.995981  -0.0455947  0  0.995694  -0.0744163  -0.0552768  0  0.418426  -0.0431726  0.774979  1  
0.0517625  -0.0496548  0.997415  0  -0.0769245  -0.995984  -0.0455914  0  0.995692  -0.0743672  -0.0553754  0  0.418451  -0.0431518  0.774924  1  
0.0518689  -0.0496582  0.997409  0  -0.0768783  -0.995988  -0.0455895  0  0.99569  -0.0743159  -0.0554795  0  0.418478  -0.043129  0.774865  1  
0.0519783  -0.0496633  0.997403  0  -0.0768284  -0.995992  -0.0455893  0  0.995688  -0.0742606  -0.0555866  0  0.418505  -0.0431056  0.774807  1  
0.0520772  -0.0496595  0.997398  0  -0.0767793  -0.995996  -0.0455808  0  0.995687  -0.0742072  -0.0556825  0  0.41853  -0.0430821  0.774752  1  
0.0521819  -0.0496561  0.997393  0  -0.0767291  -0.996  -0.0455724  0  0.995685  -0.0741524  -0.0557843  0  0.418556  -0.0430581  0.774695  1  
0.0522972  -0.0496634  0.997386  0  -0.0766832  -0.996004  -0.0455737  0  0.995683  -0.0741008  -0.0558976  0  0.418585  -0.0430362  0.774633  1  
0.0524021  -0.0496548  0.997381  0  -0.076632  -0.996008  -0.0455602  0  0.995681  -0.0740453  -0.0559992  0  0.41861  -0.0430099  0.774575  1  
0.0525062  -0.0496603  0.997375  0  -0.0765856  -0.996012  -0.0455606  0  0.995679  -0.0739939  -0.0561011  0  0.418635  -0.0429886  0.774517  1  
0.0526066  -0.0496556  0.99737  0  -0.0765365  -0.996016  -0.0455512  0  0.995678  -0.0739404  -0.0561986  0  0.418661  -0.0429656  0.774461  1  
0.0527079  -0.0496646  0.997365  0  -0.0764884  -0.99602  -0.0455554  0  0.995676  -0.0738871  -0.056298  0  0.418686  -0.0429434  0.774403  1  
0.0528111  -0.0496659  0.997359  0  -0.0764427  -0.996023  -0.0455517  0  0.995674  -0.0738366  -0.0563988  0  0.418712  -0.0429221  0.774345  1  
0.0529157  -0.0496699  0.997353  0  -0.0763982  -0.996027  -0.0455504  0  0.995672  -0.073787  -0.0565013  0  0.418737  -0.0429019  0.774285  1  
0.053008  -0.0496778  0.997348  0  -0.0763479  -0.99603  -0.0455544  0  0.995671  -0.0737321  -0.0565915  0  0.418761  -0.0428799  0.774231  1  
0.0531077  -0.0496805  0.997343  0  -0.0762986  -0.996034  -0.0455525  0  0.99567  -0.0736781  -0.0566887  0  0.418786  -0.0428571  0.774173  1  
0.0532037  -0.0496793  0.997337  0  -0.0762483  -0.996038  -0.045547  0  0.995668  -0.0736235  -0.056782  0  0.41881  -0.0428353  0.774117  1  
0.0533017  -0.0496841  0.997332  0  -0.0761932  -0.996043  -0.0455478  0  0.995667  -0.0735636  -0.0568774  0  0.418835  -0.0428105  0.77406  1  
0.0534017  -0.0496908  0.997326  0  -0.0761453  -0.996046  -0.0455498  0  0.995666  -0.0735107  -0.0569754  0  0.418859  -0.0427894  0.774  1  
0.0535056  -0.0496885  0.997321  0  -0.076089  -0.996051  -0.0455431  0  0.995664  -0.0734498  -0.0570761  0  0.418884  -0.0427643  0.773941  1  
0.0536098  -0.0496938  0.997315  0  -0.0760371  -0.996055  -0.0455437  0  0.995663  -0.0733928  -0.0571779  0  0.41891  -0.0427409  0.773881  1  
0.0537041  -0.0497023  0.99731  0  -0.0759846  -0.996058  -0.0455482  0  0.995662  -0.0733355  -0.0572701  0  0.418933  -0.0427178  0.773825  1  
0.0538105  -0.0497039  0.997304  0  -0.0759286  -0.996063  -0.0455452  0  0.99566  -0.0732744  -0.0573737  0  0.41896  -0.0426932  0.773765  1  
0.053921  -0.0497023  0.997298  0  -0.0758753  -0.996067  -0.0455386  0  0.995658  -0.0732162  -0.0574812  0  0.418986  -0.0426701  0.773702  1  
0.0540239  -0.0497128  0.997292  0  -0.0758253  -0.996071  -0.0455444  0  0.995656  -0.0731608  -0.0575822  0  0.419011  -0.0426491  0.773643  1  
0.0541276  -0.0497162  0.997286  0  -0.0757712  -0.996075  -0.0455433  0  0.995655  -0.0731018  -0.0576833  0  0.419036  -0.0426242  0.773582  1  
0.0542389  -0.0497281  0.997279  0  -0.0757254  -0.996078  -0.0455497  0  0.995652  -0.0730502  -0.057793  0  0.419064  -0.0426053  0.773517  1  
0.0543415  -0.0497244  0.997274  0  -0.0756678  -0.996083  -0.0455419  0  0.995651  -0.0729881  -0.0578923  0  0.419089  -0.0425789  0.773458  1  
0.054453  -0.049732  0.997267  0  -0.0756164  -0.996087  -0.0455443  0  0.995649  -0.0729311  -0.0580016  0  0.419116  -0.0425554  0.773394  1  
0.0545565  -0.0497401  0.997261  0  -0.0755694  -0.99609  -0.0455476  0  0.995647  -0.0728789  -0.0581031  0  0.419142  -0.0425355  0.773332  1  
0.0546589  -0.0497377  0.997256  0  -0.07551  -0.996095  -0.0455412  0  0.995646  -0.072815  -0.0582023  0  0.419167  -0.0425077  0.773272  1  
0.0547585  -0.049739  0.99725  0  -0.0754531  -0.996099  -0.0455385  0  0.995645  -0.0727535  -0.058299  0  0.419192  -0.0424832  0.773213  1  
0.0548619  -0.0497443  0.997244  0  -0.0753968  -0.996104  -0.0455395  0  0.995643  -0.0726921  -0.0583998  0  0.419216  -0.0424561  0.773151  1  
0.0549676  -0.0497459  0.997239  0  -0.0753462  -0.996107  -0.0455364  0  0.995641  -0.0726365  -0.058503  0  0.419243  -0.0424346  0.773089  1  
0.055069  -0.0497452  0.997233  0  -0.0752905  -0.996112  -0.0455316  0  0.99564  -0.0725762  -0.0586013  0  0.419266  -0.0424095  0.773028  1  
0.0551754  -0.0497493  0.997227  0  -0.0752328  -0.996116  -0.0455314  0  0.995638  -0.0725134  -0.058705  0  0.419291  -0.0423814  0.772967  1  
0.0552822  -0.0497479  0.997221  0  -0.0751753  -0.996121  -0.0455256  0  0.995637  -0.072451  -0.0588087  0  0.419315  -0.0423555  0.772904  1  
0.0553905  -0.0497519  0.997215  0  -0.0751287  -0.996124  -0.0455244  0  0.995634  -0.0723993  -0.0589148  0  0.419341  -0.0423356  0.772841  1  
0.0555012  -0.0497464  0.997209  0  -0.0750705  -0.996129  -0.0455144  0  0.995632  -0.0723363  -0.059022  0  0.419366  -0.0423071  0.772779  1  
0.055616  -0.0497539  0.997202  0  -0.0750174  -0.996133  -0.0455167  0  0.99563  -0.0722775  -0.0591345  0  0.419393  -0.0422816  0.772714  1  
0.0557281  -0.04976  0.997196  0  -0.0749685  -0.996137  -0.0455176  0  0.995627  -0.072223  -0.0592444  0  0.419419  -0.0422603  0.77265  1  
0.055846  -0.0497548  0.997189  0  -0.0749198  -0.996141  -0.0455068  0  0.995624  -0.0721692  -0.0593593  0  0.419446  -0.0422373  0.772583  1  
0.0559607  -0.0497557  0.997183  0  -0.0748689  -0.996145  -0.0455023  0  0.995622  -0.072113  -0.0594713  0  0.419473  -0.042214  0.772518  1  
0.0560822  -0.0497659  0.997175  0  -0.0748179  -0.996149  -0.0455068  0  0.995619  -0.0720558  -0.0595908  0  0.4195  -0.0421904  0.772448  1  
0.056198  -0.0497684  0.997169  0  -0.0747702  -0.996152  -0.0455038  0  0.995616  -0.0720027  -0.0597041  0  0.419528  -0.0421681  0.772382  1  
0.0563184  -0.0497689  0.997162  0  -0.0747157  -0.996157  -0.0454988  0  0.995613  -0.0719426  -0.0598216  0  0.419556  -0.0421426  0.772314  1  
0.0564327  -0.0497722  0.997155  0  -0.0746628  -0.996161  -0.0454971  0  0.995611  -0.0718842  -0.0599333  0  0.419581  -0.0421182  0.772248  1  
0.0565456  -0.0497733  0.997149  0  -0.0746101  -0.996165  -0.0454932  0  0.995608  -0.0718263  -0.0600435  0  0.419608  -0.0420929  0.772182  1  
0.0566595  -0.0497742  0.997142  0  -0.0745589  -0.996169  -0.045489  0  0.995606  -0.0717698  -0.0601547  0  0.419634  -0.0420689  0.772117  1  
0.0567742  -0.0497759  0.997136  0  -0.074505  -0.996173  -0.0454857  0  0.995603  -0.0717105  -0.0602666  0  0.419662  -0.0420446  0.77205  1  
0.0568823  -0.049777  0.99713  0  -0.0744497  -0.996177  -0.0454824  0  0.995601  -0.0716502  -0.0603719  0  0.419686  -0.0420181  0.771987  1  
0.057004  -0.0497818  0.997122  0  -0.0744003  -0.996181  -0.0454815  0  0.995598  -0.0715949  -0.0604913  0  0.419715  -0.041995  0.771916  1  
0.0571202  -0.0497769  0.997116  0  -0.0743434  -0.996186  -0.0454717  0  0.995595  -0.071533  -0.0606041  0  0.419744  -0.0419675  0.771849  1  
0.0572368  -0.0497769  0.997109  0  -0.0742903  -0.99619  -0.0454665  0  0.995593  -0.0714746  -0.0607179  0  0.419771  -0.0419413  0.771781  1  
0.0573423  -0.0497899  0.997103  0  -0.0742396  -0.996193  -0.0454751  0  0.99559  -0.0714182  -0.0608216  0  0.419795  -0.0419195  0.771717  1  
0.0574687  -0.0497939  0.997095  0  -0.0741923  -0.996197  -0.0454729  0  0.995587  -0.0713649  -0.0609457  0  0.419825  -0.0418969  0.771645  1  
0.0575805  -0.0497906  0.997089  0  -0.0741409  -0.996201  -0.0454648  0  0.995584  -0.0713085  -0.0610544  0  0.41985  -0.0418723  0.77158  1  
0.0576904  -0.0498021  0.997082  0  -0.0740892  -0.996205  -0.0454715  0  0.995581  -0.0712511  -0.0611624  0  0.419875  -0.0418477  0.771516  1  
0.0578079  -0.0497992  0.997075  0  -0.0740364  -0.996209  -0.0454635  0  0.995579  -0.071193  -0.0612769  0  0.419901  -0.0418223  0.771448  1  
0.0579294  -0.0498004  0.997068  0  -0.0739873  -0.996213  -0.045459  0  0.995575  -0.0711383  -0.0613958  0  0.419929  -0.041798  0.77138  1  
0.0580493  -0.0498069  0.997061  0  -0.073941  -0.996216  -0.0454598  0  0.995572  -0.0710862  -0.0615136  0  0.419956  -0.0417763  0.771311  1  
0.058167  -0.0498095  0.997054  0  -0.0738921  -0.99622  -0.045457  0  0.995568  -0.0710317  -0.0616288  0  0.419981  -0.0417521  0.771245  1  
0.0582857  -0.049809  0.997047  0  -0.0738419  -0.996224  -0.0454513  0  0.995565  -0.070976  -0.0617448  0  0.420008  -0.0417281  0.771176  1  
0.0584061  -0.0498078  0.99704  0  -0.0737832  -0.996229  -0.0454451  0  0.995562  -0.0709119  -0.061862  0  0.420035  -0.0416987  0.771109  1  
0.0585263  -0.0498108  0.997033  0  -0.0737379  -0.996232  -0.0454423  0  0.995559  -0.0708609  -0.06198  0  0.420062  -0.0416762  0.771042  1  
0.0586538  -0.0498175  0.997025  0  -0.0736873  -0.996236  -0.0454432  0  0.995555  -0.070804  -0.0621051  0  0.420091  -0.0416512  0.770971  1  
0.0587653  -0.0498151  0.997018  0  -0.0736337  -0.99624  -0.0454361  0  0.995552  -0.0707454  -0.0622136  0  0.420116  -0.0416246  0.770907  1  
0.0588893  -0.0498107  0.997011  0  -0.0735831  -0.996244  -0.0454261  0  0.995549  -0.0706894  -0.0623346  0  0.420144  -0.0415995  0.770838  1  
0.0590008  -0.0498191  0.997004  0  -0.0735359  -0.996248  -0.0454296  0  0.995546  -0.0706365  -0.0624441  0  0.420169  -0.0415767  0.770774  1  
0.0591287  -0.0498171  0.996997  0  -0.073477  -0.996252  -0.0454222  0  0.995542  -0.070572  -0.0625688  0  0.420198  -0.0415481  0.770702  1  
0.0592562  -0.0498156  0.996989  0  -0.0734277  -0.996256  -0.0454148  0  0.995539  -0.0705169  -0.0626934  0  0.420226  -0.041523  0.77063  1  
0.0593784  -0.0498178  0.996982  0  -0.0733832  -0.99626  -0.0454112  0  0.995534  -0.0704666  -0.0628133  0  0.420253  -0.0415022  0.770561  1  
0.0594968  -0.049817  0.996975  0  -0.07333  -0.996264  -0.0454053  0  0.995531  -0.070408  -0.0629288  0  0.42028  -0.0414748  0.770493  1  
0.059612  -0.0498215  0.996968  0  -0.0732801  -0.996268  -0.0454049  0  0.995528  -0.0703525  -0.0630416  0  0.420306  -0.0414507  0.770428  1  
0.0597361  -0.0498224  0.99696  0  -0.0732351  -0.996271  -0.0453998  0  0.995524  -0.0703018  -0.0631634  0  0.420333  -0.041429  0.770357  1  
0.0598535  -0.0498239  0.996953  0  -0.073192  -0.996275  -0.0453958  0  0.99552  -0.0702533  -0.0632785  0  0.420359  -0.0414069  0.77029  1  
0.0599812  -0.0498324  0.996945  0  -0.0731414  -0.996278  -0.0453985  0  0.995516  -0.0701962  -0.063404  0  0.420389  -0.0413827  0.770218  1  
0.0601094  -0.0498326  0.996937  0  -0.0730903  -0.996282  -0.0453929  0  0.995512  -0.0701392  -0.0635294  0  0.420418  -0.0413566  0.770147  1  
0.0602267  -0.0498354  0.99693  0  -0.0730459  -0.996285  -0.0453903  0  0.995508  -0.0700893  -0.0636445  0  0.420443  -0.0413339  0.770078  1  
0.0603489  -0.0498388  0.996923  0  -0.0729947  -0.996289  -0.0453884  0  0.995505  -0.0700323  -0.0637641  0  0.420471  -0.0413082  0.770009  1  
0.0604653  -0.0498408  0.996916  0  -0.0729477  -0.996293  -0.0453852  0  0.995501  -0.0699799  -0.0638782  0  0.420497  -0.0412847  0.769943  1  
0.0605882  -0.0498465  0.996908  0  -0.0729028  -0.996296  -0.0453852  0  0.995497  -0.0699289  -0.0639989  0  0.420525  -0.0412614  0.769872  1  
0.0607092  -0.0498528  0.9969  0  -0.0728554  -0.9963  -0.045386  0  0.995493  -0.0698756  -0.0641179  0  0.420552  -0.0412378  0.769803  1  
0.0608261  -0.0498532  0.996893  0  -0.0728107  -0.996303  -0.0453812  0  0.995489  -0.0698255  -0.0642323  0  0.420578  -0.0412141  0.769735  1  
0.0609393  -0.0498641  0.996886  0  -0.0727608  -0.996306  -0.0453873  0  0.995486  -0.0697697  -0.0643437  0  0.420605  -0.0411906  0.769668  1  
0.0610557  -0.0498779  0.996878  0  -0.072717  -0.996309  -0.0453958  0  0.995482  -0.0697196  -0.0644585  0  0.420631  -0.0411684  0.7696  1  
0.0611743  -0.0498839  0.99687  0  -0.0726651  -0.996313  -0.0453968  0  0.995478  -0.0696619  -0.0645748  0  0.420658  -0.0411419  0.76953  1  
0.0612926  -0.0498918  0.996862  0  -0.0726236  -0.996316  -0.0453992  0  0.995474  -0.0696144  -0.0646914  0  0.420684  -0.0411196  0.769462  1  
0.0614184  -0.0498995  0.996854  0  -0.0725781  -0.996319  -0.045401  0  0.99547  -0.0695627  -0.0648151  0  0.420712  -0.0410973  0.76939  1  
0.0615352  -0.0499082  0.996847  0  -0.0725352  -0.996322  -0.0454043  0  0.995466  -0.0695139  -0.0649302  0  0.420739  -0.0410757  0.769322  1  
0.0616577  -0.049916  0.996839  0  -0.0724841  -0.996326  -0.045407  0  0.995462  -0.0694566  -0.0650506  0  0.420766  -0.0410498  0.769252  1  
0.0617794  -0.0499288  0.996831  0  -0.0724406  -0.996329  -0.0454141  0  0.995457  -0.0694067  -0.0651708  0  0.420794  -0.041028  0.769184  1  
0.0619027  -0.0499349  0.996823  0  -0.0723975  -0.996332  -0.0454144  0  0.995453  -0.0693575  -0.0652921  0  0.420822  -0.0410061  0.769113  1  
0.0620323  -0.0499409  0.996814  0  -0.0723552  -0.996335  -0.0454142  0  0.995448  -0.0693089  -0.0654197  0  0.42085  -0.0409858  0.769041  1  
0.0621455  -0.0499499  0.996807  0  -0.0723072  -0.996338  -0.0454185  0  0.995444  -0.0692551  -0.0655309  0  0.420875  -0.0409602  0.768975  1  
0.0622737  -0.0499574  0.996798  0  -0.0722623  -0.996341  -0.04542  0  0.99544  -0.0692038  -0.0656571  0  0.420904  -0.0409386  0.768904  1  
0.0623907  -0.049958  0.996791  0  -0.0722143  -0.996345  -0.0454156  0  0.995436  -0.0691504  -0.0657716  0  0.42093  -0.0409149  0.768838  1  
0.062511  -0.0499578  0.996783  0  -0.0721697  -0.996348  -0.0454101  0  0.995431  -0.0691003  -0.0658895  0  0.420955  -0.0408915  0.768768  1  
0.0626348  -0.0499695  0.996775  0  -0.0721208  -0.996352  -0.0454163  0  0.995427  -0.0690449  -0.0660114  0  0.420983  -0.040867  0.768697  1  
0.0627483  -0.0499722  0.996768  0  -0.0720722  -0.996355  -0.0454145  0  0.995424  -0.0689909  -0.0661225  0  0.421007  -0.0408438  0.768632  1  
0.062874  -0.0499677  0.99676  0  -0.0720236  -0.996359  -0.0454045  0  0.995419  -0.0689368  -0.0662452  0  0.421035  -0.0408183  0.76856  1  
0.0629928  -0.0499767  0.996752  0  -0.071976  -0.996363  -0.0454084  0  0.995415  -0.0688832  -0.0663621  0  0.42106  -0.0407944  0.768492  1  
0.0631156  -0.0499822  0.996744  0  -0.0719256  -0.996366  -0.0454088  0  0.995411  -0.0688268  -0.0664825  0  0.421087  -0.0407684  0.768422  1  
0.0632344  -0.0499751  0.996737  0  -0.0718751  -0.99637  -0.0453968  0  0.995407  -0.0687712  -0.0665981  0  0.421114  -0.0407419  0.768353  1  
0.0633495  -0.0499776  0.99673  0  -0.0718243  -0.996374  -0.0453948  0  0.995403  -0.068715  -0.0667107  0  0.421138  -0.0407171  0.768287  1  
0.063469  -0.0499805  0.996722  0  -0.0717786  -0.996377  -0.0453925  0  0.995399  -0.0686636  -0.0668279  0  0.421164  -0.0406938  0.768219  1  
0.0635909  -0.0499877  0.996714  0  -0.0717299  -0.996381  -0.0453946  0  0.995395  -0.0686088  -0.0669476  0  0.42119  -0.040668  0.768149  1  
0.0637141  -0.0499917  0.996706  0  -0.0716763  -0.996385  -0.0453937  0  0.995391  -0.0685493  -0.0670682  0  0.421218  -0.0406413  0.768079  1  
0.0638273  -0.0499855  0.996699  0  -0.0716303  -0.996389  -0.0453829  0  0.995387  -0.0684985  -0.0671786  0  0.421241  -0.040618  0.768015  1  
0.0639538  -0.0499918  0.99669  0  -0.0715788  -0.996392  -0.0453839  0  0.995382  -0.0684407  -0.0673027  0  0.42127  -0.0405918  0.767944  1  
0.0640719  -0.050001  0.996682  0  -0.0715332  -0.996395  -0.0453881  0  0.995378  -0.068389  -0.0674189  0  0.421295  -0.0405677  0.767876  1  
0.0641962  -0.0500036  0.996674  0  -0.0714852  -0.996399  -0.0453854  0  0.995374  -0.0683352  -0.0675408  0  0.421321  -0.0405443  0.767808  1  
0.0643165  -0.0500011  0.996666  0  -0.0714356  -0.996403  -0.045378  0  0.995369  -0.0682803  -0.0676583  0  0.421347  -0.0405198  0.767741  1  
0.0644379  -0.0500044  0.996658  0  -0.0713789  -0.996407  -0.0453768  0  0.995366  -0.0682177  -0.067777  0  0.421374  -0.04049  0.767673  1  
0.0645519  -0.0500092  0.996651  0  -0.0713285  -0.996411  -0.0453773  0  0.995362  -0.0681617  -0.0678886  0  0.421399  -0.0404648  0.767609  1  
0.0646826  -0.0500149  0.996642  0  -0.0712782  -0.996414  -0.0453774  0  0.995357  -0.0681051  -0.0680169  0  0.421428  -0.0404412  0.767536  1  
0.0648011  -0.050014  0.996634  0  -0.0712274  -0.996418  -0.045372  0  0.995353  -0.0680488  -0.0681327  0  0.421453  -0.0404157  0.76747  1  
0.0649222  -0.0500223  0.996626  0  -0.0711757  -0.996422  -0.0453755  0  0.995349  -0.067991  -0.0682515  0  0.42148  -0.0403909  0.767402  1  
0.0650527  -0.0500158  0.996618  0  -0.0711199  -0.996426  -0.0453639  0  0.995344  -0.0679296  -0.0683786  0  0.42151  -0.0403631  0.767328  1  
0.065176  -0.0500172  0.99661  0  -0.0710667  -0.99643  -0.0453605  0  0.99534  -0.0678707  -0.0684992  0  0.421539  -0.040337  0.76726  1  
0.0652932  -0.0500247  0.996602  0  -0.0710206  -0.996433  -0.0453632  0  0.995335  -0.0678187  -0.0686144  0  0.421565  -0.0403155  0.767193  1  
0.0654104  -0.050033  0.996594  0  -0.0709635  -0.996437  -0.0453675  0  0.995332  -0.0677556  -0.0687292  0  0.421591  -0.040287  0.767128  1  
0.0655363  -0.0500333  0.996585  0  -0.0709132  -0.996441  -0.0453627  0  0.995327  -0.0676994  -0.0688524  0  0.421618  -0.0402623  0.767058  1  
0.0656556  -0.0500357  0.996577  0  -0.0708566  -0.996445  -0.045361  0  0.995323  -0.0676372  -0.0689689  0  0.421646  -0.0402348  0.766991  1  
0.0657802  -0.0500338  0.996569  0  -0.0708042  -0.996449  -0.0453542  0  0.995319  -0.0675791  -0.0690905  0  0.421674  -0.0402087  0.766923  1  
0.0659006  -0.0500406  0.996561  0  -0.0707493  -0.996453  -0.0453567  0  0.995315  -0.0675183  -0.0692085  0  0.421699  -0.0401808  0.766855  1  
0.0660256  -0.0500416  0.996553  0  -0.0707006  -0.996456  -0.0453526  0  0.99531  -0.0674638  -0.0693309  0  0.421726  -0.0401577  0.766786  1  
0.0661528  -0.0500486  0.996544  0  -0.0706492  -0.99646  -0.0453546  0  0.995305  -0.067406  -0.0694558  0  0.421755  -0.040132  0.766716  1  
0.0662707  -0.0500598  0.996535  0  -0.0706045  -0.996463  -0.0453609  0  0.9953  -0.0673551  -0.069572  0  0.421781  -0.0401108  0.76665  1  
0.0663977  -0.0500612  0.996527  0  -0.0705524  -0.996467  -0.0453574  0  0.995296  -0.0672971  -0.0696963  0  0.42181  -0.0400836  0.76658  1  
0.0665149  -0.0500566  0.996519  0  -0.0705027  -0.996471  -0.0453483  0  0.995291  -0.0672423  -0.0698106  0  0.421835  -0.0400601  0.766514  1  
0.0666312  -0.0500707  0.996511  0  -0.0704524  -0.996474  -0.0453581  0  0.995287  -0.0671856  -0.0699252  0  0.421862  -0.0400353  0.766448  1  
0.0667481  -0.0500794  0.996503  0  -0.0703974  -0.996477  -0.0453627  0  0.995283  -0.0671246  -0.0700398  0  0.421889  -0.0400075  0.766383  1  
0.0668785  -0.0500766  0.996494  0  -0.070349  -0.996481  -0.0453545  0  0.995278  -0.0670704  -0.0701673  0  0.421918  -0.0399827  0.766311  1  
0.0670015  -0.0500716  0.996486  0  -0.0702942  -0.996485  -0.0453451  0  0.995273  -0.0670103  -0.0702872  0  0.421946  -0.0399539  0.766242  1  
0.0673571  -0.0500921  0.996461  0  -0.0701412  -0.996496  -0.0453526  0  0.99526  -0.0668395  -0.070636  0  0.422025  -0.0398781  0.766041  1  
0.0674741  -0.0500935  0.996453  0  -0.0700861  -0.9965  -0.04535  0  0.995256  -0.0667789  -0.0707502  0  0.422051  -0.0398499  0.765975  1  
0.0675949  -0.0501008  0.996444  0  -0.0700347  -0.996503  -0.0453529  0  0.995252  -0.0667213  -0.0708687  0  0.422079  -0.0398247  0.765906  1  
0.0677076  -0.050108  0.996436  0  -0.0699908  -0.996506  -0.0453556  0  0.995247  -0.0666717  -0.0709795  0  0.422103  -0.0398023  0.765843  1  
0.0678365  -0.0501159  0.996427  0  -0.0699351  -0.99651  -0.0453589  0  0.995242  -0.0666095  -0.071106  0  0.422133  -0.0397755  0.765771  1  
0.0679514  -0.0501247  0.996419  0  -0.0698852  -0.996513  -0.0453636  0  0.995238  -0.0665537  -0.0712188  0  0.422157  -0.0397498  0.765707  1  
0.0680672  -0.0501276  0.996411  0  -0.0698364  -0.996517  -0.0453623  0  0.995233  -0.0664993  -0.0713322  0  0.422181  -0.0397247  0.765643  1  
0.068186  -0.0501419  0.996402  0  -0.0697931  -0.996519  -0.0453717  0  0.995228  -0.0664496  -0.0714497  0  0.422208  -0.0397041  0.765577  1  
0.0682988  -0.0501491  0.996394  0  -0.069739  -0.996523  -0.0453753  0  0.995224  -0.0663897  -0.0715601  0  0.422232  -0.0396771  0.765513  1  
0.0684225  -0.0501507  0.996385  0  -0.0696824  -0.996527  -0.0453727  0  0.99522  -0.0663272  -0.0716809  0  0.42226  -0.0396481  0.765445  1  
0.0685355  -0.0501648  0.996377  0  -0.0696306  -0.99653  -0.045383  0  0.995216  -0.0662693  -0.0717921  0  0.422285  -0.0396238  0.765381  1  
0.068654  -0.0501666  0.996369  0  -0.0695797  -0.996534  -0.0453805  0  0.995211  -0.0662128  -0.071908  0  0.422311  -0.0395978  0.765315  1  
0.0687639  -0.0501768  0.996361  0  -0.0695253  -0.996537  -0.0453874  0  0.995207  -0.0661525  -0.0720157  0  0.422334  -0.0395721  0.765253  1  
0.0688838  -0.0501828  0.996352  0  -0.0694715  -0.996541  -0.0453894  0  0.995203  -0.0660928  -0.0721332  0  0.422361  -0.0395455  0.765186  1  
0.0689989  -0.0501923  0.996344  0  -0.0694199  -0.996544  -0.045395  0  0.995198  -0.0660351  -0.0722462  0  0.422386  -0.0395206  0.765123  1  
0.0691135  -0.0501966  0.996335  0  -0.0693641  -0.996548  -0.0453957  0  0.995194  -0.0659737  -0.0723582  0  0.422411  -0.0394929  0.765059  1  
0.0692265  -0.050204  0.996327  0  -0.0693122  -0.996552  -0.0453993  0  0.99519  -0.0659161  -0.0724689  0  0.422435  -0.0394688  0.764995  1  
0.0693449  -0.0502104  0.996319  0  -0.0692557  -0.996556  -0.045402  0  0.995186  -0.0658536  -0.0725848  0  0.422462  -0.0394407  0.764931  1  
0.0694699  -0.0502164  0.99631  0  -0.0692007  -0.996559  -0.0454038  0  0.995181  -0.0657924  -0.0727073  0  0.422489  -0.0394134  0.764862  1  
0.06958  -0.0502208  0.996302  0  -0.0691491  -0.996563  -0.0454047  0  0.995177  -0.0657354  -0.072815  0  0.422514  -0.039388  0.764801  1  
0.0697029  -0.0502279  0.996293  0  -0.0690978  -0.996566  -0.0454074  0  0.995172  -0.0656779  -0.0729356  0  0.422542  -0.0393642  0.764733  1  
0.0698154  -0.0502331  0.996285  0  -0.0690412  -0.99657  -0.0454094  0  0.995168  -0.0656157  -0.0730455  0  0.422567  -0.0393356  0.76467  1  
0.069934  -0.0502405  0.996276  0  -0.0689955  -0.996573  -0.0454123  0  0.995163  -0.0655639  -0.0731622  0  0.422592  -0.0393137  0.764603  1  
0.0700519  -0.0502408  0.996268  0  -0.0689454  -0.996577  -0.0454085  0  0.995158  -0.0655084  -0.0732774  0  0.422619  -0.0392889  0.764537  1  
0.0701703  -0.050247  0.996259  0  -0.0688888  -0.996581  -0.0454111  0  0.995153  -0.0654459  -0.0733933  0  0.422645  -0.0392618  0.764473  1  
0.0702836  -0.0502531  0.996251  0  -0.0688374  -0.996584  -0.0454135  0  0.995149  -0.0653887  -0.0735042  0  0.42267  -0.0392362  0.764409  1  
0.0703947  -0.0502568  0.996243  0  -0.0687847  -0.996588  -0.0454138  0  0.995145  -0.0653306  -0.0736128  0  0.422696  -0.0392111  0.764347  1  
0.0705112  -0.0502508  0.996235  0  -0.0687272  -0.996592  -0.0454044  0  0.99514  -0.0652681  -0.0737259  0  0.422722  -0.0391819  0.764282  1  
0.0706246  -0.0502538  0.996227  0  -0.068671  -0.996596  -0.0454042  0  0.995136  -0.0652065  -0.0738366  0  0.422748  -0.0391553  0.764218  1  
0.0707329  -0.05025  0.996219  0  -0.068613  -0.9966  -0.0453976  0  0.995133  -0.0651438  -0.0739417  0  0.422772  -0.0391254  0.764157  1  
0.0708506  -0.0502546  0.996211  0  -0.0685574  -0.996604  -0.0453986  0  0.995128  -0.0650824  -0.0740567  0  0.422798  -0.039099  0.764091  1  
0.0709655  -0.0502498  0.996203  0  -0.0685063  -0.996608  -0.0453901  0  0.995123  -0.0650263  -0.0741686  0  0.422824  -0.0390738  0.764027  1  
0.0710861  -0.0502398  0.996194  0  -0.0684473  -0.996613  -0.0453767  0  0.995119  -0.0649624  -0.0742855  0  0.422851  -0.0390439  0.76396  1  
0.071206  -0.0502433  0.996186  0  -0.068395  -0.996616  -0.0453762  0  0.995114  -0.0649044  -0.0744029  0  0.422879  -0.0390184  0.763894  1  
0.0713086  -0.0502437  0.996178  0  -0.0683348  -0.99662  -0.0453744  0  0.995111  -0.0648393  -0.0745025  0  0.422902  -0.0389891  0.763836  1  
0.0714335  -0.0502326  0.99617  0  -0.0682805  -0.996625  -0.0453593  0  0.995105  -0.06478  -0.0746237  0  0.42293  -0.0389612  0.763768  1  
0.0715509  -0.050235  0.996161  0  -0.0682268  -0.996629  -0.045358  0  0.995101  -0.0647207  -0.0747385  0  0.422956  -0.0389354  0.763702  1  
0.0716726  -0.0502386  0.996153  0  -0.0681743  -0.996632  -0.0453577  0  0.995096  -0.0646623  -0.0748576  0  0.422983  -0.0389099  0.763635  1  
0.0717845  -0.0502293  0.996145  0  -0.0681128  -0.996637  -0.0453457  0  0.995092  -0.0645963  -0.0749658  0  0.423008  -0.0388796  0.763572  1  
0.0719059  -0.0502213  0.996137  0  -0.0680588  -0.996641  -0.0453339  0  0.995087  -0.0645373  -0.0750839  0  0.423036  -0.0388525  0.763505  1  
0.0720168  -0.0502282  0.996128  0  -0.0680036  -0.996645  -0.0453378  0  0.995082  -0.0644765  -0.0751923  0  0.42306  -0.0388259  0.763443  1  
0.0721358  -0.0502315  0.996119  0  -0.0679449  -0.996649  -0.0453378  0  0.995078  -0.064412  -0.0753085  0  0.423086  -0.0387984  0.763378  1  
0.0722484  -0.0502242  0.996112  0  -0.0678848  -0.996653  -0.0453278  0  0.995074  -0.0643472  -0.0754175  0  0.423111  -0.0387689  0.763315  1  
0.0723748  -0.0502223  0.996103  0  -0.0678268  -0.996658  -0.0453221  0  0.995068  -0.0642836  -0.0755408  0  0.423139  -0.0387401  0.763246  1  
