0.0492075  -0.0489404  0.997579  0  -0.0793245  -0.995826  -0.0449415  0  0.995634  -0.0769225  -0.0528853  0  0.417934  -0.0442751  0.776689  1  
0.0492147  -0.0489323  0.997579  0  -0.0793225  -0.995826  -0.044933  0  0.995633  -0.0769206  -0.0528918  0  0.417937  -0.0442726  0.776686  1  
0.0492174  -0.0489417  0.997579  0  -0.0793295  -0.995825  -0.0449418  0  0.995633  -0.076927  -0.0528955  0  0.417938  -0.0442763  0.776683  1  
0.0492059  -0.0489384  0.997579  0  -0.0793254  -0.995826  -0.0449396  0  0.995634  -0.0769236  -0.0528836  0  0.417934  -0.0442748  0.776689  1  
0.0492118  -0.048948  0.997579  0  -0.0793316  -0.995825  -0.0449484  0  0.995633  -0.076929  -0.0528905  0  0.417932  -0.0442784  0.776686  1  
0.0492318  -0.0489535  0.997577  0  -0.079332  -0.995825  -0.0449524  0  0.995632  -0.0769282  -0.0529109  0  0.417933  -0.0442799  0.776679  1  
0.0492561  -0.0489492  0.997576  0  -0.0793273  -0.995825  -0.0449464  0  0.995631  -0.0769226  -0.0529345  0  0.417936  -0.0442775  0.77667  1  
0.0492795  -0.0489482  0.997575  0  -0.079324  -0.995826  -0.0449438  0  0.99563  -0.0769183  -0.0529576  0  0.41794  -0.0442766  0.776662  1  
0.049305  -0.0489506  0.997574  0  -0.0793205  -0.995826  -0.0449445  0  0.995629  -0.0769135  -0.052983  0  0.417945  -0.0442753  0.77665  1  
0.0493212  -0.0489534  0.997573  0  -0.0793227  -0.995826  -0.0449459  0  0.995628  -0.0769148  -0.0529995  0  0.417949  -0.0442756  0.776641  1  
0.0493436  -0.0489553  0.997572  0  -0.0793147  -0.995826  -0.0449464  0  0.995628  -0.0769058  -0.0530215  0  0.417955  -0.0442719  0.77663  1  
0.0493591  -0.0489622  0.997571  0  -0.0793107  -0.995826  -0.0449524  0  0.995627  -0.0769007  -0.0530374  0  0.41796  -0.0442722  0.776622  1  
0.0493793  -0.0489634  0.99757  0  -0.0792973  -0.995827  -0.0449527  0  0.995627  -0.0768863  -0.053057  0  0.417967  -0.0442657  0.776612  1  
0.049393  -0.0489608  0.997569  0  -0.0792913  -0.995828  -0.0449494  0  0.995627  -0.0768799  -0.0530701  0  0.417968  -0.0442642  0.776605  1  
0.0494114  -0.048973  0.997567  0  -0.0792839  -0.995828  -0.0449606  0  0.995627  -0.076871  -0.053089  0  0.417971  -0.0442625  0.776597  1  
0.0494308  -0.0489694  0.997567  0  -0.0792785  -0.995829  -0.0449557  0  0.995626  -0.0768649  -0.0531079  0  0.417974  -0.0442605  0.776589  1  
0.0494559  -0.0489716  0.997565  0  -0.0792662  -0.99583  -0.0449567  0  0.995626  -0.0768514  -0.0531325  0  0.417977  -0.0442554  0.776578  1  
0.0494871  -0.0489764  0.997564  0  -0.0792543  -0.99583  -0.0449596  0  0.995625  -0.0768378  -0.0531634  0  0.417982  -0.0442502  0.776564  1  
0.0495096  -0.0489756  0.997562  0  -0.079239  -0.995832  -0.044958  0  0.995625  -0.0768215  -0.053185  0  0.417985  -0.0442447  0.776557  1  
0.0495358  -0.0489796  0.997561  0  -0.0792347  -0.995832  -0.0449602  0  0.995624  -0.0768158  -0.0532113  0  0.417987  -0.0442435  0.776546  1  
0.0495674  -0.0489813  0.997559  0  -0.07922  -0.995833  -0.0449602  0  0.995624  -0.0767996  -0.0532421  0  0.417993  -0.044237  0.776533  1  
0.0495994  -0.0489805  0.997558  0  -0.0792073  -0.995834  -0.0449576  0  0.995623  -0.0767855  -0.0532734  0  0.417997  -0.0442319  0.77652  1  
0.049625  -0.0489891  0.997556  0  -0.0791953  -0.995835  -0.0449649  0  0.995623  -0.0767718  -0.0532991  0  0.418002  -0.0442275  0.776509  1  
0.0496596  -0.0489885  0.997554  0  -0.0791884  -0.995836  -0.044962  0  0.995622  -0.0767635  -0.0533331  0  0.418007  -0.0442256  0.776495  1  
0.0496911  -0.0489973  0.997552  0  -0.0791731  -0.995836  -0.0449692  0  0.995622  -0.0767462  -0.0533645  0  0.418012  -0.0442181  0.776482  1  
0.049714  -0.0489985  0.997551  0  -0.0791562  -0.995838  -0.0449695  0  0.995622  -0.0767282  -0.0533866  0  0.418015  -0.044212  0.776472  1  
0.0497456  -0.048995  0.99755  0  -0.0791425  -0.995839  -0.0449643  0  0.995621  -0.0767133  -0.0534173  0  0.41802  -0.0442071  0.77646  1  
0.0497689  -0.0490028  0.997548  0  -0.0791286  -0.99584  -0.044971  0  0.995621  -0.0766979  -0.0534404  0  0.418022  -0.0442022  0.77645  1  
0.0497995  -0.0489994  0.997547  0  -0.0791098  -0.995842  -0.0449664  0  0.995621  -0.0766779  -0.0534698  0  0.418028  -0.0441941  0.776436  1  
0.0498334  -0.049014  0.997544  0  -0.079093  -0.995842  -0.0449792  0  0.995621  -0.0766588  -0.0535039  0  0.418035  -0.0441876  0.776421  1  
0.0498629  -0.0490088  0.997543  0  -0.0790769  -0.995844  -0.0449726  0  0.995621  -0.0766416  -0.0535321  0  0.418039  -0.0441813  0.77641  1  
0.0498988  -0.0490138  0.997541  0  -0.0790627  -0.995845  -0.0449756  0  0.99562  -0.0766255  -0.0535677  0  0.418046  -0.0441756  0.776395  1  
0.0499358  -0.049012  0.997539  0  -0.079042  -0.995847  -0.0449721  0  0.99562  -0.0766032  -0.0536034  0  0.418052  -0.0441666  0.776381  1  
0.0499808  -0.0490144  0.997537  0  -0.0790236  -0.995848  -0.044972  0  0.995619  -0.0765827  -0.0536477  0  0.418059  -0.0441601  0.776365  1  
0.0500237  -0.0490155  0.997535  0  -0.0790102  -0.995849  -0.0449705  0  0.995618  -0.0765673  -0.0536899  0  0.418065  -0.0441544  0.776348  1  
0.0500813  -0.0490177  0.997532  0  -0.078995  -0.995851  -0.0449691  0  0.995616  -0.0765494  -0.0537467  0  0.418076  -0.0441493  0.776327  1  
0.0501224  -0.0490184  0.99753  0  -0.0789771  -0.995852  -0.0449677  0  0.995615  -0.0765296  -0.0537869  0  0.418082  -0.0441415  0.776313  1  
0.0501788  -0.0490283  0.997526  0  -0.0789618  -0.995853  -0.044974  0  0.995614  -0.0765112  -0.0538431  0  0.418092  -0.0441358  0.77629  1  
0.0502277  -0.0490396  0.997523  0  -0.0789421  -0.995854  -0.0449826  0  0.995613  -0.0764887  -0.0538918  0  0.4181  -0.0441291  0.776271  1  
0.0502801  -0.0490435  0.997521  0  -0.0789233  -0.995856  -0.0449835  0  0.995612  -0.0764673  -0.0539434  0  0.41811  -0.0441211  0.776252  1  
0.0503296  -0.0490443  0.997518  0  -0.078904  -0.995857  -0.0449816  0  0.995611  -0.0764458  -0.053992  0  0.418119  -0.0441142  0.776233  1  
0.050382  -0.0490509  0.997515  0  -0.0788913  -0.995858  -0.0449849  0  0.995609  -0.0764303  -0.0540441  0  0.418129  -0.044111  0.776215  1  
0.0504426  -0.0490566  0.997512  0  -0.0788638  -0.99586  -0.0449874  0  0.995608  -0.0763998  -0.0541037  0  0.418141  -0.0440986  0.776192  1  
0.0505027  -0.0490599  0.997509  0  -0.0788486  -0.995861  -0.0449869  0  0.995606  -0.0763817  -0.054163  0  0.418151  -0.0440938  0.776168  1  
0.0505643  -0.0490665  0.997505  0  -0.0788277  -0.995863  -0.0449899  0  0.995605  -0.0763576  -0.0542239  0  0.418163  -0.0440845  0.776144  1  
0.050618  -0.0490734  0.997502  0  -0.0788114  -0.995864  -0.0449935  0  0.995604  -0.0763385  -0.0542772  0  0.418173  -0.0440795  0.776124  1  
0.0506755  -0.0490754  0.997499  0  -0.0787906  -0.995866  -0.0449923  0  0.995602  -0.0763151  -0.0543337  0  0.418184  -0.0440717  0.776101  1  
0.0507348  -0.0490833  0.997496  0  -0.0787737  -0.995867  -0.0449965  0  0.995601  -0.076295  -0.0543926  0  0.418197  -0.0440659  0.776078  1  
0.050794  -0.0490885  0.997492  0  -0.0787583  -0.995868  -0.044998  0  0.995599  -0.0762766  -0.0544513  0  0.418207  -0.044062  0.776055  1  
0.0508553  -0.0490985  0.997489  0  -0.0787394  -0.995869  -0.0450043  0  0.995597  -0.0762544  -0.0545123  0  0.41822  -0.0440557  0.77603  1  
0.0509162  -0.0491104  0.997485  0  -0.0787278  -0.99587  -0.0450122  0  0.995595  -0.0762395  -0.0545733  0  0.418231  -0.0440537  0.776005  1  
0.0509739  -0.0491248  0.997481  0  -0.0787085  -0.995871  -0.0450232  0  0.995594  -0.0762167  -0.054631  0  0.418242  -0.0440486  0.775982  1  
0.0510378  -0.049135  0.997478  0  -0.0786911  -0.995872  -0.0450296  0  0.995592  -0.0761959  -0.0546947  0  0.418255  -0.0440433  0.775955  1  
0.0510983  -0.0491391  0.997474  0  -0.0786807  -0.995873  -0.0450296  0  0.995589  -0.0761825  -0.0547547  0  0.418265  -0.0440432  0.775931  1  
0.0511551  -0.049154  0.997471  0  -0.0786648  -0.995873  -0.045041  0  0.995588  -0.0761632  -0.0548117  0  0.418276  -0.0440384  0.775909  1  
0.0512223  -0.0491507  0.997467  0  -0.0786402  -0.995876  -0.0450339  0  0.995586  -0.0761357  -0.0548773  0  0.418291  -0.0440286  0.775882  1  
0.0512866  -0.0491672  0.997463  0  -0.0786306  -0.995876  -0.045046  0  0.995584  -0.0761224  -0.0549422  0  0.418302  -0.0440291  0.775855  1  
0.0513416  -0.0491766  0.99746  0  -0.0786107  -0.995877  -0.0450523  0  0.995582  -0.0760994  -0.0549968  0  0.418314  -0.0440211  0.775833  1  
0.0514041  -0.0491762  0.997457  0  -0.0785891  -0.995879  -0.0450483  0  0.995581  -0.0760751  -0.0550581  0  0.418327  -0.0440135  0.775806  1  
0.0514694  -0.049194  0.997453  0  -0.0785746  -0.99588  -0.0450619  0  0.995579  -0.0760566  -0.0551238  0  0.418342  -0.0440109  0.775778  1  
0.0515255  -0.0491977  0.997449  0  -0.0785587  -0.995881  -0.0450622  0  0.995577  -0.076038  -0.0551792  0  0.418353  -0.0440056  0.775754  1  
0.0515921  -0.0492039  0.997446  0  -0.0785408  -0.995882  -0.0450644  0  0.995575  -0.0760167  -0.0552452  0  0.418367  -0.044  0.775725  1  
0.0516503  -0.0492187  0.997442  0  -0.0785255  -0.995883  -0.0450755  0  0.995573  -0.0759979  -0.0553036  0  0.41838  -0.0439961  0.7757  1  
0.0517161  -0.0492221  0.997438  0  -0.0785063  -0.995884  -0.0450749  0  0.995571  -0.0759755  -0.0553686  0  0.418393  -0.0439895  0.775672  1  
0.0517813  -0.0492355  0.997434  0  -0.0784942  -0.995885  -0.045084  0  0.995569  -0.0759598  -0.055434  0  0.418407  -0.0439878  0.775642  1  
0.0518491  -0.0492377  0.997431  0  -0.0784761  -0.995886  -0.0450821  0  0.995567  -0.0759385  -0.0555008  0  0.418422  -0.0439802  0.775615  1  
0.0519111  -0.0492478  0.997427  0  -0.078458  -0.995888  -0.0450884  0  0.995565  -0.075917  -0.0555626  0  0.418435  -0.0439757  0.775588  1  
0.0519852  -0.0492585  0.997423  0  -0.0784365  -0.995889  -0.0450947  0  0.995563  -0.0758915  -0.0556362  0  0.41845  -0.0439681  0.775555  1  
0.0520514  -0.0492651  0.997419  0  -0.0784225  -0.99589  -0.0450971  0  0.99556  -0.0758742  -0.055702  0  0.418465  -0.0439641  0.775528  1  
0.0521289  -0.0492755  0.997414  0  -0.0784065  -0.995891  -0.0451024  0  0.995558  -0.0758541  -0.0557793  0  0.418483  -0.0439588  0.775493  1  
0.0522046  -0.0492777  0.99741  0  -0.0783843  -0.995893  -0.0451001  0  0.995555  -0.0758283  -0.0558538  0  0.418501  -0.0439494  0.775461  1  
0.0522829  -0.0492959  0.997405  0  -0.0783726  -0.995893  -0.0451129  0  0.995552  -0.0758121  -0.0559327  0  0.418519  -0.0439483  0.775425  1  
0.0523599  -0.0493033  0.997401  0  -0.0783572  -0.995894  -0.0451154  0  0.995549  -0.0757927  -0.0560093  0  0.418537  -0.0439436  0.775392  1  
0.0524442  -0.0493074  0.997396  0  -0.078338  -0.995896  -0.0451141  0  0.995546  -0.0757695  -0.0560927  0  0.418556  -0.0439369  0.775355  1  
0.052523  -0.0493251  0.997391  0  -0.0783211  -0.995897  -0.0451267  0  0.995544  -0.075748  -0.0561718  0  0.418574  -0.0439315  0.775319  1  
0.0526088  -0.0493277  0.997387  0  -0.0783082  -0.995898  -0.0451235  0  0.99554  -0.0757311  -0.0562569  0  0.418595  -0.0439287  0.775282  1  
0.0526881  -0.0493475  0.997381  0  -0.0782976  -0.995898  -0.045138  0  0.995537  -0.0757158  -0.0563369  0  0.418613  -0.043928  0.775245  1  
0.0527755  -0.0493519  0.997377  0  -0.0782801  -0.995899  -0.0451367  0  0.995533  -0.0756941  -0.0564234  0  0.418634  -0.0439209  0.775206  1  
0.0528579  -0.0493627  0.997372  0  -0.078269  -0.9959  -0.0451419  0  0.99553  -0.0756786  -0.0565059  0  0.418651  -0.0439199  0.77517  1  
0.0529485  -0.0493807  0.997366  0  -0.078256  -0.995901  -0.0451537  0  0.995526  -0.0756605  -0.0565969  0  0.418674  -0.043917  0.77513  1  
0.0530304  -0.0493852  0.997361  0  -0.078244  -0.995902  -0.0451526  0  0.995523  -0.0756445  -0.0566783  0  0.418693  -0.0439141  0.775094  1  
0.0531144  -0.049399  0.997356  0  -0.0782323  -0.995902  -0.0451607  0  0.995519  -0.0756283  -0.0567624  0  0.418713  -0.0439116  0.775055  1  
0.0531994  -0.0494133  0.997351  0  -0.0782228  -0.995902  -0.045169  0  0.995515  -0.0756141  -0.0568477  0  0.418733  -0.0439105  0.775017  1  
0.0532852  -0.0494207  0.997346  0  -0.078216  -0.995903  -0.0451703  0  0.995511  -0.0756029  -0.0569334  0  0.418756  -0.0439118  0.774976  1  
0.0533659  -0.0494375  0.997341  0  -0.0782  -0.995904  -0.0451819  0  0.995508  -0.0755823  -0.0570144  0  0.418776  -0.0439059  0.774938  1  
0.0534368  -0.0494468  0.997337  0  -0.0781905  -0.995904  -0.0451863  0  0.995505  -0.0755691  -0.0570853  0  0.418793  -0.0439058  0.774904  1  
0.053525  -0.0494562  0.997331  0  -0.0781786  -0.995905  -0.0451897  0  0.995501  -0.0755526  -0.0571733  0  0.418816  -0.0439027  0.774861  1  
0.0536056  -0.0494687  0.997326  0  -0.0781718  -0.995905  -0.0451965  0  0.995498  -0.0755415  -0.0572543  0  0.418836  -0.043903  0.774823  1  
0.0536809  -0.049477  0.997322  0  -0.0781621  -0.995906  -0.0451996  0  0.995494  -0.0755279  -0.0573295  0  0.418854  -0.0439019  0.774786  1  
0.0537618  -0.0495032  0.997316  0  -0.0781559  -0.995905  -0.0452201  0  0.99549  -0.0755165  -0.0574118  0  0.418875  -0.0439034  0.774746  1  
0.0538433  -0.0495137  0.997311  0  -0.0781476  -0.995906  -0.0452248  0  0.995487  -0.0755039  -0.0574933  0  0.418894  -0.0439025  0.774707  1  
0.0539259  -0.0495277  0.997306  0  -0.078145  -0.995906  -0.0452327  0  0.995482  -0.0754968  -0.0575766  0  0.418917  -0.0439041  0.774666  1  
0.0540126  -0.049538  0.997301  0  -0.078139  -0.995906  -0.0452368  0  0.995478  -0.0754862  -0.0576634  0  0.418938  -0.0439055  0.774624  1  
0.054094  -0.0495488  0.997296  0  -0.0781364  -0.995906  -0.0452416  0  0.995474  -0.0754792  -0.0577452  0  0.41896  -0.0439078  0.774584  1  
0.0541847  -0.0495731  0.99729  0  -0.078129  -0.995906  -0.0452594  0  0.99547  -0.0754663  -0.057837  0  0.418983  -0.0439085  0.77454  1  
0.0542686  -0.0495806  0.997285  0  -0.0781281  -0.995906  -0.0452606  0  0.995465  -0.0754612  -0.0579211  0  0.419005  -0.0439119  0.774498  1  
0.05436  -0.0496039  0.997279  0  -0.0781293  -0.995905  -0.0452768  0  0.99546  -0.0754569  -0.058014  0  0.419028  -0.0439169  0.774454  1  
0.054448  -0.0496144  0.997274  0  -0.0781249  -0.995905  -0.0452809  0  0.995456  -0.0754479  -0.0581023  0  0.41905  -0.043919  0.77441  1  
0.0545387  -0.0496306  0.997268  0  -0.0781265  -0.995905  -0.0452902  0  0.99545  -0.0754444  -0.0581939  0  0.419074  -0.0439234  0.774365  1  
0.0546215  -0.0496475  0.997262  0  -0.0781258  -0.995904  -0.0453008  0  0.995446  -0.075439  -0.0582777  0  0.419096  -0.0439286  0.774323  1  
0.0547227  -0.0496588  0.997256  0  -0.0781226  -0.995904  -0.0453047  0  0.995441  -0.0754305  -0.0583792  0  0.419123  -0.0439299  0.774274  1  
0.0548064  -0.0496849  0.99725  0  -0.0781227  -0.995903  -0.0453243  0  0.995436  -0.0754253  -0.0584646  0  0.419145  -0.0439354  0.774231  1  
0.0548986  -0.0496923  0.997245  0  -0.0781298  -0.995903  -0.0453244  0  0.99543  -0.0754278  -0.0585572  0  0.41917  -0.0439427  0.774183  1  
0.0549912  -0.0497099  0.997239  0  -0.0781271  -0.995902  -0.045335  0  0.995426  -0.0754198  -0.0586506  0  0.419195  -0.0439448  0.774136  1  
0.055081  -0.0497333  0.997233  0  -0.0781346  -0.995901  -0.0453512  0  0.99542  -0.0754219  -0.0587423  0  0.41922  -0.0439545  0.774089  1  
0.0551729  -0.0497485  0.997227  0  -0.078132  -0.995901  -0.0453596  0  0.995415  -0.0754142  -0.0588348  0  0.419245  -0.0439572  0.774042  1  
0.055268  -0.049757  0.997221  0  -0.078131  -0.995901  -0.045361  0  0.99541  -0.0754084  -0.0589302  0  0.41927  -0.0439598  0.773992  1  
0.055354  -0.0497871  0.997215  0  -0.0781418  -0.995899  -0.0453838  0  0.995404  -0.0754135  -0.0590186  0  0.419294  -0.0439703  0.773946  1  
0.0554494  -0.0498006  0.997209  0  -0.0781437  -0.995899  -0.04539  0  0.995399  -0.0754102  -0.0591148  0  0.41932  -0.0439756  0.773896  1  
0.0555435  -0.0498238  0.997203  0  -0.0781489  -0.995897  -0.0454058  0  0.995393  -0.0754098  -0.0592105  0  0.419345  -0.0439831  0.773845  1  
0.0556297  -0.0498288  0.997198  0  -0.0781537  -0.995897  -0.0454039  0  0.995388  -0.0754103  -0.0592969  0  0.419369  -0.0439877  0.773798  1  
0.0557299  -0.049856  0.997191  0  -0.0781622  -0.995896  -0.045423  0  0.995382  -0.0754127  -0.0593992  0  0.419397  -0.0439978  0.773744  1  
0.0558206  -0.0498678  0.997185  0  -0.0781626  -0.995895  -0.0454279  0  0.995377  -0.0754082  -0.0594904  0  0.419422  -0.0440016  0.773695  1  
0.0559197  -0.0498939  0.997178  0  -0.0781712  -0.995894  -0.0454459  0  0.99537  -0.0754108  -0.0595915  0  0.419449  -0.0440106  0.773642  1  
0.0560107  -0.0499101  0.997172  0  -0.0781822  -0.995893  -0.0454546  0  0.995364  -0.0754166  -0.0596839  0  0.419474  -0.0440209  0.773594  1  
0.0561131  -0.0499249  0.997166  0  -0.0781855  -0.995892  -0.0454614  0  0.995358  -0.0754144  -0.0597871  0  0.419502  -0.0440257  0.773538  1  
0.0562079  -0.0499486  0.997159  0  -0.0781904  -0.995891  -0.0454776  0  0.995353  -0.0754135  -0.0598836  0  0.419527  -0.0440332  0.773487  1  
0.0563106  -0.0499593  0.997153  0  -0.0781983  -0.99589  -0.0454801  0  0.995346  -0.0754161  -0.059987  0  0.419556  -0.0440408  0.773432  1  
0.0564078  -0.0499913  0.997146  0  -0.0782105  -0.995888  -0.0455039  0  0.99534  -0.0754219  -0.0600869  0  0.419582  -0.0440533  0.773379  1  
0.0565098  -0.0500169  0.997139  0  -0.078222  -0.995886  -0.0455211  0  0.995333  -0.0754273  -0.0601909  0  0.41961  -0.0440644  0.773323  1  
0.0566052  -0.0500269  0.997133  0  -0.0782281  -0.995886  -0.0455235  0  0.995327  -0.0754284  -0.060287  0  0.419636  -0.0440698  0.773272  1  
0.0567023  -0.0500507  0.997126  0  -0.0782403  -0.995884  -0.0455392  0  0.995321  -0.0754347  -0.0603861  0  0.419662  -0.0440814  0.773218  1  
0.0568081  -0.050069  0.997119  0  -0.0782491  -0.995883  -0.0455489  0  0.995314  -0.0754376  -0.0604933  0  0.419691  -0.0440904  0.77316  1  
0.0569098  -0.0500984  0.997112  0  -0.0782614  -0.995881  -0.0455698  0  0.995307  -0.0754435  -0.0605973  0  0.419717  -0.0441013  0.773104  1  
0.0570101  -0.0501086  0.997106  0  -0.0782724  -0.99588  -0.0455718  0  0.995301  -0.0754492  -0.0606985  0  0.419744  -0.0441114  0.77305  1  
0.0571087  -0.0501347  0.997099  0  -0.0782835  -0.995879  -0.0455897  0  0.995294  -0.0754542  -0.0607992  0  0.419771  -0.0441207  0.772995  1  
0.0572185  -0.0501611  0.997091  0  -0.0782954  -0.995877  -0.045607  0  0.995287  -0.0754595  -0.0609111  0  0.4198  -0.0441319  0.772935  1  
0.0573197  -0.0501839  0.997084  0  -0.0783126  -0.995875  -0.045621  0  0.99528  -0.0754707  -0.0610145  0  0.419827  -0.0441456  0.77288  1  
0.0574257  -0.0502089  0.997077  0  -0.0783224  -0.995873  -0.0456374  0  0.995273  -0.0754741  -0.0611223  0  0.419855  -0.0441556  0.772822  1  
0.0575323  -0.0502294  0.99707  0  -0.0783342  -0.995872  -0.0456491  0  0.995266  -0.0754798  -0.0612306  0  0.419882  -0.0441664  0.772765  1  
0.0576338  -0.0502399  0.997063  0  -0.078352  -0.99587  -0.0456508  0  0.995258  -0.0754923  -0.0613334  0  0.419909  -0.0441796  0.77271  1  
0.0577435  -0.0502726  0.997055  0  -0.0783664  -0.995868  -0.0456742  0  0.995251  -0.0754997  -0.0614458  0  0.419937  -0.044192  0.772649  1  
0.0578476  -0.0502849  0.997049  0  -0.0783776  -0.995867  -0.045678  0  0.995244  -0.0755054  -0.0615509  0  0.419963  -0.0442021  0.772592  1  
0.0579611  -0.0503125  0.997041  0  -0.0783916  -0.995865  -0.045696  0  0.995236  -0.0755125  -0.0616667  0  0.419993  -0.0442141  0.772532  1  
0.0580667  -0.0503379  0.997033  0  -0.078414  -0.995863  -0.045712  0  0.995228  -0.0755285  -0.0617749  0  0.42002  -0.0442302  0.772474  1  
0.0581879  -0.0503575  0.997025  0  -0.0784237  -0.995861  -0.0457218  0  0.99522  -0.0755314  -0.0618975  0  0.420052  -0.0442386  0.772409  1  
0.0583001  -0.0503925  0.997017  0  -0.0784488  -0.995858  -0.0457467  0  0.995212  -0.0755492  -0.0620131  0  0.420081  -0.0442581  0.772347  1  
0.058414  -0.0504127  0.997009  0  -0.0784693  -0.995856  -0.0457569  0  0.995204  -0.0755632  -0.062129  0  0.42011  -0.0442742  0.772285  1  
0.0585294  -0.0504446  0.997001  0  -0.0784834  -0.995854  -0.0457791  0  0.995196  -0.0755701  -0.062247  0  0.420141  -0.0442864  0.772222  1  
0.058644  -0.0504636  0.996993  0  -0.0785023  -0.995852  -0.0457883  0  0.995187  -0.0755825  -0.0623635  0  0.42017  -0.0443007  0.772159  1  
0.0587583  -0.0504925  0.996985  0  -0.0785192  -0.99585  -0.0458075  0  0.995179  -0.0755923  -0.0624803  0  0.4202  -0.0443142  0.772097  1  
0.0588758  -0.0505212  0.996976  0  -0.0785428  -0.995847  -0.0458257  0  0.995171  -0.0756087  -0.0626006  0  0.42023  -0.0443316  0.772033  1  
0.0589894  -0.0505421  0.996969  0  -0.0785629  -0.995845  -0.0458366  0  0.995162  -0.0756223  -0.0627163  0  0.42026  -0.0443477  0.771969  1  
0.0591041  -0.0505802  0.99696  0  -0.0785903  -0.995842  -0.0458643  0  0.995153  -0.0756421  -0.0628346  0  0.42029  -0.0443678  0.771906  1  
0.0592262  -0.0506003  0.996952  0  -0.0786075  -0.99584  -0.045874  0  0.995145  -0.0756524  -0.0629586  0  0.42032  -0.0443812  0.771839  1  
0.0593367  -0.0506324  0.996943  0  -0.0786307  -0.995837  -0.0458962  0  0.995136  -0.0756685  -0.0630722  0  0.420347  -0.0443989  0.771776  1  
0.0594566  -0.0506614  0.996935  0  -0.0786553  -0.995834  -0.0459145  0  0.995127  -0.0756858  -0.063195  0  0.420378  -0.0444179  0.771711  1  
0.05958  -0.0506884  0.996926  0  -0.078676  -0.995832  -0.0459308  0  0.995118  -0.075699  -0.0633209  0  0.420409  -0.0444344  0.771643  1  
0.0597085  -0.05072  0.996917  0  -0.0786987  -0.995829  -0.0459512  0  0.995109  -0.0757139  -0.0634523  0  0.420441  -0.0444516  0.771572  1  
0.0598249  -0.0507453  0.996909  0  -0.0787233  -0.995827  -0.045966  0  0.9951  -0.0757315  -0.0635713  0  0.420471  -0.0444688  0.771509  1  
0.0599383  -0.0507758  0.9969  0  -0.078742  -0.995824  -0.0459867  0  0.995091  -0.075743  -0.0636874  0  0.420501  -0.0444843  0.771445  1  
0.0600679  -0.0508053  0.996891  0  -0.0787686  -0.995821  -0.0460045  0  0.995081  -0.0757618  -0.06382  0  0.420534  -0.0445038  0.771375  1  
0.0601828  -0.0508227  0.996883  0  -0.0787847  -0.99582  -0.0460121  0  0.995073  -0.0757714  -0.0639365  0  0.420564  -0.0445164  0.771312  1  
0.0603045  -0.0508604  0.996874  0  -0.0788083  -0.995816  -0.046039  0  0.995064  -0.0757871  -0.0640617  0  0.420595  -0.0445351  0.771243  1  
0.0604324  -0.0508927  0.996864  0  -0.0788387  -0.995813  -0.0460596  0  0.995054  -0.0758095  -0.0641929  0  0.420627  -0.0445577  0.771174  1  
0.06055  -0.0509244  0.996856  0  -0.078861  -0.99581  -0.0460809  0  0.995045  -0.0758243  -0.0643135  0  0.420658  -0.044575  0.771108  1  
0.0606682  -0.0509515  0.996847  0  -0.0788838  -0.995808  -0.0460975  0  0.995036  -0.0758399  -0.0644344  0  0.420688  -0.0445936  0.771041  1  
0.0608016  -0.0509786  0.996838  0  -0.0789064  -0.995805  -0.0461129  0  0.995026  -0.0758546  -0.0645704  0  0.420722  -0.0446115  0.770968  1  
0.0609245  -0.0510185  0.996828  0  -0.0789379  -0.995801  -0.0461414  0  0.995016  -0.0758778  -0.0646973  0  0.420752  -0.0446349  0.770898  1  
0.0610523  -0.0510486  0.996819  0  -0.0789593  -0.995799  -0.0461604  0  0.995006  -0.0758914  -0.0648278  0  0.420786  -0.0446534  0.770827  1  
0.0611754  -0.0510837  0.996809  0  -0.078984  -0.995796  -0.0461845  0  0.994997  -0.0759081  -0.0649543  0  0.420817  -0.0446727  0.770758  1  
0.0612974  -0.0511183  0.9968  0  -0.0790096  -0.995793  -0.046208  0  0.994987  -0.0759258  -0.0650796  0  0.420846  -0.0446933  0.770691  1  
0.0614226  -0.0511468  0.996791  0  -0.0790353  -0.99579  -0.0462253  0  0.994978  -0.0759438  -0.0652077  0  0.420878  -0.0447139  0.770622  1  
0.0615608  -0.0511866  0.99678  0  -0.0790589  -0.995787  -0.0462529  0  0.994967  -0.0759584  -0.0653494  0  0.420913  -0.0447327  0.770546  1  
0.0616894  -0.0512201  0.996771  0  -0.0790859  -0.995784  -0.0462748  0  0.994957  -0.0759773  -0.0654813  0  0.420945  -0.044755  0.770475  1  
0.061813  -0.0512563  0.996761  0  -0.0791077  -0.995781  -0.0463001  0  0.994948  -0.075991  -0.0656082  0  0.420976  -0.0447744  0.770406  1  
0.0619438  -0.0512931  0.996751  0  -0.079137  -0.995777  -0.046325  0  0.994937  -0.0760118  -0.0657427  0  0.421008  -0.044797  0.770333  1  
0.0620751  -0.0513242  0.996741  0  -0.0791659  -0.995774  -0.0463441  0  0.994927  -0.0760325  -0.0658772  0  0.421041  -0.0448191  0.77026  1  
0.0622029  -0.0513678  0.996731  0  -0.0791929  -0.99577  -0.0463761  0  0.994917  -0.0760507  -0.066009  0  0.421073  -0.0448418  0.770188  1  
0.0623368  -0.0513954  0.996721  0  -0.0792211  -0.995767  -0.0463916  0  0.994906  -0.0760709  -0.0661459  0  0.421106  -0.0448636  0.770113  1  
0.0624623  -0.0514413  0.996711  0  -0.0792477  -0.995764  -0.046426  0  0.994896  -0.0760886  -0.0662756  0  0.421137  -0.0448863  0.770043  1  
0.0625968  -0.0514731  0.996701  0  -0.0792757  -0.99576  -0.0464457  0  0.994885  -0.0761083  -0.0664133  0  0.421171  -0.0449083  0.769969  1  
0.0627241  -0.0515071  0.996691  0  -0.079297  -0.995758  -0.0464686  0  0.994876  -0.0761214  -0.0665436  0  0.421203  -0.0449282  0.769898  1  
0.0628527  -0.0515467  0.996681  0  -0.0793267  -0.995754  -0.0464962  0  0.994865  -0.0761425  -0.0666762  0  0.421235  -0.0449505  0.769825  1  
0.0629868  -0.0515796  0.996671  0  -0.0793524  -0.995751  -0.0465172  0  0.994855  -0.0761598  -0.0668135  0  0.421268  -0.0449706  0.76975  1  
0.0631222  -0.0516215  0.99666  0  -0.0793847  -0.995747  -0.0465465  0  0.994843  -0.0761829  -0.066953  0  0.421302  -0.0449964  0.769675  1  
0.0632549  -0.0516573  0.99665  0  -0.0794151  -0.995744  -0.0465701  0  0.994833  -0.0762047  -0.0670893  0  0.421334  -0.0450195  0.769601  1  
0.0633902  -0.0516916  0.99664  0  -0.079437  -0.995741  -0.0465925  0  0.994822  -0.0762181  -0.0672278  0  0.421367  -0.0450398  0.769526  1  
0.0635202  -0.0517343  0.996629  0  -0.0794637  -0.995737  -0.0466234  0  0.994812  -0.0762358  -0.0673617  0  0.4214  -0.0450613  0.769452  1  
0.0636568  -0.0517695  0.996619  0  -0.0794972  -0.995733  -0.0466458  0  0.9948  -0.0762605  -0.067502  0  0.421432  -0.0450879  0.769377  1  
0.0637823  -0.0518113  0.996608  0  -0.079525  -0.99573  -0.0466761  0  0.99479  -0.0762797  -0.0676316  0  0.421463  -0.0451103  0.769306  1  
0.0639181  -0.0518462  0.996598  0  -0.0795509  -0.995727  -0.0466988  0  0.994779  -0.0762968  -0.0677706  0  0.421497  -0.0451325  0.76923  1  
0.0640561  -0.051882  0.996587  0  -0.0795824  -0.995723  -0.0467219  0  0.994768  -0.0763194  -0.0679124  0  0.421531  -0.0451574  0.769153  1  
0.0641871  -0.0519275  0.996576  0  -0.0796166  -0.995719  -0.0467549  0  0.994757  -0.0763444  -0.0680479  0  0.421563  -0.0451841  0.76908  1  
0.0643192  -0.0519631  0.996566  0  -0.0796464  -0.995715  -0.0467783  0  0.994746  -0.0763656  -0.0681836  0  0.421595  -0.0452073  0.769006  1  
0.0644489  -0.0520096  0.996555  0  -0.0796766  -0.995711  -0.0468128  0  0.994735  -0.0763866  -0.0683178  0  0.421628  -0.0452322  0.768933  1  
0.0645863  -0.0520459  0.996544  0  -0.0797111  -0.995707  -0.0468361  0  0.994723  -0.0764122  -0.068459  0  0.42166  -0.0452595  0.768856  1  
0.0647172  -0.0520929  0.996533  0  -0.0797417  -0.995703  -0.0468709  0  0.994712  -0.0764334  -0.0685944  0  0.421692  -0.0452848  0.768782  1  
0.0648415  -0.0521341  0.996523  0  -0.0797785  -0.995699  -0.0468999  0  0.994701  -0.0764615  -0.0687231  0  0.421723  -0.0453136  0.768712  1  
0.0649811  -0.0521722  0.996512  0  -0.079804  -0.995696  -0.0469256  0  0.99469  -0.0764778  -0.0688663  0  0.421758  -0.0453371  0.768634  1  
0.0651092  -0.052224  0.996501  0  -0.0798427  -0.995691  -0.0469648  0  0.994679  -0.0765069  -0.0689997  0  0.421788  -0.0453672  0.768561  1  
0.0652434  -0.052262  0.99649  0  -0.0798734  -0.995687  -0.0469903  0  0.994667  -0.0765287  -0.0691377  0  0.421822  -0.0453938  0.768487  1  
0.065377  -0.0523152  0.996479  0  -0.0799132  -0.995682  -0.0470304  0  0.994655  -0.0765586  -0.0692767  0  0.421856  -0.045424  0.768411  1  
0.0655116  -0.0523545  0.996468  0  -0.0799467  -0.995678  -0.0470571  0  0.994644  -0.076583  -0.0694154  0  0.421889  -0.0454511  0.768337  1  
0.0656533  -0.0523961  0.996456  0  -0.0799807  -0.995674  -0.0470853  0  0.994632  -0.0766075  -0.0695613  0  0.421924  -0.0454792  0.768258  1  
0.0657866  -0.0524385  0.996445  0  -0.0800136  -0.99567  -0.0471151  0  0.99462  -0.0766311  -0.0696989  0  0.421957  -0.0455049  0.768183  1  
0.0659236  -0.0524786  0.996434  0  -0.0800504  -0.995666  -0.047142  0  0.994608  -0.0766587  -0.0698402  0  0.421991  -0.0455343  0.768108  1  
0.0660539  -0.052529  0.996423  0  -0.0800861  -0.995661  -0.0471798  0  0.994597  -0.0766847  -0.0699755  0  0.422023  -0.0455626  0.768034  1  
0.0661896  -0.0525702  0.996412  0  -0.0801237  -0.995657  -0.0472079  0  0.994585  -0.076713  -0.0701156  0  0.422057  -0.0455914  0.767957  1  
0.0663326  -0.0526162  0.9964  0  -0.0801547  -0.995653  -0.0472406  0  0.994573  -0.076734  -0.0702631  0  0.422093  -0.0456174  0.767878  1  
0.0664641  -0.0526583  0.996389  0  -0.0801897  -0.995648  -0.0472701  0  0.994561  -0.0767598  -0.0703988  0  0.422125  -0.0456456  0.767805  1  
0.066598  -0.0526949  0.996378  0  -0.0802222  -0.995645  -0.047294  0  0.99455  -0.0767834  -0.0705366  0  0.422158  -0.045672  0.767729  1  
0.0667378  -0.0527473  0.996366  0  -0.0802602  -0.99564  -0.047333  0  0.994537  -0.0768111  -0.0706817  0  0.422194  -0.0457013  0.767651  1  
0.0668742  -0.0527894  0.996354  0  -0.0802977  -0.995635  -0.0473618  0  0.994525  -0.0768391  -0.0708226  0  0.422226  -0.045732  0.767575  1  
0.0670144  -0.0528401  0.996342  0  -0.0803337  -0.995631  -0.0473991  0  0.994513  -0.0768649  -0.0709678  0  0.422261  -0.045761  0.767496  1  
0.0671413  -0.0528845  0.996331  0  -0.0803727  -0.995626  -0.0474309  0  0.994501  -0.0768947  -0.0710995  0  0.422294  -0.0457915  0.767424  1  
0.0672794  -0.0529277  0.99632  0  -0.08041  -0.995622  -0.0474607  0  0.994489  -0.0769224  -0.0712421  0  0.422329  -0.0458221  0.767348  1  
0.0674197  -0.0529769  0.996308  0  -0.080446  -0.995617  -0.0474965  0  0.994476  -0.0769483  -0.0713874  0  0.422362  -0.0458507  0.767269  1  
0.0675545  -0.0530255  0.996296  0  -0.080487  -0.995612  -0.0475317  0  0.994464  -0.0769794  -0.0715273  0  0.422396  -0.0458838  0.767193  1  
0.0676896  -0.0530779  0.996284  0  -0.0805269  -0.995607  -0.0475706  0  0.994451  -0.0770091  -0.0716678  0  0.42243  -0.0459155  0.767116  1  
0.0678271  -0.0531235  0.996272  0  -0.0805652  -0.995602  -0.0476028  0  0.994439  -0.0770376  -0.0718101  0  0.422464  -0.0459461  0.767039  1  
0.0679626  -0.0531714  0.99626  0  -0.0806048  -0.995597  -0.0476374  0  0.994426  -0.0770673  -0.0719506  0  0.422497  -0.0459774  0.766963  1  
0.0681045  -0.0532186  0.996248  0  -0.0806397  -0.995593  -0.047671  0  0.994414  -0.077092  -0.0720973  0  0.422533  -0.0460062  0.766885  1  
0.0682376  -0.0532615  0.996237  0  -0.0806805  -0.995588  -0.0477006  0  0.994401  -0.0771234  -0.0722351  0  0.422565  -0.0460391  0.76681  1  
0.0683803  -0.0533144  0.996224  0  -0.080717  -0.995583  -0.0477397  0  0.994389  -0.0771492  -0.0723831  0  0.4226  -0.0460679  0.76673  1  
0.0685188  -0.0533595  0.996212  0  -0.0807519  -0.995579  -0.0477715  0  0.994376  -0.0771743  -0.0725262  0  0.422636  -0.0460974  0.766652  1  
0.0686532  -0.0534089  0.9962  0  -0.080792  -0.995574  -0.0478076  0  0.994364  -0.0772043  -0.0726658  0  0.422669  -0.0461302  0.766577  1  
0.0687967  -0.0534571  0.996188  0  -0.0808283  -0.99557  -0.047842  0  0.994351  -0.0772302  -0.0728142  0  0.422704  -0.0461592  0.766497  1  
0.0689283  -0.0535029  0.996176  0  -0.0808678  -0.995565  -0.0478745  0  0.994339  -0.0772601  -0.0729506  0  0.422738  -0.0461919  0.766423  1  
0.0690617  -0.0535527  0.996164  0  -0.0809014  -0.99556  -0.0479116  0  0.994327  -0.0772837  -0.0730889  0  0.422771  -0.0462203  0.766347  1  
0.0691942  -0.0536003  0.996153  0  -0.0809452  -0.995555  -0.0479455  0  0.994314  -0.0773177  -0.0732267  0  0.422804  -0.0462545  0.766272  1  
0.0693262  -0.053653  0.996141  0  -0.0809854  -0.99555  -0.047985  0  0.994301  -0.0773477  -0.0733642  0  0.422836  -0.0462884  0.766196  1  
0.0694667  -0.0537057  0.996128  0  -0.0810243  -0.995545  -0.0480239  0  0.994288  -0.077376  -0.0735101  0  0.422872  -0.0463205  0.766118  1  
0.0696035  -0.053758  0.996116  0  -0.0810652  -0.99554  -0.0480625  0  0.994275  -0.0774064  -0.0736524  0  0.422905  -0.0463551  0.76604  1  
0.0697414  -0.0538183  0.996103  0  -0.0811119  -0.995534  -0.0481085  0  0.994262  -0.0774422  -0.0737967  0  0.422941  -0.0463928  0.765963  1  
0.0701422  -0.053976  0.996066  0  -0.0812332  -0.995518  -0.048226  0  0.994224  -0.0775325  -0.0742139  0  0.423041  -0.0464947  0.765737  1  
0.070278  -0.0540257  0.996054  0  -0.0812757  -0.995513  -0.0482619  0  0.994211  -0.0775647  -0.0743551  0  0.423075  -0.0465305  0.765662  1  
0.0704152  -0.0540822  0.996041  0  -0.0813169  -0.995507  -0.0483045  0  0.994198  -0.0775951  -0.074498  0  0.42311  -0.0465639  0.765584  1  
0.070559  -0.0541373  0.996028  0  -0.0813628  -0.995502  -0.0483449  0  0.994184  -0.0776299  -0.0746478  0  0.423145  -0.0466013  0.765504  1  
0.0706997  -0.0541927  0.996015  0  -0.0814038  -0.995496  -0.0483863  0  0.99417  -0.0776599  -0.0747942  0  0.423181  -0.0466353  0.765424  1  
0.0708398  -0.0542397  0.996002  0  -0.0814435  -0.995491  -0.0484193  0  0.994157  -0.0776893  -0.0749393  0  0.423217  -0.0466685  0.765347  1  
0.0709751  -0.0542987  0.995989  0  -0.0814935  -0.995485  -0.048464  0  0.994143  -0.0777284  -0.0750811  0  0.423251  -0.0467087  0.76527  1  
0.0711155  -0.0543504  0.995977  0  -0.0815343  -0.99548  -0.0485015  0  0.99413  -0.0777585  -0.0752269  0  0.423286  -0.0467417  0.765192  1  
0.0712505  -0.0544026  0.995964  0  -0.0815801  -0.995474  -0.0485397  0  0.994117  -0.0777939  -0.0753677  0  0.42332  -0.046779  0.765116  1  
0.0713949  -0.0544658  0.99595  0  -0.081625  -0.995468  -0.0485881  0  0.994103  -0.077827  -0.0755186  0  0.423358  -0.0468144  0.765035  1  
0.0715285  -0.054516  0.995938  0  -0.0816699  -0.995463  -0.0486245  0  0.994089  -0.0778616  -0.0756577  0  0.423393  -0.0468514  0.76496  1  
0.0716647  -0.0545652  0.995925  0  -0.0817165  -0.995457  -0.0486594  0  0.994076  -0.0778979  -0.0757995  0  0.423427  -0.0468877  0.764885  1  
0.0718028  -0.0546246  0.995912  0  -0.0817581  -0.995452  -0.0487048  0  0.994062  -0.0779282  -0.0759437  0  0.423462  -0.0469228  0.764807  1  
0.0719509  -0.0546755  0.995899  0  -0.0818017  -0.995446  -0.0487407  0  0.994048  -0.0779608  -0.0760972  0  0.4235  -0.046959  0.764725  1  
0.0720779  -0.0547372  0.995886  0  -0.0818547  -0.99544  -0.0487883  0  0.994034  -0.0780029  -0.0762311  0  0.423533  -0.0469994  0.764653  1  
0.0722141  -0.0547898  0.995873  0  -0.0818972  -0.995434  -0.048827  0  0.994021  -0.0780348  -0.076373  0  0.423568  -0.0470338  0.764578  1  
0.0723431  -0.0548359  0.995862  0  -0.0819409  -0.995429  -0.0488596  0  0.994008  -0.0780687  -0.0765072  0  0.423601  -0.0470689  0.764506  1  
0.0724846  -0.0548925  0.995848  0  -0.0819865  -0.995423  -0.0489016  0  0.993994  -0.078103  -0.0766548  0  0.423638  -0.0471043  0.764429  1  
0.0726155  -0.0549425  0.995836  0  -0.0820287  -0.995418  -0.048938  0  0.993981  -0.0781349  -0.0767911  0  0.423671  -0.0471391  0.764356  1  
0.0727443  -0.0549994  0.995823  0  -0.0820756  -0.995412  -0.0489811  0  0.993968  -0.0781712  -0.0769261  0  0.423705  -0.0471755  0.764284  1  
0.0728772  -0.0550497  0.995811  0  -0.0821175  -0.995407  -0.0490177  0  0.993954  -0.0782028  -0.0770645  0  0.423739  -0.0472103  0.764211  1  
0.0730011  -0.0551079  0.995799  0  -0.08216  -0.995401  -0.0490628  0  0.993942  -0.0782346  -0.0771945  0  0.423772  -0.0472451  0.764142  1  
0.0731327  -0.0551665  0.995786  0  -0.0822104  -0.995395  -0.0491071  0  0.993928  -0.0782741  -0.0773326  0  0.423806  -0.0472848  0.764069  1  
0.0732613  -0.0552135  0.995774  0  -0.0822584  -0.995389  -0.0491403  0  0.993915  -0.0783122  -0.0774668  0  0.423839  -0.0473222  0.763997  1  
0.0733952  -0.0552738  0.99576  0  -0.082304  -0.995383  -0.0491864  0  0.993901  -0.0783466  -0.0776071  0  0.423874  -0.0473591  0.763923  1  
0.0735244  -0.0553205  0.995748  0  -0.0823476  -0.995378  -0.0492195  0  0.993888  -0.0783802  -0.0777416  0  0.423909  -0.0473949  0.763851  1  
0.0736512  -0.0553789  0.995736  0  -0.0823987  -0.995371  -0.0492638  0  0.993874  -0.0784205  -0.0778749  0  0.423941  -0.0474347  0.76378  1  
0.073781  -0.0554366  0.995723  0  -0.0824412  -0.995366  -0.049308  0  0.993861  -0.0784521  -0.0780108  0  0.423976  -0.0474709  0.763709  1  
0.0739068  -0.055496  0.99571  0  -0.0824916  -0.995359  -0.0493535  0  0.993847  -0.0784917  -0.0781433  0  0.42401  -0.0475111  0.763638  1  
0.0740396  -0.055552  0.995697  0  -0.082541  -0.995353  -0.0493951  0  0.993833  -0.0785302  -0.0782824  0  0.424045  -0.0475511  0.763566  1  
0.0741687  -0.0556  0.995685  0  -0.082585  -0.995348  -0.0494294  0  0.99382  -0.078564  -0.0784169  0  0.42408  -0.0475858  0.763495  1  
0.0742984  -0.0556617  0.995672  0  -0.0826297  -0.995342  -0.0494773  0  0.993807  -0.0785975  -0.0785531  0  0.424116  -0.0476237  0.763423  1  
0.074426  -0.0557073  0.99566  0  -0.0826762  -0.995336  -0.0495091  0  0.993793  -0.0786342  -0.078686  0  0.424151  -0.0476606  0.763354  1  
0.0745576  -0.0557648  0.995647  0  -0.082721  -0.99533  -0.0495526  0  0.99378  -0.0786679  -0.0788239  0  0.424186  -0.0476971  0.763281  1  
0.0746902  -0.0558234  0.995633  0  -0.0827705  -0.995324  -0.0495968  0  0.993766  -0.0787062  -0.078963  0  0.424223  -0.047737  0.763209  1  
0.0748217  -0.0558797  0.99562  0  -0.0828147  -0.995318  -0.0496392  0  0.993752  -0.0787395  -0.0791006  0  0.424258  -0.0477745  0.763136  1  
0.0749437  -0.0559363  0.995608  0  -0.0828589  -0.995312  -0.0496826  0  0.993739  -0.0787731  -0.0792288  0  0.424293  -0.0478107  0.763068  1  
0.075074  -0.0559969  0.995595  0  -0.0829089  -0.995306  -0.0497288  0  0.993725  -0.0788118  -0.0793658  0  0.424328  -0.0478524  0.762997  1  
0.0752  -0.0560571  0.995582  0  -0.0829556  -0.9953  -0.0497752  0  0.993712  -0.0788475  -0.0794984  0  0.424363  -0.0478916  0.762928  1  
0.0753277  -0.0561185  0.995569  0  -0.0830021  -0.995293  -0.0498228  0  0.993698  -0.0788828  -0.0796327  0  0.424399  -0.0479314  0.762857  1  
0.07546  -0.0561754  0.995556  0  -0.0830507  -0.995287  -0.0498653  0  0.993684  -0.0789202  -0.0797713  0  0.424435  -0.0479708  0.762786  1  
0.0755837  -0.056242  0.995542  0  -0.0831056  -0.99528  -0.0499176  0  0.99367  -0.0789637  -0.0799025  0  0.424471  -0.0480153  0.762717  1  
0.0757161  -0.0562905  0.99553  0  -0.0831491  -0.995275  -0.0499521  0  0.993656  -0.0789967  -0.0800404  0  0.424508  -0.0480517  0.762646  1  
0.0758439  -0.0563561  0.995516  0  -0.0831959  -0.995268  -0.0500037  0  0.993643  -0.0790319  -0.0801752  0  0.424545  -0.048092  0.762576  1  
0.0759783  -0.0564099  0.995503  0  -0.0832439  -0.995262  -0.050043  0  0.993628  -0.0790688  -0.0803156  0  0.424583  -0.0481315  0.762503  1  
0.0761174  -0.0564657  0.995489  0  -0.0832899  -0.995256  -0.050084  0  0.993614  -0.0791035  -0.0804609  0  0.424622  -0.0481691  0.762429  1  
0.076244  -0.0565275  0.995476  0  -0.0833389  -0.99525  -0.0501317  0  0.9936  -0.0791411  -0.0805943  0  0.424658  -0.0482085  0.762361  1  
0.0763746  -0.0565847  0.995463  0  -0.0833871  -0.995244  -0.0501746  0  0.993586  -0.0791782  -0.0807313  0  0.424695  -0.0482501  0.762289  1  
0.0765038  -0.0566429  0.995449  0  -0.0834331  -0.995238  -0.0502188  0  0.993572  -0.079213  -0.0808669  0  0.424732  -0.048287  0.762218  1  
