0.0456235  -0.0488329  0.997755  0  -0.079294  -0.99582  -0.0451125  0  0.995807  -0.0770593  -0.0493059  0  0.417156  -0.0441654  0.7782  1  
0.0456301  -0.0488302  0.997755  0  -0.0792943  -0.99582  -0.0451092  0  0.995806  -0.0770594  -0.0493123  0  0.417158  -0.0441653  0.778198  1  
0.0456269  -0.0488331  0.997755  0  -0.079295  -0.99582  -0.0451123  0  0.995806  -0.0770601  -0.0493093  0  0.417157  -0.0441664  0.778198  1  
0.0456242  -0.0488339  0.997755  0  -0.0792977  -0.99582  -0.0451132  0  0.995806  -0.0770629  -0.0493069  0  0.417156  -0.0441673  0.778199  1  
0.0456358  -0.0488413  0.997754  0  -0.0792933  -0.99582  -0.0451198  0  0.995806  -0.0770576  -0.0493188  0  0.417155  -0.0441662  0.778194  1  
0.0456561  -0.0488358  0.997753  0  -0.079298  -0.99582  -0.0451126  0  0.995805  -0.0770616  -0.0493388  0  0.417156  -0.0441688  0.778187  1  
0.04569  -0.0488425  0.997751  0  -0.0792921  -0.99582  -0.045117  0  0.995804  -0.0770539  -0.0493728  0  0.41716  -0.0441659  0.778175  1  
0.0457197  -0.0488515  0.997749  0  -0.0792901  -0.99582  -0.0451238  0  0.995802  -0.0770501  -0.049403  0  0.417164  -0.0441657  0.778163  1  
0.0457568  -0.0488432  0.997748  0  -0.0792885  -0.995821  -0.0451126  0  0.995801  -0.0770472  -0.0494393  0  0.417173  -0.0441642  0.778149  1  
0.0457864  -0.0488479  0.997747  0  -0.0792852  -0.995821  -0.0451153  0  0.9958  -0.0770423  -0.0494689  0  0.417178  -0.044163  0.778136  1  
0.0458185  -0.0488453  0.997745  0  -0.0792813  -0.995821  -0.0451104  0  0.995799  -0.0770371  -0.0495005  0  0.417187  -0.0441608  0.778123  1  
0.0458476  -0.0488525  0.997744  0  -0.0792788  -0.995821  -0.0451154  0  0.995798  -0.077033  -0.0495299  0  0.417194  -0.0441602  0.778109  1  
0.0458792  -0.0488505  0.997742  0  -0.0792647  -0.995823  -0.0451116  0  0.995797  -0.0770175  -0.0495606  0  0.417202  -0.0441531  0.778096  1  
0.0459109  -0.0488529  0.997741  0  -0.0792562  -0.995823  -0.045112  0  0.995796  -0.0770075  -0.049592  0  0.41721  -0.0441494  0.778082  1  
0.0459468  -0.0488577  0.997739  0  -0.0792549  -0.995823  -0.0451142  0  0.995795  -0.0770043  -0.049628  0  0.417218  -0.0441505  0.778066  1  
0.0459872  -0.0488536  0.997737  0  -0.0792402  -0.995825  -0.0451077  0  0.995794  -0.076988  -0.0496673  0  0.417227  -0.0441436  0.778049  1  
0.0460157  -0.0488594  0.997735  0  -0.0792268  -0.995826  -0.0451119  0  0.995794  -0.076973  -0.0496956  0  0.417231  -0.0441367  0.778038  1  
0.046054  -0.0488635  0.997733  0  -0.0792127  -0.995827  -0.0451137  0  0.995793  -0.076957  -0.0497334  0  0.417237  -0.0441312  0.778022  1  
0.0460902  -0.0488699  0.997732  0  -0.0792037  -0.995827  -0.0451178  0  0.995792  -0.0769461  -0.0497695  0  0.417243  -0.0441281  0.778007  1  
0.0461385  -0.0488735  0.997729  0  -0.0791892  -0.995828  -0.0451184  0  0.995791  -0.0769292  -0.0498172  0  0.417252  -0.0441211  0.777987  1  
0.0461794  -0.0488691  0.997727  0  -0.0791802  -0.995829  -0.0451113  0  0.99579  -0.0769186  -0.0498572  0  0.417258  -0.0441179  0.77797  1  
0.0462212  -0.048882  0.997725  0  -0.0791663  -0.99583  -0.0451217  0  0.995789  -0.076902  -0.0498992  0  0.417266  -0.0441125  0.777951  1  
0.0462619  -0.048876  0.997723  0  -0.0791529  -0.995831  -0.0451132  0  0.995788  -0.0768872  -0.0499387  0  0.417272  -0.044106  0.777934  1  
0.0463101  -0.0488793  0.997721  0  -0.0791351  -0.995833  -0.0451137  0  0.995788  -0.076867  -0.0499862  0  0.417281  -0.0440989  0.777913  1  
0.0463606  -0.0488856  0.997718  0  -0.0791174  -0.995834  -0.0451169  0  0.995787  -0.0768467  -0.0500361  0  0.417289  -0.0440903  0.777892  1  
0.0464074  -0.0488833  0.997716  0  -0.0791015  -0.995836  -0.0451118  0  0.995786  -0.0768288  -0.0500818  0  0.417297  -0.0440846  0.777872  1  
0.0464574  -0.0488905  0.997713  0  -0.0790859  -0.995837  -0.045116  0  0.995785  -0.0768105  -0.0501315  0  0.417305  -0.0440769  0.777851  1  
0.0465032  -0.0488934  0.997711  0  -0.0790661  -0.995838  -0.0451163  0  0.995784  -0.0767885  -0.0501765  0  0.417312  -0.0440689  0.777832  1  
0.0465647  -0.0488927  0.997708  0  -0.0790531  -0.995839  -0.0451116  0  0.995782  -0.0767728  -0.0502371  0  0.417321  -0.0440624  0.777806  1  
0.0466106  -0.048902  0.997706  0  -0.07903  -0.995841  -0.0451185  0  0.995782  -0.0767472  -0.0502825  0  0.417327  -0.044054  0.777788  1  
0.0466692  -0.0488907  0.997704  0  -0.0790129  -0.995843  -0.0451036  0  0.99578  -0.076728  -0.0503392  0  0.417336  -0.0440447  0.777764  1  
0.0467202  -0.0488965  0.997701  0  -0.0789896  -0.995845  -0.0451066  0  0.99578  -0.0767021  -0.0503893  0  0.417344  -0.0440343  0.777744  1  
0.0467748  -0.0488979  0.997698  0  -0.0789706  -0.995846  -0.0451048  0  0.995779  -0.0766805  -0.050443  0  0.417351  -0.0440261  0.777723  1  
0.0468446  -0.0489061  0.997695  0  -0.0789541  -0.995847  -0.0451084  0  0.995777  -0.0766605  -0.0505124  0  0.417363  -0.0440204  0.777694  1  
0.0468996  -0.0489051  0.997692  0  -0.0789289  -0.99585  -0.0451045  0  0.995776  -0.0766328  -0.050566  0  0.417372  -0.0440081  0.777671  1  
0.0469697  -0.0489035  0.997689  0  -0.0789113  -0.995851  -0.0450984  0  0.995774  -0.0766122  -0.0506348  0  0.417384  -0.0440016  0.777642  1  
0.0470382  -0.0489158  0.997685  0  -0.0788873  -0.995853  -0.0451067  0  0.995773  -0.0765844  -0.0507029  0  0.417394  -0.0439915  0.777614  1  
0.0471058  -0.0489135  0.997682  0  -0.0788646  -0.995855  -0.0451003  0  0.995772  -0.0765588  -0.0507691  0  0.417407  -0.0439816  0.777587  1  
0.0471821  -0.0489214  0.997678  0  -0.078848  -0.995856  -0.0451032  0  0.995769  -0.0765384  -0.0508449  0  0.41742  -0.0439741  0.777554  1  
0.0472561  -0.0489275  0.997674  0  -0.0788205  -0.995858  -0.045105  0  0.995768  -0.0765072  -0.0509178  0  0.417433  -0.0439629  0.777525  1  
0.0473322  -0.0489311  0.99767  0  -0.0787989  -0.99586  -0.0451039  0  0.995766  -0.076482  -0.0509929  0  0.417446  -0.043954  0.777493  1  
0.0474138  -0.0489354  0.997666  0  -0.0787708  -0.995862  -0.0451034  0  0.995764  -0.0764499  -0.0510733  0  0.41746  -0.0439405  0.777459  1  
0.0474894  -0.0489353  0.997663  0  -0.0787465  -0.995864  -0.0450987  0  0.995763  -0.0764222  -0.0511474  0  0.417474  -0.0439294  0.777428  1  
0.0475725  -0.0489369  0.997659  0  -0.0787168  -0.995867  -0.0450955  0  0.995761  -0.0763887  -0.051229  0  0.417489  -0.0439163  0.777393  1  
0.0476634  -0.0489529  0.997654  0  -0.0786942  -0.995868  -0.0451057  0  0.995759  -0.0763611  -0.0513198  0  0.417507  -0.0439066  0.777354  1  
0.0477469  -0.0489516  0.99765  0  -0.0786654  -0.995871  -0.0450994  0  0.995757  -0.0763286  -0.0514015  0  0.417522  -0.0438938  0.777319  1  
0.0478316  -0.0489633  0.997645  0  -0.0786409  -0.995872  -0.0451059  0  0.995755  -0.0762997  -0.0514857  0  0.417538  -0.0438831  0.777282  1  
0.0481769  -0.0489794  0.997628  0  -0.0785358  -0.995881  -0.0451011  0  0.995746  -0.0761781  -0.0518261  0  0.417604  -0.0438377  0.777128  1  
0.0482617  -0.0489861  0.997623  0  -0.0785041  -0.995883  -0.0451029  0  0.995745  -0.0761422  -0.0519097  0  0.417623  -0.0438221  0.777089  1  
0.0483448  -0.0489872  0.997619  0  -0.0784773  -0.995886  -0.0450991  0  0.995743  -0.0761116  -0.0519912  0  0.417639  -0.0438108  0.777051  1  
0.0484354  -0.0489888  0.997615  0  -0.0784443  -0.995888  -0.0450954  0  0.995741  -0.0760744  -0.0520801  0  0.417657  -0.0437948  0.777008  1  
0.0485191  -0.0489915  0.99761  0  -0.078417  -0.995891  -0.0450932  0  0.995739  -0.0760432  -0.0521625  0  0.417674  -0.0437825  0.77697  1  
0.0486112  -0.0489904  0.997606  0  -0.0783895  -0.995893  -0.0450866  0  0.995737  -0.0760115  -0.0522529  0  0.417693  -0.0437704  0.776927  1  
0.0486954  -0.0490005  0.997601  0  -0.0783571  -0.995895  -0.0450919  0  0.995735  -0.0759749  -0.0523361  0  0.417711  -0.0437562  0.776888  1  
0.0487798  -0.0489995  0.997597  0  -0.0783251  -0.995898  -0.0450862  0  0.995734  -0.075939  -0.0524186  0  0.417727  -0.0437426  0.776848  1  
0.0488628  -0.0490041  0.997593  0  -0.0782954  -0.995901  -0.045086  0  0.995732  -0.0759054  -0.0525003  0  0.417745  -0.0437279  0.776807  1  
0.0489456  -0.0490083  0.997589  0  -0.0782649  -0.995903  -0.0450855  0  0.99573  -0.075871  -0.0525817  0  0.417763  -0.0437152  0.776766  1  
0.0490298  -0.0490073  0.997585  0  -0.0782325  -0.995906  -0.0450798  0  0.995729  -0.0758347  -0.052664  0  0.417782  -0.0437014  0.776725  1  
0.0491065  -0.0490157  0.99758  0  -0.0781981  -0.995908  -0.0450842  0  0.995728  -0.0757964  -0.0527396  0  0.4178  -0.0436851  0.776686  1  
0.0491851  -0.0490123  0.997577  0  -0.0781639  -0.995911  -0.0450767  0  0.995726  -0.0757589  -0.052816  0  0.417816  -0.0436706  0.776646  1  
0.0492637  -0.0490195  0.997573  0  -0.0781381  -0.995913  -0.0450793  0  0.995725  -0.0757291  -0.0528937  0  0.417834  -0.0436589  0.776605  1  
0.049349  -0.0490201  0.997568  0  -0.0780963  -0.995917  -0.0450755  0  0.995724  -0.0756834  -0.0529768  0  0.417855  -0.0436399  0.77656  1  
0.0494239  -0.0490218  0.997564  0  -0.0780695  -0.995919  -0.045073  0  0.995722  -0.0756532  -0.0530504  0  0.417873  -0.0436283  0.77652  1  
0.0495076  -0.049028  0.99756  0  -0.0780342  -0.995922  -0.0450747  0  0.995721  -0.0756137  -0.0531326  0  0.417892  -0.0436117  0.776477  1  
0.0495928  -0.0490246  0.997556  0  -0.0779975  -0.995925  -0.0450669  0  0.995719  -0.0755733  -0.0532155  0  0.417913  -0.0435951  0.776432  1  
0.0496778  -0.0490296  0.997551  0  -0.0779665  -0.995927  -0.045067  0  0.995717  -0.0755383  -0.0532991  0  0.417934  -0.0435809  0.776389  1  
0.0497661  -0.0490339  0.997547  0  -0.0779327  -0.99593  -0.0450665  0  0.995716  -0.0755002  -0.0533859  0  0.417955  -0.043565  0.776343  1  
0.0498495  -0.0490391  0.997542  0  -0.077898  -0.995933  -0.0450672  0  0.995714  -0.0754614  -0.0534678  0  0.417976  -0.0435506  0.776299  1  
0.0499388  -0.0490413  0.997538  0  -0.0778659  -0.995935  -0.0450643  0  0.995712  -0.0754252  -0.0535555  0  0.417998  -0.0435364  0.776252  1  
0.0500263  -0.0490467  0.997533  0  -0.0778394  -0.995937  -0.0450646  0  0.99571  -0.0753944  -0.0536419  0  0.418021  -0.043525  0.776206  1  
0.0501296  -0.0490525  0.997528  0  -0.0777962  -0.995941  -0.0450649  0  0.995708  -0.0753462  -0.0537433  0  0.418047  -0.0435046  0.776154  1  
0.0502237  -0.049046  0.997523  0  -0.0777653  -0.995944  -0.045053  0  0.995706  -0.0753114  -0.0538351  0  0.418071  -0.0434905  0.776107  1  
0.0503233  -0.0490505  0.997518  0  -0.0777312  -0.995946  -0.0450518  0  0.995703  -0.0752726  -0.0539331  0  0.418097  -0.043474  0.776056  1  
0.0504233  -0.0490577  0.997513  0  -0.077697  -0.995949  -0.0450533  0  0.995701  -0.0752334  -0.0540317  0  0.418122  -0.043459  0.776004  1  
0.0505235  -0.0490533  0.997508  0  -0.077663  -0.995952  -0.0450432  0  0.995699  -0.0751951  -0.0541297  0  0.418148  -0.0434431  0.775952  1  
0.0506235  -0.0490619  0.997502  0  -0.0776308  -0.995954  -0.045046  0  0.995696  -0.075158  -0.0542285  0  0.418173  -0.043429  0.7759  1  
0.0507253  -0.0490628  0.997497  0  -0.0775969  -0.995957  -0.0450411  0  0.995693  -0.0751194  -0.0543284  0  0.4182  -0.0434146  0.775848  1  
0.0508296  -0.0490684  0.997492  0  -0.0775659  -0.99596  -0.0450405  0  0.995691  -0.0750834  -0.0544313  0  0.418228  -0.0433998  0.775793  1  
0.0509281  -0.0490711  0.997486  0  -0.0775324  -0.995962  -0.0450376  0  0.995688  -0.0750453  -0.0545281  0  0.418253  -0.0433851  0.775742  1  
0.0510273  -0.0490742  0.997481  0  -0.0774974  -0.995965  -0.0450351  0  0.995686  -0.0750056  -0.0546256  0  0.418281  -0.0433691  0.775691  1  
0.0511241  -0.0490801  0.997476  0  -0.0774595  -0.995968  -0.0450358  0  0.995684  -0.0749631  -0.0547208  0  0.418306  -0.043351  0.77564  1  
0.0512279  -0.049078  0.997471  0  -0.0774247  -0.995971  -0.0450279  0  0.995681  -0.0749236  -0.0548225  0  0.418333  -0.0433357  0.775586  1  
0.0513244  -0.0490765  0.997466  0  -0.0773947  -0.995974  -0.0450208  0  0.995679  -0.0748893  -0.0549171  0  0.418358  -0.043321  0.775536  1  
0.0514242  -0.0490856  0.99746  0  -0.0773635  -0.995976  -0.0450241  0  0.995676  -0.0748531  -0.0550158  0  0.418384  -0.0433069  0.775483  1  
0.0515269  -0.049083  0.997455  0  -0.0773327  -0.995979  -0.0450155  0  0.995673  -0.0748179  -0.0551165  0  0.418412  -0.0432924  0.77543  1  
0.0516229  -0.0490918  0.99745  0  -0.0773026  -0.995981  -0.0450187  0  0.99567  -0.0747829  -0.0552114  0  0.418438  -0.0432784  0.775379  1  
0.0517249  -0.049092  0.997444  0  -0.0772712  -0.995984  -0.0450131  0  0.995667  -0.0747469  -0.0553117  0  0.418465  -0.0432646  0.775325  1  
0.05183  -0.0491003  0.997438  0  -0.0772378  -0.995986  -0.0450153  0  0.995665  -0.0747083  -0.0554154  0  0.418493  -0.0432491  0.77527  1  
0.0519372  -0.0491048  0.997433  0  -0.0772043  -0.995989  -0.0450137  0  0.995662  -0.0746697  -0.055521  0  0.418521  -0.0432344  0.775213  1  
0.052041  -0.0491059  0.997427  0  -0.0771752  -0.995991  -0.0450086  0  0.995658  -0.0746358  -0.0556232  0  0.41855  -0.0432205  0.775158  1  
0.0521444  -0.0491131  0.997421  0  -0.0771437  -0.995994  -0.0450098  0  0.995655  -0.0745992  -0.0557254  0  0.418577  -0.0432069  0.775104  1  
0.0522443  -0.0491127  0.997416  0  -0.0771086  -0.995997  -0.0450038  0  0.995653  -0.0745596  -0.0558233  0  0.418606  -0.0431903  0.775051  1  
0.0523458  -0.049117  0.997411  0  -0.0770757  -0.995999  -0.0450024  0  0.99565  -0.0745218  -0.0559232  0  0.418633  -0.0431752  0.774997  1  
0.0524518  -0.0491224  0.997405  0  -0.0770425  -0.996002  -0.0450017  0  0.995647  -0.0744836  -0.0560277  0  0.418662  -0.0431612  0.774942  1  
0.0525466  -0.0491282  0.9974  0  -0.077013  -0.996004  -0.0450022  0  0.995644  -0.0744494  -0.0561213  0  0.418688  -0.0431485  0.77489  1  
0.0526515  -0.0491359  0.997394  0  -0.0769822  -0.996007  -0.0450038  0  0.995641  -0.0744135  -0.0562249  0  0.418717  -0.0431365  0.774834  1  
0.0527571  -0.0491364  0.997388  0  -0.0769454  -0.99601  -0.0449984  0  0.995638  -0.0743719  -0.0563285  0  0.418746  -0.0431186  0.774779  1  
0.0528677  -0.0491442  0.997382  0  -0.0769111  -0.996012  -0.045  0  0.995635  -0.0743321  -0.0564377  0  0.418775  -0.0431039  0.774721  1  
0.0529828  -0.0491471  0.997376  0  -0.076879  -0.996015  -0.0449961  0  0.995632  -0.0742947  -0.0565511  0  0.418806  -0.0430903  0.774662  1  
0.0530883  -0.0491569  0.99737  0  -0.0768458  -0.996017  -0.0449998  0  0.995629  -0.0742561  -0.0566555  0  0.418836  -0.0430756  0.774605  1  
0.0532024  -0.0491554  0.997364  0  -0.0768078  -0.996021  -0.0449921  0  0.995625  -0.074213  -0.0567673  0  0.418867  -0.0430587  0.774546  1  
0.053313  -0.0491649  0.997357  0  -0.076775  -0.996023  -0.0449952  0  0.995622  -0.0741747  -0.0568767  0  0.418897  -0.0430455  0.774488  1  
0.0534289  -0.0491795  0.99735  0  -0.076743  -0.996025  -0.0450029  0  0.995618  -0.0741367  -0.0569918  0  0.41893  -0.0430322  0.774426  1  
0.0535367  -0.0491817  0.997344  0  -0.07671  -0.996028  -0.0449991  0  0.995615  -0.0740986  -0.0570979  0  0.41896  -0.0430183  0.774369  1  
0.0536529  -0.0491819  0.997338  0  -0.0766677  -0.996031  -0.044993  0  0.995612  -0.074051  -0.0572117  0  0.418993  -0.0429981  0.774307  1  
0.053769  -0.0491968  0.997331  0  -0.0766394  -0.996033  -0.0450009  0  0.995608  -0.0740167  -0.0573272  0  0.419024  -0.0429876  0.774245  1  
0.0538869  -0.0491975  0.997325  0  -0.0766018  -0.996036  -0.0449951  0  0.995604  -0.0739736  -0.057443  0  0.419058  -0.0429706  0.774183  1  
0.0540011  -0.049204  0.997318  0  -0.0765648  -0.996039  -0.0449952  0  0.995601  -0.0739311  -0.0575557  0  0.41909  -0.0429545  0.774122  1  
0.0541206  -0.049207  0.997312  0  -0.0765321  -0.996042  -0.0449912  0  0.995597  -0.0738928  -0.0576734  0  0.419124  -0.0429411  0.774058  1  
0.0542364  -0.0492118  0.997305  0  -0.0764984  -0.996045  -0.0449894  0  0.995593  -0.0738536  -0.0577876  0  0.419155  -0.0429256  0.773997  1  
0.054354  -0.0492154  0.997298  0  -0.0764659  -0.996047  -0.0449862  0  0.995589  -0.0738155  -0.0579036  0  0.419188  -0.0429113  0.773933  1  
0.0544724  -0.0492241  0.997292  0  -0.0764285  -0.99605  -0.0449883  0  0.995586  -0.0737723  -0.0580205  0  0.419221  -0.0428963  0.77387  1  
0.054597  -0.0492377  0.997284  0  -0.0763973  -0.996052  -0.0449944  0  0.995581  -0.0737346  -0.0581441  0  0.419255  -0.0428829  0.773805  1  
0.0547116  -0.0492371  0.997278  0  -0.0763592  -0.996055  -0.0449876  0  0.995578  -0.0736914  -0.0582566  0  0.419287  -0.042866  0.773743  1  
0.0548321  -0.049249  0.997271  0  -0.0763254  -0.996058  -0.0449925  0  0.995574  -0.0736515  -0.058376  0  0.41932  -0.0428517  0.773679  1  
0.0549529  -0.0492512  0.997264  0  -0.0762895  -0.996061  -0.044988  0  0.99557  -0.07361  -0.0584949  0  0.419353  -0.0428376  0.773615  1  
0.0550657  -0.0492593  0.997257  0  -0.0762476  -0.996064  -0.0449901  0  0.995567  -0.0735625  -0.058606  0  0.419385  -0.0428183  0.773557  1  
0.055187  -0.0492685  0.99725  0  -0.0762122  -0.996066  -0.0449925  0  0.995563  -0.0735211  -0.058726  0  0.419417  -0.0428039  0.773491  1  
0.055307  -0.0492723  0.997243  0  -0.0761751  -0.996069  -0.0449896  0  0.995559  -0.0734783  -0.0588441  0  0.41945  -0.0427871  0.773427  1  
0.0554224  -0.0492836  0.997236  0  -0.0761422  -0.996072  -0.0449943  0  0.995555  -0.0734395  -0.0589584  0  0.419482  -0.0427744  0.773366  1  
0.0555436  -0.0492868  0.997229  0  -0.0761061  -0.996075  -0.0449908  0  0.995551  -0.0733977  -0.0590777  0  0.419514  -0.0427594  0.773301  1  
0.0556674  -0.0492954  0.997222  0  -0.0760721  -0.996077  -0.0449922  0  0.995547  -0.0733576  -0.0592002  0  0.419548  -0.0427444  0.773235  1  
0.0557877  -0.0493033  0.997215  0  -0.0760332  -0.99608  -0.0449936  0  0.995543  -0.0733127  -0.0593188  0  0.41958  -0.042728  0.773171  1  
0.055902  -0.0493061  0.997208  0  -0.0759993  -0.996083  -0.0449901  0  0.99554  -0.0732735  -0.0594314  0  0.419611  -0.0427139  0.77311  1  
0.0560209  -0.0493134  0.997201  0  -0.0759632  -0.996085  -0.0449907  0  0.995536  -0.0732316  -0.0595487  0  0.419644  -0.0426973  0.773046  1  
0.0561469  -0.0493217  0.997194  0  -0.0759236  -0.996088  -0.0449922  0  0.995531  -0.0731858  -0.0596731  0  0.419678  -0.0426808  0.77298  1  
0.0562663  -0.0493233  0.997187  0  -0.0758901  -0.996091  -0.044987  0  0.995527  -0.0731468  -0.0597906  0  0.41971  -0.042666  0.772917  1  
0.0563846  -0.0493371  0.99718  0  -0.0758585  -0.996093  -0.044994  0  0.995523  -0.073109  -0.0599081  0  0.419742  -0.0426546  0.772854  1  
0.056511  -0.0493417  0.997172  0  -0.075822  -0.996096  -0.0449915  0  0.995519  -0.0730665  -0.0600328  0  0.419776  -0.042639  0.772787  1  
0.0566352  -0.0493533  0.997165  0  -0.0757883  -0.996099  -0.0449961  0  0.995514  -0.0730264  -0.0601558  0  0.419809  -0.0426235  0.772721  1  
0.0567592  -0.0493543  0.997158  0  -0.075757  -0.996101  -0.0449898  0  0.995509  -0.0729895  -0.060278  0  0.419843  -0.0426109  0.772655  1  
0.0568942  -0.0493635  0.997149  0  -0.0757192  -0.996104  -0.0449914  0  0.995505  -0.072945  -0.0604115  0  0.41988  -0.0425935  0.772585  1  
0.057026  -0.0493777  0.997141  0  -0.0756906  -0.996106  -0.0449977  0  0.995499  -0.0729096  -0.0605425  0  0.419914  -0.0425828  0.772515  1  
0.057156  -0.0493801  0.997134  0  -0.0756562  -0.996109  -0.0449927  0  0.995494  -0.0728692  -0.0606707  0  0.41995  -0.0425668  0.772445  1  
0.0572833  -0.0493904  0.997126  0  -0.0756225  -0.996111  -0.0449957  0  0.99549  -0.072829  -0.0607967  0  0.419984  -0.042553  0.772377  1  
0.0574113  -0.0493923  0.997118  0  -0.0755918  -0.996114  -0.0449902  0  0.995485  -0.0727924  -0.0609231  0  0.42002  -0.0425396  0.77231  1  
0.0575447  -0.0494049  0.99711  0  -0.0755611  -0.996116  -0.0449948  0  0.995479  -0.0727549  -0.0610555  0  0.420057  -0.042527  0.772239  1  
0.0576791  -0.0494071  0.997102  0  -0.0755207  -0.996119  -0.0449898  0  0.995475  -0.0727083  -0.0611877  0  0.420093  -0.0425079  0.772168  1  
0.0578054  -0.0494212  0.997094  0  -0.0754937  -0.996121  -0.0449963  0  0.995469  -0.0726747  -0.0613133  0  0.420128  -0.0424976  0.772101  1  
0.0579405  -0.0494289  0.997086  0  -0.0754639  -0.996123  -0.044996  0  0.995464  -0.0726383  -0.0614471  0  0.420165  -0.0424839  0.772028  1  
0.0580771  -0.0494273  0.997078  0  -0.0754352  -0.996126  -0.0449861  0  0.995458  -0.0726035  -0.0615818  0  0.420202  -0.0424717  0.771957  1  
0.0582144  -0.0494425  0.997069  0  -0.0754089  -0.996127  -0.044993  0  0.995452  -0.0725701  -0.0617185  0  0.420239  -0.0424602  0.771882  1  
0.0583505  -0.0494427  0.997061  0  -0.0753797  -0.99613  -0.0449851  0  0.995446  -0.0725347  -0.0618528  0  0.420276  -0.042447  0.77181  1  
0.0584782  -0.0494493  0.997054  0  -0.0753469  -0.996133  -0.0449845  0  0.995441  -0.0724956  -0.0619791  0  0.42031  -0.0424312  0.771741  1  
0.0586085  -0.0494553  0.997046  0  -0.0753202  -0.996135  -0.0449827  0  0.995435  -0.0724627  -0.0621081  0  0.420346  -0.0424188  0.771671  1  
0.0587437  -0.0494644  0.997037  0  -0.0752961  -0.996136  -0.0449834  0  0.995429  -0.072432  -0.0622424  0  0.420383  -0.0424075  0.771599  1  
0.0588729  -0.0494701  0.997029  0  -0.0752686  -0.996139  -0.0449815  0  0.995424  -0.0723982  -0.0623703  0  0.420418  -0.0423956  0.77153  1  
0.0590052  -0.0494714  0.997021  0  -0.0752424  -0.996141  -0.0449747  0  0.995418  -0.0723659  -0.0625011  0  0.420454  -0.0423838  0.771459  1  
0.0591481  -0.0494797  0.997013  0  -0.0752134  -0.996143  -0.0449745  0  0.995412  -0.0723299  -0.0626427  0  0.420493  -0.0423703  0.771383  1  
0.0592771  -0.0494871  0.997005  0  -0.0751881  -0.996145  -0.0449741  0  0.995406  -0.0722983  -0.0627707  0  0.420529  -0.0423564  0.771313  1  
0.0594092  -0.0494937  0.996996  0  -0.0751676  -0.996147  -0.0449724  0  0.9954  -0.0722714  -0.0629018  0  0.420564  -0.0423484  0.771241  1  
0.0595482  -0.0495045  0.996987  0  -0.0751425  -0.996148  -0.0449747  0  0.995393  -0.0722394  -0.0630399  0  0.420602  -0.0423368  0.771166  1  
0.0596852  -0.0495056  0.996979  0  -0.0751229  -0.99615  -0.0449671  0  0.995386  -0.0722135  -0.0631757  0  0.420638  -0.0423272  0.771092  1  
0.0598138  -0.0495181  0.996971  0  -0.0751003  -0.996152  -0.0449718  0  0.99538  -0.0721843  -0.0633036  0  0.420674  -0.0423165  0.771022  1  
0.0599463  -0.049523  0.996963  0  -0.0750803  -0.996153  -0.0449683  0  0.995374  -0.0721579  -0.0634352  0  0.420711  -0.0423075  0.770951  1  
0.0600697  -0.0495262  0.996955  0  -0.0750618  -0.996155  -0.0449637  0  0.995368  -0.0721337  -0.0635575  0  0.420743  -0.0422989  0.770884  1  
0.0602013  -0.0495339  0.996947  0  -0.0750362  -0.996157  -0.0449636  0  0.995362  -0.0721016  -0.063688  0  0.420779  -0.0422867  0.770811  1  
0.0603322  -0.049543  0.996938  0  -0.0750231  -0.996158  -0.044964  0  0.995355  -0.072082  -0.0638185  0  0.420814  -0.0422817  0.770741  1  
0.0604644  -0.0495479  0.99693  0  -0.0750011  -0.99616  -0.0449607  0  0.995349  -0.0720537  -0.0639496  0  0.420852  -0.0422699  0.77067  1  
0.0605934  -0.0495532  0.996922  0  -0.0749851  -0.996161  -0.0449577  0  0.995342  -0.0720316  -0.0640778  0  0.420887  -0.0422622  0.770599  1  
0.0607325  -0.0495537  0.996914  0  -0.0749641  -0.996163  -0.0449495  0  0.995335  -0.0720042  -0.0642155  0  0.420925  -0.0422523  0.770524  1  
0.0608618  -0.0495676  0.996905  0  -0.0749412  -0.996164  -0.0449556  0  0.995329  -0.0719746  -0.0643443  0  0.42096  -0.0422413  0.770453  1  
0.060995  -0.049568  0.996897  0  -0.0749265  -0.996166  -0.0449472  0  0.995322  -0.0719538  -0.0644764  0  0.420995  -0.0422338  0.770381  1  
0.0611352  -0.0495745  0.996888  0  -0.0749065  -0.996168  -0.0449449  0  0.995315  -0.071927  -0.0646156  0  0.421034  -0.0422231  0.770306  1  
0.0612705  -0.0495789  0.996879  0  -0.0748857  -0.996169  -0.0449409  0  0.995308  -0.0718999  -0.0647498  0  0.42107  -0.0422127  0.770233  1  
0.0614104  -0.049588  0.99687  0  -0.07487  -0.99617  -0.0449409  0  0.9953  -0.0718772  -0.0648891  0  0.421108  -0.0422052  0.770158  1  
0.0615508  -0.0495924  0.996861  0  -0.0748551  -0.996172  -0.0449362  0  0.995293  -0.0718557  -0.0650286  0  0.421146  -0.0421977  0.770084  1  
0.0616881  -0.0495957  0.996853  0  -0.0748347  -0.996174  -0.0449309  0  0.995286  -0.0718289  -0.0651648  0  0.421183  -0.0421873  0.770011  1  
0.0618288  -0.0496039  0.996844  0  -0.0748164  -0.996175  -0.0449302  0  0.995279  -0.0718037  -0.0653048  0  0.421221  -0.0421779  0.769936  1  
0.0619658  -0.0496114  0.996835  0  -0.0748037  -0.996176  -0.0449286  0  0.995271  -0.0717843  -0.0654413  0  0.421259  -0.0421712  0.769863  1  
0.0621041  -0.0496211  0.996826  0  -0.0747852  -0.996177  -0.0449296  0  0.995264  -0.0717588  -0.0655789  0  0.421296  -0.0421625  0.769789  1  
0.0622451  -0.0496256  0.996817  0  -0.0747677  -0.996179  -0.044925  0  0.995256  -0.0717347  -0.0657189  0  0.421334  -0.0421529  0.769713  1  
0.0623933  -0.0496345  0.996807  0  -0.0747516  -0.99618  -0.0449244  0  0.995248  -0.0717113  -0.0658664  0  0.421374  -0.0421456  0.769636  1  
0.0625284  -0.0496349  0.996799  0  -0.074729  -0.996182  -0.0449165  0  0.995241  -0.0716826  -0.0660001  0  0.421411  -0.0421327  0.769565  1  
0.0626685  -0.0496428  0.996789  0  -0.0747159  -0.996183  -0.0449152  0  0.995234  -0.0716627  -0.0661397  0  0.421448  -0.0421267  0.76949  1  
0.0627986  -0.0496447  0.996781  0  -0.0746977  -0.996185  -0.0449089  0  0.995227  -0.0716384  -0.0662686  0  0.421484  -0.0421178  0.769421  1  
0.0629433  -0.0496616  0.996771  0  -0.0746863  -0.996185  -0.0449162  0  0.995219  -0.0716193  -0.0664135  0  0.421522  -0.0421116  0.769344  1  
0.0630721  -0.0496592  0.996763  0  -0.0746694  -0.996187  -0.0449056  0  0.995212  -0.0715968  -0.0665409  0  0.421557  -0.0421031  0.769275  1  
0.0632097  -0.0496698  0.996754  0  -0.0746485  -0.996189  -0.0449078  0  0.995204  -0.071569  -0.0666779  0  0.421595  -0.042092  0.7692  1  
0.0633441  -0.0496742  0.996745  0  -0.0746356  -0.99619  -0.0449034  0  0.995197  -0.0715496  -0.0668115  0  0.421631  -0.0420865  0.769128  1  
0.0634879  -0.0496846  0.996735  0  -0.0746228  -0.996191  -0.0449043  0  0.995189  -0.0715297  -0.066955  0  0.42167  -0.0420804  0.769052  1  
0.063626  -0.0496919  0.996726  0  -0.0746093  -0.996192  -0.0449026  0  0.995181  -0.0715095  -0.0670925  0  0.421707  -0.0420733  0.768978  1  
0.0637582  -0.0496983  0.996717  0  -0.0745935  -0.996193  -0.0449005  0  0.995174  -0.0714872  -0.0672239  0  0.421743  -0.0420649  0.768907  1  
0.063891  -0.0497076  0.996709  0  -0.0745735  -0.996194  -0.0449016  0  0.995167  -0.0714606  -0.067356  0  0.42178  -0.0420546  0.768836  1  
0.0640343  -0.0497141  0.996699  0  -0.0745644  -0.996195  -0.0448985  0  0.995158  -0.0714446  -0.0674989  0  0.42182  -0.0420511  0.76876  1  
0.0641716  -0.0497209  0.99669  0  -0.0745482  -0.996197  -0.0448965  0  0.99515  -0.0714217  -0.0676354  0  0.421856  -0.0420429  0.768688  1  
0.0643044  -0.0497314  0.996681  0  -0.074536  -0.996197  -0.0448983  0  0.995143  -0.0714028  -0.067768  0  0.421892  -0.0420378  0.768615  1  
0.0644378  -0.0497385  0.996672  0  -0.0745214  -0.996199  -0.0448968  0  0.995135  -0.0713817  -0.0679007  0  0.421928  -0.042031  0.768544  1  
0.0645726  -0.0497489  0.996663  0  -0.0745107  -0.996199  -0.0448983  0  0.995127  -0.0713642  -0.0680353  0  0.421965  -0.0420255  0.768471  1  
0.0647081  -0.049752  0.996654  0  -0.0744903  -0.996201  -0.0448931  0  0.99512  -0.0713374  -0.0681696  0  0.422003  -0.0420148  0.768399  1  
0.0648513  -0.0497621  0.996644  0  -0.0744787  -0.996202  -0.0448937  0  0.995112  -0.0713186  -0.0683126  0  0.422042  -0.0420094  0.768322  1  
0.0649741  -0.0497673  0.996636  0  -0.0744611  -0.996203  -0.0448913  0  0.995105  -0.0712952  -0.0684345  0  0.422075  -0.0420006  0.768256  1  
0.0651139  -0.049773  0.996626  0  -0.0744512  -0.996204  -0.0448877  0  0.995096  -0.0712786  -0.0685737  0  0.422113  -0.041996  0.768183  1  
0.0652481  -0.0497855  0.996617  0  -0.0744387  -0.996205  -0.0448914  0  0.995089  -0.0712592  -0.0687078  0  0.42215  -0.0419901  0.76811  1  
0.0655174  -0.0497946  0.996599  0  -0.0744105  -0.996207  -0.0448832  0  0.995073  -0.0712182  -0.0689755  0  0.422223  -0.0419775  0.767967  1  
0.0656564  -0.049809  0.996589  0  -0.0744001  -0.996208  -0.0448884  0  0.995065  -0.0712004  -0.0691145  0  0.422262  -0.0419723  0.767894  1  
0.0657911  -0.0498114  0.99658  0  -0.07439  -0.996209  -0.0448819  0  0.995057  -0.0711841  -0.0692485  0  0.422299  -0.0419672  0.767822  1  
0.0659362  -0.0498273  0.996569  0  -0.0743777  -0.99621  -0.0448883  0  0.995048  -0.0711641  -0.0693937  0  0.422339  -0.0419621  0.767745  1  
0.0660747  -0.0498318  0.99656  0  -0.0743679  -0.996211  -0.0448835  0  0.995039  -0.0711478  -0.0695316  0  0.422377  -0.041957  0.767672  1  
0.0662156  -0.0498443  0.99655  0  -0.0743532  -0.996212  -0.044887  0  0.995031  -0.0711259  -0.0696722  0  0.422415  -0.0419507  0.767597  1  
0.0663525  -0.0498539  0.99654  0  -0.0743431  -0.996212  -0.0448875  0  0.995023  -0.0711089  -0.0698088  0  0.422454  -0.0419454  0.767524  1  
0.0664855  -0.049861  0.996531  0  -0.0743318  -0.996213  -0.0448859  0  0.995015  -0.071091  -0.0699414  0  0.42249  -0.0419408  0.767454  1  
0.0666258  -0.0498782  0.996521  0  -0.0743234  -0.996214  -0.0448936  0  0.995006  -0.0710751  -0.070082  0  0.422529  -0.0419369  0.76738  1  
0.0667656  -0.0498806  0.996511  0  -0.0743091  -0.996215  -0.044887  0  0.994998  -0.0710543  -0.0702208  0  0.422568  -0.041929  0.767306  1  
0.0669017  -0.0498919  0.996502  0  -0.0743007  -0.996215  -0.0448892  0  0.994989  -0.071039  -0.0703569  0  0.422605  -0.0419249  0.767235  1  
0.0670405  -0.0499039  0.996492  0  -0.0742946  -0.996216  -0.0448918  0  0.99498  -0.0710257  -0.0704957  0  0.422642  -0.041923  0.767161  1  
0.0671698  -0.0499114  0.996483  0  -0.074282  -0.996217  -0.0448909  0  0.994972  -0.0710068  -0.0706245  0  0.422679  -0.0419179  0.767093  1  
0.0673095  -0.0499243  0.996473  0  -0.0742719  -0.996217  -0.0448946  0  0.994964  -0.0709895  -0.0707642  0  0.422716  -0.0419137  0.767018  1  
0.0674416  -0.0499358  0.996463  0  -0.0742603  -0.996218  -0.0448975  0  0.994956  -0.0709711  -0.0708961  0  0.422752  -0.0419082  0.766948  1  
0.067576  -0.0499495  0.996453  0  -0.0742513  -0.996218  -0.0449023  0  0.994947  -0.070955  -0.0710306  0  0.422789  -0.0419046  0.766876  1  
0.0677136  -0.0499594  0.996444  0  -0.0742442  -0.996219  -0.0449029  0  0.994938  -0.0709409  -0.0711682  0  0.422827  -0.0419002  0.766803  1  
0.067842  -0.0499651  0.996434  0  -0.0742351  -0.99622  -0.0449001  0  0.99493  -0.0709257  -0.0712961  0  0.422863  -0.0418969  0.766735  1  
0.0679788  -0.0499804  0.996424  0  -0.074226  -0.99622  -0.0449063  0  0.994922  -0.0709093  -0.071433  0  0.422901  -0.0418931  0.766662  1  
0.0681134  -0.0499821  0.996415  0  -0.0742176  -0.996221  -0.044899  0  0.994913  -0.0708947  -0.0715669  0  0.422938  -0.0418881  0.766591  1  
0.0682499  -0.0500005  0.996405  0  -0.0742094  -0.996221  -0.0449082  0  0.994904  -0.070879  -0.0717039  0  0.422976  -0.0418852  0.766519  1  
0.0683771  -0.0500138  0.996395  0  -0.0742067  -0.996221  -0.0449126  0  0.994896  -0.0708696  -0.0718315  0  0.423012  -0.0418832  0.766451  1  
0.0685154  -0.0500225  0.996386  0  -0.0741949  -0.996222  -0.0449124  0  0.994887  -0.0708509  -0.0719694  0  0.423049  -0.0418774  0.766378  1  
0.0686545  -0.0500315  0.996376  0  -0.0741859  -0.996223  -0.0449121  0  0.994878  -0.070835  -0.0721082  0  0.423087  -0.0418731  0.766305  1  
0.0687882  -0.0500405  0.996366  0  -0.0741794  -0.996223  -0.0449121  0  0.99487  -0.0708217  -0.0722418  0  0.423124  -0.0418698  0.766234  1  
0.0689217  -0.0500578  0.996356  0  -0.0741761  -0.996223  -0.0449201  0  0.994861  -0.0708112  -0.0723759  0  0.423161  -0.0418674  0.766163  1  
0.0690583  -0.0500642  0.996346  0  -0.074165  -0.996224  -0.0449176  0  0.994852  -0.0707934  -0.072512  0  0.423198  -0.0418617  0.766091  1  
0.0691912  -0.0500825  0.996336  0  -0.0741608  -0.996224  -0.0449268  0  0.994843  -0.0707819  -0.0726455  0  0.423236  -0.0418599  0.76602  1  
0.0693193  -0.0500943  0.996326  0  -0.0741572  -0.996224  -0.0449297  0  0.994834  -0.0707717  -0.0727738  0  0.423272  -0.0418581  0.765953  1  
0.069457  -0.0501096  0.996316  0  -0.0741569  -0.996224  -0.0449353  0  0.994825  -0.070764  -0.0729122  0  0.42331  -0.041858  0.765879  1  
0.0695949  -0.0501239  0.996306  0  -0.0741475  -0.996224  -0.0449404  0  0.994816  -0.0707473  -0.0730501  0  0.423349  -0.0418525  0.765806  1  
0.0697327  -0.0501326  0.996296  0  -0.0741455  -0.996225  -0.0449394  0  0.994806  -0.0707385  -0.0731879  0  0.423389  -0.0418498  0.765734  1  
0.0698644  -0.0501508  0.996285  0  -0.0741436  -0.996224  -0.0449484  0  0.994797  -0.0707292  -0.0733204  0  0.423425  -0.0418502  0.765665  1  
0.0700048  -0.0501672  0.996275  0  -0.0741404  -0.996224  -0.0449551  0  0.994788  -0.0707185  -0.0734613  0  0.423466  -0.0418481  0.765592  1  
0.0701426  -0.0501766  0.996265  0  -0.0741385  -0.996225  -0.0449548  0  0.994778  -0.0707097  -0.0735992  0  0.423505  -0.0418469  0.765519  1  
0.0702785  -0.0502051  0.996254  0  -0.0741379  -0.996224  -0.0449737  0  0.994768  -0.0707009  -0.0737366  0  0.423542  -0.041846  0.765447  1  
0.0704082  -0.050211  0.996244  0  -0.0741275  -0.996225  -0.0449712  0  0.99476  -0.0706841  -0.0738659  0  0.423581  -0.0418404  0.76538  1  
0.0705461  -0.0502337  0.996233  0  -0.0741271  -0.996224  -0.0449841  0  0.99475  -0.0706758  -0.0740048  0  0.423619  -0.0418388  0.765308  1  
0.070671  -0.0502536  0.996223  0  -0.074127  -0.996224  -0.0449951  0  0.994741  -0.0706686  -0.0741307  0  0.423655  -0.0418391  0.765243  1  
0.0708047  -0.0502671  0.996213  0  -0.0741235  -0.996224  -0.0449994  0  0.994732  -0.070658  -0.0742648  0  0.423693  -0.0418375  0.765173  1  
0.070942  -0.0502797  0.996203  0  -0.0741225  -0.996224  -0.0450023  0  0.994723  -0.0706498  -0.0744024  0  0.423732  -0.0418357  0.765102  1  
0.0710621  -0.050304  0.996193  0  -0.0741192  -0.996223  -0.0450183  0  0.994714  -0.0706393  -0.0745237  0  0.423767  -0.0418342  0.765037  1  
0.071193  -0.0503157  0.996183  0  -0.0741165  -0.996223  -0.045021  0  0.994705  -0.0706298  -0.0746547  0  0.423806  -0.0418311  0.76497  1  
0.0713247  -0.0503335  0.996173  0  -0.0741217  -0.996222  -0.045029  0  0.994695  -0.0706277  -0.0747875  0  0.423844  -0.0418338  0.764901  1  
0.0714503  -0.0503419  0.996163  0  -0.0741164  -0.996223  -0.0450289  0  0.994687  -0.070616  -0.074913  0  0.423879  -0.04183  0.764836  1  
0.0715762  -0.050357  0.996153  0  -0.0741115  -0.996223  -0.0450354  0  0.994678  -0.0706043  -0.0750393  0  0.423917  -0.0418266  0.764771  1  
0.0717111  -0.0503707  0.996143  0  -0.0741086  -0.996223  -0.0450397  0  0.994668  -0.0705943  -0.0751746  0  0.423955  -0.0418255  0.764701  1  
0.0718414  -0.0503842  0.996133  0  -0.0741095  -0.996223  -0.0450439  0  0.994659  -0.0705883  -0.0753054  0  0.423994  -0.0418248  0.764633  1  
0.071971  -0.050397  0.996123  0  -0.0741108  -0.996222  -0.0450475  0  0.994649  -0.0705827  -0.0754355  0  0.424032  -0.0418243  0.764565  1  
0.0720929  -0.0504089  0.996114  0  -0.074116  -0.996222  -0.0450503  0  0.99464  -0.0705815  -0.0755581  0  0.424068  -0.0418268  0.764501  1  
0.0722166  -0.0504233  0.996104  0  -0.0741102  -0.996222  -0.0450563  0  0.994632  -0.070569  -0.0756822  0  0.424105  -0.0418222  0.764436  1  
0.0723416  -0.0504295  0.996095  0  -0.0741108  -0.996222  -0.0450536  0  0.994623  -0.0705635  -0.0758071  0  0.424143  -0.041821  0.764373  1  
0.0724768  -0.0504447  0.996084  0  -0.0741105  -0.996222  -0.0450593  0  0.994613  -0.0705559  -0.0759429  0  0.424183  -0.0418212  0.764303  1  
0.0726001  -0.0504569  0.996074  0  -0.0741124  -0.996222  -0.0450625  0  0.994604  -0.0705513  -0.0760668  0  0.424221  -0.0418202  0.764239  1  
0.0727242  -0.050468  0.996065  0  -0.0741151  -0.996221  -0.0450647  0  0.994594  -0.0705475  -0.0761913  0  0.424258  -0.0418201  0.764175  1  
0.0728597  -0.0504858  0.996054  0  -0.0741166  -0.996221  -0.0450728  0  0.994584  -0.0705415  -0.0763277  0  0.424297  -0.0418196  0.764106  1  
0.0729793  -0.0504945  0.996045  0  -0.0741167  -0.996221  -0.0450729  0  0.994576  -0.0705355  -0.0764474  0  0.424334  -0.0418179  0.764044  1  
0.0731064  -0.0505158  0.996034  0  -0.0741221  -0.99622  -0.0450849  0  0.994566  -0.0705335  -0.0765759  0  0.424371  -0.0418204  0.763979  1  
0.0732301  -0.050525  0.996025  0  -0.0741231  -0.99622  -0.0450852  0  0.994557  -0.0705282  -0.0766998  0  0.42441  -0.0418179  0.763915  1  
0.0733635  -0.0505405  0.996014  0  -0.0741272  -0.996219  -0.0450909  0  0.994547  -0.0705251  -0.076834  0  0.42445  -0.0418195  0.763847  1  
0.0734833  -0.0505536  0.996005  0  -0.0741272  -0.996219  -0.0450955  0  0.994538  -0.0705186  -0.0769543  0  0.424487  -0.0418178  0.763785  1  
0.0736138  -0.0505699  0.995994  0  -0.0741302  -0.996218  -0.0451023  0  0.994528  -0.0705145  -0.0770857  0  0.424526  -0.0418179  0.763718  1  
0.073738  -0.0505869  0.995984  0  -0.0741329  -0.996218  -0.0451103  0  0.994518  -0.0705102  -0.0772108  0  0.424565  -0.0418184  0.763654  1  
0.0738616  -0.0505935  0.995975  0  -0.0741321  -0.996218  -0.0451083  0  0.994509  -0.0705032  -0.0773343  0  0.424603  -0.0418157  0.763592  1  
0.073976  -0.0506074  0.995965  0  -0.0741336  -0.996218  -0.0451139  0  0.994501  -0.0704985  -0.0774494  0  0.424638  -0.0418153  0.763534  1  
0.0741094  -0.0506235  0.995955  0  -0.0741354  -0.996217  -0.0451204  0  0.994491  -0.070493  -0.0775836  0  0.424679  -0.0418143  0.763466  1  
0.0742294  -0.0506407  0.995945  0  -0.0741451  -0.996216  -0.0451284  0  0.994481  -0.0704959  -0.0777048  0  0.424716  -0.0418185  0.763405  1  
0.074351  -0.0506565  0.995935  0  -0.0741454  -0.996216  -0.0451355  0  0.994472  -0.0704895  -0.0778271  0  0.424754  -0.0418177  0.763343  1  
0.0744726  -0.0506727  0.995925  0  -0.0741514  -0.996215  -0.0451426  0  0.994462  -0.0704887  -0.0779496  0  0.424791  -0.0418194  0.763281  1  
0.0745906  -0.0506881  0.995916  0  -0.0741581  -0.996214  -0.0451491  0  0.994453  -0.0704889  -0.0780686  0  0.424828  -0.0418225  0.763222  1  
0.0747064  -0.0507103  0.995906  0  -0.074157  -0.996214  -0.0451632  0  0.994444  -0.0704808  -0.0781856  0  0.424865  -0.0418198  0.763163  1  
0.0748384  -0.0507205  0.995895  0  -0.0741606  -0.996213  -0.0451638  0  0.994434  -0.0704775  -0.078318  0  0.424906  -0.041821  0.763096  1  
0.0749597  -0.0507446  0.995885  0  -0.0741678  -0.996212  -0.0451787  0  0.994424  -0.0704773  -0.0784409  0  0.424944  -0.0418231  0.763035  1  
0.075078  -0.0507596  0.995875  0  -0.0741717  -0.996212  -0.045185  0  0.994415  -0.0704747  -0.0785601  0  0.424982  -0.0418243  0.762974  1  
0.0752115  -0.0507761  0.995864  0  -0.0741743  -0.996211  -0.0451918  0  0.994405  -0.07047  -0.0786943  0  0.425023  -0.0418233  0.762908  1  
0.0753347  -0.0507922  0.995854  0  -0.0741817  -0.99621  -0.0451986  0  0.994395  -0.0704705  -0.0788185  0  0.425063  -0.0418248  0.762845  1  
0.075454  -0.0508061  0.995844  0  -0.0741821  -0.99621  -0.045204  0  0.994386  -0.0704643  -0.0789385  0  0.425101  -0.0418242  0.762785  1  
0.0755786  -0.0508261  0.995834  0  -0.0741907  -0.996209  -0.0452146  0  0.994376  -0.0704657  -0.0790644  0  0.42514  -0.0418272  0.762721  1  
0.0756932  -0.0508407  0.995825  0  -0.0741915  -0.996209  -0.045221  0  0.994367  -0.0704601  -0.0791797  0  0.425178  -0.0418262  0.762663  1  
0.0759366  -0.0508843  0.995804  0  -0.0742064  -0.996206  -0.0452462  0  0.994347  -0.0704605  -0.079426  0  0.425256  -0.0418312  0.762541  1  
