0.0491435  -0.0489173  0.997583  0  -0.07942  -0.995819  -0.0449183  0  0.995629  -0.0770221  -0.0528241  0  0.417915  -0.0443158  0.776723  1  
0.0491507  -0.0489169  0.997583  0  -0.0794187  -0.995819  -0.0449175  0  0.995629  -0.0770205  -0.0528312  0  0.417917  -0.0443153  0.776721  1  
0.0491456  -0.0489146  0.997583  0  -0.0794149  -0.99582  -0.0449158  0  0.995629  -0.077017  -0.0528257  0  0.417916  -0.0443125  0.776723  1  
0.0491426  -0.0489194  0.997583  0  -0.0794178  -0.995819  -0.0449206  0  0.995629  -0.0770199  -0.0528232  0  0.417915  -0.0443152  0.776722  1  
0.0491473  -0.0489256  0.997583  0  -0.0794131  -0.995819  -0.0449267  0  0.995629  -0.0770146  -0.0528282  0  0.417914  -0.0443128  0.776721  1  
0.0491642  -0.0489298  0.997582  0  -0.0794175  -0.995819  -0.0449294  0  0.995628  -0.077018  -0.0528456  0  0.417914  -0.0443169  0.776716  1  
0.0491854  -0.0489293  0.997581  0  -0.0794133  -0.995819  -0.0449275  0  0.995628  -0.0770129  -0.0528665  0  0.417916  -0.0443148  0.776709  1  
0.0492179  -0.0489336  0.997579  0  -0.0794152  -0.995819  -0.0449292  0  0.995626  -0.0770131  -0.0528992  0  0.417921  -0.0443164  0.776696  1  
0.0492418  -0.0489241  0.997578  0  -0.0794088  -0.99582  -0.0449181  0  0.995625  -0.0770061  -0.052922  0  0.417925  -0.0443128  0.776687  1  
0.0492598  -0.0489333  0.997577  0  -0.07941  -0.995819  -0.0449259  0  0.995624  -0.077006  -0.0529407  0  0.417929  -0.0443139  0.776678  1  
0.049289  -0.0489285  0.997576  0  -0.0794004  -0.995821  -0.0449193  0  0.995623  -0.0769954  -0.052969  0  0.417935  -0.0443091  0.776666  1  
0.049312  -0.0489318  0.997574  0  -0.0793911  -0.995821  -0.0449214  0  0.995623  -0.0769848  -0.0529918  0  0.417942  -0.0443047  0.776655  1  
0.0493297  -0.0489353  0.997573  0  -0.0793856  -0.995822  -0.0449238  0  0.995623  -0.0769784  -0.0530093  0  0.417946  -0.0443031  0.776648  1  
0.0493478  -0.0489401  0.997572  0  -0.0793774  -0.995822  -0.0449276  0  0.995622  -0.0769691  -0.0530274  0  0.417948  -0.0443025  0.776638  1  
0.0493653  -0.0489469  0.997571  0  -0.0793674  -0.995823  -0.0449335  0  0.995622  -0.0769579  -0.0530449  0  0.417951  -0.0442988  0.77663  1  
0.0493882  -0.0489428  0.99757  0  -0.0793586  -0.995823  -0.0449282  0  0.995622  -0.0769483  -0.053067  0  0.417955  -0.044295  0.77662  1  
0.0494139  -0.0489503  0.997568  0  -0.0793457  -0.995824  -0.0449344  0  0.995622  -0.0769338  -0.0530926  0  0.41796  -0.0442887  0.776608  1  
0.0494375  -0.0489536  0.997567  0  -0.0793359  -0.995825  -0.0449364  0  0.995621  -0.0769229  -0.0531159  0  0.417963  -0.0442858  0.776597  1  
0.0494653  -0.0489491  0.997566  0  -0.0793185  -0.995827  -0.0449307  0  0.995621  -0.0769044  -0.0531424  0  0.417968  -0.0442764  0.776585  1  
0.0494871  -0.0489534  0.997565  0  -0.0793085  -0.995827  -0.0449338  0  0.995621  -0.0768932  -0.053164  0  0.417971  -0.0442724  0.776574  1  
0.0495141  -0.0489594  0.997563  0  -0.0792963  -0.995828  -0.0449384  0  0.995621  -0.0768794  -0.0531908  0  0.417976  -0.0442691  0.776562  1  
0.0495331  -0.0489539  0.997562  0  -0.0792803  -0.99583  -0.0449323  0  0.995621  -0.0768628  -0.0532087  0  0.417978  -0.0442614  0.776551  1  
0.0495627  -0.04896  0.997561  0  -0.0792657  -0.99583  -0.0449369  0  0.995621  -0.0768466  -0.0532379  0  0.417984  -0.0442568  0.776538  1  
0.0495841  -0.0489659  0.997559  0  -0.0792459  -0.995832  -0.0449422  0  0.995621  -0.0768255  -0.0532588  0  0.417988  -0.0442503  0.776527  1  
0.0496095  -0.0489671  0.997558  0  -0.0792234  -0.995834  -0.0449426  0  0.995622  -0.0768019  -0.0532831  0  0.417992  -0.0442402  0.776515  1  
0.0496365  -0.0489662  0.997557  0  -0.0792087  -0.995835  -0.0449404  0  0.995621  -0.0767859  -0.0533094  0  0.417997  -0.0442346  0.776503  1  
0.0496581  -0.0489703  0.997555  0  -0.0791909  -0.995836  -0.0449438  0  0.995622  -0.076767  -0.0533304  0  0.418  -0.0442274  0.776492  1  
0.049685  -0.0489728  0.997554  0  -0.0791683  -0.995838  -0.0449455  0  0.995622  -0.076743  -0.0533563  0  0.418005  -0.0442191  0.77648  1  
0.0497038  -0.0489724  0.997553  0  -0.0791481  -0.995839  -0.0449446  0  0.995623  -0.076722  -0.0533741  0  0.418008  -0.0442103  0.776472  1  
0.0497364  -0.0489801  0.997551  0  -0.079124  -0.995841  -0.0449511  0  0.995623  -0.076696  -0.053406  0  0.418015  -0.0442004  0.776457  1  
0.0497627  -0.0489779  0.99755  0  -0.0791045  -0.995843  -0.0449479  0  0.995623  -0.0766754  -0.0534313  0  0.418019  -0.0441931  0.776445  1  
0.0497945  -0.0489762  0.997548  0  -0.0790778  -0.995845  -0.0449453  0  0.995624  -0.0766473  -0.0534615  0  0.418024  -0.0441817  0.776431  1  
0.0498325  -0.0489766  0.997546  0  -0.0790499  -0.995847  -0.0449442  0  0.995624  -0.0766177  -0.0534982  0  0.418032  -0.0441688  0.776416  1  
0.0498727  -0.0489803  0.997544  0  -0.0790261  -0.995849  -0.0449461  0  0.995624  -0.0765919  -0.0535375  0  0.418039  -0.0441603  0.7764  1  
0.0499117  -0.0489878  0.997542  0  -0.0790065  -0.99585  -0.0449516  0  0.995624  -0.0765702  -0.053576  0  0.418046  -0.0441525  0.776384  1  
0.0499591  -0.0489853  0.99754  0  -0.0789783  -0.995853  -0.044947  0  0.995624  -0.0765399  -0.0536217  0  0.418055  -0.0441408  0.776366  1  
0.0500111  -0.0489859  0.997537  0  -0.0789468  -0.995855  -0.0449454  0  0.995623  -0.076506  -0.0536722  0  0.418064  -0.0441274  0.776346  1  
0.0500573  -0.0489934  0.997534  0  -0.0789229  -0.995857  -0.0449506  0  0.995623  -0.0764796  -0.0537177  0  0.418072  -0.0441189  0.776329  1  
0.0501154  -0.0489933  0.997531  0  -0.0788949  -0.995859  -0.0449476  0  0.995622  -0.076449  -0.0537743  0  0.418083  -0.0441069  0.776307  1  
0.0501693  -0.0489968  0.997528  0  -0.0788618  -0.995862  -0.0449487  0  0.995622  -0.0764133  -0.0538267  0  0.418092  -0.0440915  0.776287  1  
0.0502255  -0.0489967  0.997526  0  -0.0788278  -0.995865  -0.0449461  0  0.995622  -0.0763768  -0.0538811  0  0.418103  -0.0440771  0.776267  1  
0.0502755  -0.0490039  0.997523  0  -0.0787975  -0.995867  -0.0449511  0  0.995622  -0.0763438  -0.0539301  0  0.418112  -0.0440649  0.776248  1  
0.05033  -0.0490064  0.99752  0  -0.0787663  -0.995869  -0.0449511  0  0.995622  -0.07631  -0.0539832  0  0.418122  -0.0440513  0.776228  1  
0.0503914  -0.049011  0.997517  0  -0.0787333  -0.995872  -0.0449529  0  0.995621  -0.076274  -0.0540432  0  0.418133  -0.0440384  0.776204  1  
0.0504503  -0.0490156  0.997513  0  -0.0786937  -0.995875  -0.044955  0  0.995621  -0.0762315  -0.0541004  0  0.418146  -0.0440205  0.776182  1  
0.0505118  -0.0490143  0.99751  0  -0.0786592  -0.995878  -0.044951  0  0.995621  -0.0761943  -0.0541601  0  0.418158  -0.0440068  0.776158  1  
0.0505667  -0.0490121  0.997508  0  -0.0786222  -0.995881  -0.0449466  0  0.995621  -0.0761549  -0.0542129  0  0.418169  -0.0439909  0.776138  1  
0.0506334  -0.0490259  0.997504  0  -0.078589  -0.995883  -0.0449571  0  0.99562  -0.076118  -0.0542789  0  0.418182  -0.0439765  0.776111  1  
0.0506898  -0.0490286  0.997501  0  -0.0785542  -0.995886  -0.0449574  0  0.99562  -0.0760805  -0.0543337  0  0.418194  -0.0439625  0.776088  1  
0.0507504  -0.0490213  0.997498  0  -0.0785135  -0.99589  -0.0449477  0  0.99562  -0.0760374  -0.0543916  0  0.418207  -0.0439444  0.776066  1  
0.0508114  -0.0490304  0.997494  0  -0.0784781  -0.995892  -0.0449541  0  0.99562  -0.0759987  -0.0544515  0  0.418219  -0.0439296  0.776042  1  
0.0508776  -0.0490294  0.997491  0  -0.0784399  -0.995895  -0.0449501  0  0.99562  -0.0759576  -0.0545156  0  0.418233  -0.0439138  0.776016  1  
0.0509382  -0.0490336  0.997488  0  -0.0784018  -0.995898  -0.0449517  0  0.99562  -0.0759165  -0.0545747  0  0.418246  -0.0438967  0.775992  1  
0.0509913  -0.0490346  0.997485  0  -0.0783681  -0.995901  -0.0449506  0  0.995619  -0.0758804  -0.054626  0  0.418256  -0.0438823  0.775972  1  
0.0510594  -0.049041  0.997481  0  -0.0783246  -0.995904  -0.0449542  0  0.995619  -0.0758334  -0.0546925  0  0.418271  -0.0438649  0.775944  1  
0.0511161  -0.0490435  0.997478  0  -0.0782876  -0.995907  -0.0449544  0  0.995619  -0.0757938  -0.0547475  0  0.418282  -0.0438479  0.775922  1  
0.0511773  -0.0490399  0.997475  0  -0.0782483  -0.99591  -0.0449483  0  0.995619  -0.0757519  -0.0548063  0  0.418295  -0.0438324  0.775898  1  
0.0512348  -0.049044  0.997472  0  -0.0782048  -0.995914  -0.0449504  0  0.99562  -0.0757056  -0.054862  0  0.418306  -0.0438124  0.775876  1  
0.051295  -0.0490421  0.997469  0  -0.0781611  -0.995917  -0.0449464  0  0.99562  -0.0756592  -0.0549198  0  0.418317  -0.0437943  0.775853  1  
0.0513627  -0.0490478  0.997465  0  -0.0781153  -0.995921  -0.0449494  0  0.99562  -0.07561  -0.0549856  0  0.418332  -0.0437745  0.775825  1  
0.0514285  -0.0490514  0.997462  0  -0.078074  -0.995924  -0.0449504  0  0.99562  -0.0755655  -0.0550496  0  0.418347  -0.0437557  0.775797  1  
0.0514965  -0.0490486  0.997458  0  -0.0780321  -0.995928  -0.0449447  0  0.99562  -0.0755208  -0.0551152  0  0.418362  -0.0437388  0.775769  1  
0.0515574  -0.0490471  0.997455  0  -0.0779841  -0.995931  -0.0449412  0  0.99562  -0.07547  -0.0551736  0  0.418375  -0.0437175  0.775744  1  
0.0516272  -0.0490445  0.997452  0  -0.0779392  -0.995935  -0.0449358  0  0.99562  -0.0754221  -0.0552409  0  0.41839  -0.0436977  0.775716  1  
0.051693  -0.0490512  0.997448  0  -0.0778954  -0.995938  -0.04494  0  0.99562  -0.075375  -0.055305  0  0.418405  -0.0436779  0.775688  1  
0.0517629  -0.0490594  0.997444  0  -0.0778513  -0.995942  -0.0449454  0  0.99562  -0.0753272  -0.0553732  0  0.418419  -0.0436595  0.775661  1  
0.0518375  -0.0490556  0.99744  0  -0.0778055  -0.995946  -0.0449385  0  0.99562  -0.0752783  -0.0554452  0  0.418436  -0.0436404  0.775629  1  
0.051909  -0.0490562  0.997437  0  -0.0777586  -0.995949  -0.0449363  0  0.99562  -0.0752281  -0.0555144  0  0.418452  -0.0436185  0.775601  1  
0.0519863  -0.0490518  0.997433  0  -0.0777138  -0.995953  -0.0449286  0  0.995619  -0.07518  -0.055589  0  0.41847  -0.0435989  0.775569  1  
0.0520582  -0.0490579  0.997429  0  -0.0776642  -0.995957  -0.044932  0  0.995619  -0.0751269  -0.0556588  0  0.418486  -0.0435773  0.775539  1  
0.0521394  -0.0490623  0.997424  0  -0.0776238  -0.99596  -0.0449326  0  0.995618  -0.0750825  -0.0557382  0  0.418504  -0.0435601  0.775505  1  
0.0522135  -0.0490539  0.997421  0  -0.0775721  -0.995965  -0.0449215  0  0.995618  -0.0750279  -0.0558091  0  0.418522  -0.0435358  0.775474  1  
0.0522887  -0.0490658  0.997416  0  -0.0775253  -0.995968  -0.0449303  0  0.995618  -0.0749771  -0.0558828  0  0.418539  -0.0435151  0.775443  1  
0.052366  -0.0490647  0.997412  0  -0.0774747  -0.995972  -0.0449263  0  0.995618  -0.0749231  -0.0559575  0  0.418557  -0.0434921  0.775409  1  
0.0524505  -0.049059  0.997408  0  -0.0774208  -0.995977  -0.0449172  0  0.995618  -0.0748657  -0.0560388  0  0.418578  -0.0434679  0.775373  1  
0.0525271  -0.0490638  0.997404  0  -0.077372  -0.99598  -0.0449191  0  0.995618  -0.0748131  -0.0561132  0  0.418597  -0.0434467  0.77534  1  
0.052608  -0.0490531  0.9974  0  -0.0773162  -0.995985  -0.0449054  0  0.995618  -0.0747542  -0.0561905  0  0.418616  -0.0434216  0.775306  1  
0.0526913  -0.0490667  0.997395  0  -0.0772697  -0.995988  -0.0449155  0  0.995617  -0.0747032  -0.0562723  0  0.418637  -0.0434015  0.775269  1  
0.0527667  -0.0490616  0.997391  0  -0.077214  -0.995993  -0.0449079  0  0.995617  -0.0746444  -0.0563446  0  0.418656  -0.0433766  0.775236  1  
0.0528516  -0.0490638  0.997387  0  -0.0771677  -0.995997  -0.0449063  0  0.995616  -0.0745941  -0.0564273  0  0.418678  -0.0433566  0.775199  1  
0.0529248  -0.0490698  0.997383  0  -0.0771093  -0.996001  -0.0449101  0  0.995617  -0.0745321  -0.0564979  0  0.418697  -0.0433317  0.775166  1  
0.0530047  -0.0490657  0.997378  0  -0.0770579  -0.996005  -0.0449029  0  0.995617  -0.0744773  -0.056575  0  0.418717  -0.0433091  0.77513  1  
0.0530856  -0.049065  0.997374  0  -0.0769978  -0.99601  -0.0448996  0  0.995617  -0.0744136  -0.0566527  0  0.418739  -0.0432814  0.775093  1  
0.0531612  -0.0490622  0.99737  0  -0.0769491  -0.996014  -0.044894  0  0.995617  -0.0743615  -0.0567257  0  0.418758  -0.043262  0.775059  1  
0.0532357  -0.0490689  0.997366  0  -0.0768909  -0.996018  -0.0448985  0  0.995617  -0.0742996  -0.0567978  0  0.418778  -0.0432367  0.775023  1  
0.053303  -0.0490676  0.997362  0  -0.0768392  -0.996023  -0.0448951  0  0.995618  -0.0742449  -0.0568624  0  0.418797  -0.0432139  0.774992  1  
0.0533814  -0.0490649  0.997358  0  -0.0767818  -0.996027  -0.0448899  0  0.995618  -0.0741841  -0.0569377  0  0.418818  -0.0431876  0.774956  1  
0.0534495  -0.049067  0.997355  0  -0.0767206  -0.996032  -0.0448904  0  0.995619  -0.0741197  -0.057003  0  0.418839  -0.0431612  0.774922  1  
0.0535219  -0.0490723  0.997351  0  -0.07666  -0.996036  -0.0448937  0  0.99562  -0.0740555  -0.0570727  0  0.418858  -0.0431357  0.774887  1  
0.0536018  -0.0490667  0.997347  0  -0.0766002  -0.996041  -0.0448857  0  0.99562  -0.0739924  -0.0571492  0  0.41888  -0.0431097  0.774849  1  
0.0536811  -0.0490714  0.997342  0  -0.076534  -0.996046  -0.0448883  0  0.995621  -0.0739223  -0.0572256  0  0.418904  -0.0430806  0.774811  1  
0.0537586  -0.0490714  0.997338  0  -0.0764739  -0.996051  -0.044886  0  0.995621  -0.0738588  -0.0573001  0  0.418926  -0.0430555  0.774773  1  
0.0538331  -0.0490647  0.997334  0  -0.0764066  -0.996057  -0.0448776  0  0.995622  -0.0737885  -0.0573708  0  0.418948  -0.0430256  0.774737  1  
0.0539149  -0.0490718  0.997329  0  -0.0763469  -0.996061  -0.0448822  0  0.995623  -0.0737246  -0.0574501  0  0.41897  -0.0429997  0.774698  1  
0.054002  -0.0490669  0.997325  0  -0.0762819  -0.996066  -0.0448746  0  0.995623  -0.0736559  -0.0575336  0  0.418997  -0.0429718  0.774656  1  
0.0540764  -0.049071  0.997321  0  -0.0762161  -0.996071  -0.044877  0  0.995624  -0.0735866  -0.057605  0  0.419017  -0.042944  0.77462  1  
0.0541593  -0.0490736  0.997316  0  -0.076152  -0.996076  -0.0448772  0  0.995624  -0.0735185  -0.0576849  0  0.419042  -0.0429163  0.77458  1  
0.0542395  -0.049066  0.997312  0  -0.0760784  -0.996082  -0.0448679  0  0.995625  -0.0734418  -0.057761  0  0.419064  -0.0428835  0.774541  1  
0.0543212  -0.0490754  0.997307  0  -0.0760179  -0.996086  -0.0448748  0  0.995626  -0.073377  -0.0578403  0  0.419089  -0.0428583  0.774502  1  
0.0544025  -0.0490695  0.997303  0  -0.0759472  -0.996092  -0.044867  0  0.995627  -0.073303  -0.0579177  0  0.419112  -0.0428275  0.774463  1  
0.0544829  -0.0490731  0.997298  0  -0.0758848  -0.996097  -0.0448683  0  0.995627  -0.0732366  -0.0579952  0  0.419137  -0.0428009  0.774423  1  
0.0545697  -0.0490741  0.997294  0  -0.075815  -0.996102  -0.0448671  0  0.995627  -0.0731628  -0.0580787  0  0.419163  -0.0427709  0.77438  1  
0.054657  -0.0490703  0.997289  0  -0.0757397  -0.996108  -0.0448612  0  0.995628  -0.0730838  -0.058162  0  0.419188  -0.0427378  0.774337  1  
0.0547384  -0.0490726  0.997284  0  -0.0756754  -0.996113  -0.0448614  0  0.995629  -0.0730157  -0.0582403  0  0.419212  -0.04271  0.774296  1  
0.054827  -0.0490759  0.997279  0  -0.0756074  -0.996118  -0.0448621  0  0.995629  -0.0729435  -0.0583258  0  0.419239  -0.0426817  0.774252  1  
0.0549184  -0.0490717  0.997275  0  -0.07554  -0.996124  -0.0448552  0  0.995629  -0.0728722  -0.0584135  0  0.419267  -0.0426522  0.774207  1  
0.0550004  -0.0490751  0.99727  0  -0.0754727  -0.996129  -0.0448565  0  0.99563  -0.072801  -0.0584924  0  0.41929  -0.0426239  0.774166  1  
0.0550895  -0.0490716  0.997265  0  -0.0754004  -0.996134  -0.0448508  0  0.99563  -0.0727247  -0.0585777  0  0.419318  -0.0425914  0.774122  1  
0.0551765  -0.0490763  0.99726  0  -0.07533  -0.99614  -0.0448533  0  0.995631  -0.0726502  -0.0586616  0  0.419343  -0.0425609  0.774078  1  
0.0552683  -0.0490718  0.997255  0  -0.0752625  -0.996145  -0.0448461  0  0.995631  -0.0725788  -0.0587497  0  0.41937  -0.042531  0.774033  1  
0.0553576  -0.0490779  0.99725  0  -0.0751992  -0.99615  -0.0448494  0  0.995631  -0.0725111  -0.0588362  0  0.419397  -0.0425043  0.773987  1  
0.0554428  -0.0490806  0.997245  0  -0.0751312  -0.996155  -0.04485  0  0.995631  -0.072439  -0.0589183  0  0.419423  -0.0424747  0.773942  1  
0.0555353  -0.0490776  0.99724  0  -0.0750661  -0.99616  -0.0448441  0  0.995631  -0.0723699  -0.0590072  0  0.419449  -0.0424473  0.773895  1  
0.0556264  -0.049085  0.997235  0  -0.0750012  -0.996165  -0.0448487  0  0.995631  -0.0723004  -0.0590956  0  0.419476  -0.0424198  0.773848  1  
0.0557121  -0.0490782  0.99723  0  -0.0749228  -0.996171  -0.0448404  0  0.995632  -0.0722186  -0.059177  0  0.419502  -0.0423854  0.773805  1  
0.0558018  -0.0490811  0.997225  0  -0.0748554  -0.996176  -0.0448408  0  0.995632  -0.0721469  -0.0592635  0  0.419527  -0.0423558  0.773758  1  
0.0558829  -0.049088  0.99722  0  -0.0747902  -0.996181  -0.0448457  0  0.995632  -0.0720775  -0.0593419  0  0.419551  -0.0423292  0.773715  1  
0.0559753  -0.0490796  0.997215  0  -0.0747183  -0.996187  -0.0448349  0  0.995632  -0.072002  -0.0594301  0  0.419578  -0.0422972  0.773668  1  
0.0560707  -0.0490866  0.99721  0  -0.0746482  -0.996192  -0.0448392  0  0.995632  -0.0719271  -0.0595225  0  0.419605  -0.0422674  0.773619  1  
0.0561555  -0.0490845  0.997205  0  -0.0745814  -0.996197  -0.0448349  0  0.995632  -0.0718566  -0.0596039  0  0.41963  -0.0422393  0.773576  1  
0.0562523  -0.0490855  0.9972  0  -0.0745127  -0.996202  -0.0448331  0  0.995632  -0.0717835  -0.0596973  0  0.419658  -0.0422097  0.773526  1  
0.0563478  -0.0490947  0.997194  0  -0.0744465  -0.996207  -0.0448394  0  0.995632  -0.0717124  -0.0597901  0  0.419686  -0.0421813  0.773477  1  
0.0564358  -0.0490922  0.997189  0  -0.0743773  -0.996212  -0.0448347  0  0.995632  -0.0716393  -0.0598746  0  0.419711  -0.0421522  0.77343  1  
0.0565356  -0.0490953  0.997183  0  -0.0743088  -0.996217  -0.0448348  0  0.995631  -0.0715661  -0.0599711  0  0.41974  -0.0421227  0.77338  1  
0.056626  -0.0490984  0.997178  0  -0.0742444  -0.996222  -0.0448353  0  0.995631  -0.0714974  -0.0600585  0  0.419766  -0.0420955  0.773334  1  
0.0567252  -0.0490987  0.997172  0  -0.0741679  -0.996228  -0.0448331  0  0.995631  -0.0714164  -0.0601539  0  0.419794  -0.042062  0.773282  1  
0.0568195  -0.049105  0.997166  0  -0.0741009  -0.996233  -0.0448367  0  0.995631  -0.0713447  -0.0602454  0  0.419821  -0.0420339  0.773234  1  
0.0569199  -0.0491049  0.997161  0  -0.074034  -0.996238  -0.0448335  0  0.99563  -0.0712732  -0.0603423  0  0.419848  -0.0420062  0.773181  1  
0.0570173  -0.0491098  0.997155  0  -0.073962  -0.996243  -0.0448358  0  0.99563  -0.0711966  -0.0604365  0  0.419875  -0.0419738  0.773131  1  
0.0571188  -0.0491188  0.997149  0  -0.0738931  -0.996248  -0.0448417  0  0.995629  -0.0711224  -0.0605352  0  0.419905  -0.0419451  0.773078  1  
0.0572097  -0.0491114  0.997144  0  -0.0738217  -0.996254  -0.0448322  0  0.995629  -0.0710474  -0.060622  0  0.419931  -0.0419131  0.773031  1  
0.057313  -0.0491124  0.997138  0  -0.0737533  -0.996259  -0.0448299  0  0.995628  -0.0709742  -0.0607219  0  0.41996  -0.0418834  0.772978  1  
0.0574187  -0.0491141  0.997132  0  -0.0736843  -0.996264  -0.0448283  0  0.995627  -0.0709003  -0.0608243  0  0.419989  -0.0418543  0.772922  1  
0.0575243  -0.0491168  0.997125  0  -0.0736224  -0.996269  -0.0448273  0  0.995626  -0.0708335  -0.0609269  0  0.420019  -0.0418271  0.772867  1  
0.0576235  -0.0491145  0.99712  0  -0.0735528  -0.996274  -0.0448222  0  0.995625  -0.0707595  -0.0610225  0  0.420047  -0.041797  0.772816  1  
0.057725  -0.0491206  0.997114  0  -0.0734846  -0.996279  -0.0448253  0  0.995624  -0.0706863  -0.0611209  0  0.420074  -0.0417682  0.772762  1  
0.0578294  -0.0491246  0.997107  0  -0.073415  -0.996284  -0.0448262  0  0.995623  -0.0706117  -0.0612222  0  0.420105  -0.0417366  0.772707  1  
0.0579405  -0.0491259  0.997101  0  -0.0733513  -0.996289  -0.0448235  0  0.995622  -0.0705429  -0.0613301  0  0.420136  -0.0417092  0.77265  1  
0.0580493  -0.0491244  0.997095  0  -0.0732785  -0.996294  -0.0448188  0  0.995621  -0.0704653  -0.0614351  0  0.420165  -0.041677  0.772593  1  
0.0581563  -0.0491267  0.997088  0  -0.0732074  -0.9963  -0.0448179  0  0.99562  -0.0703892  -0.0615387  0  0.420195  -0.0416449  0.772537  1  
0.0582654  -0.0491288  0.997082  0  -0.0731452  -0.996304  -0.0448162  0  0.995618  -0.0703219  -0.0616448  0  0.420226  -0.0416199  0.772479  1  
0.0583705  -0.0491274  0.997076  0  -0.0730737  -0.99631  -0.0448118  0  0.995617  -0.0702457  -0.0617462  0  0.420255  -0.0415865  0.772424  1  
0.0584831  -0.0491356  0.997069  0  -0.0730036  -0.996315  -0.0448164  0  0.995615  -0.07017  -0.0618558  0  0.420286  -0.0415577  0.772364  1  
0.0585907  -0.0491268  0.997063  0  -0.0729342  -0.99632  -0.0448044  0  0.995614  -0.0700962  -0.0619593  0  0.420316  -0.0415255  0.772309  1  
0.0587054  -0.0491326  0.997056  0  -0.0728685  -0.996325  -0.0448062  0  0.995612  -0.070025  -0.062071  0  0.420347  -0.0414968  0.772249  1  
0.0588114  -0.0491302  0.99705  0  -0.0728041  -0.99633  -0.0448003  0  0.995611  -0.0699559  -0.0621736  0  0.420376  -0.041469  0.772193  1  
0.0589243  -0.0491371  0.997043  0  -0.0727323  -0.996335  -0.0448038  0  0.995609  -0.0698786  -0.0622834  0  0.420407  -0.0414379  0.772133  1  
0.0590362  -0.0491426  0.997036  0  -0.0726719  -0.996339  -0.0448053  0  0.995607  -0.0698127  -0.0623926  0  0.420437  -0.0414133  0.772074  1  
0.0591468  -0.0491435  0.997029  0  -0.0725964  -0.996345  -0.0448031  0  0.995606  -0.0697321  -0.0624995  0  0.420467  -0.0413796  0.772017  1  
0.0592585  -0.0491464  0.997022  0  -0.0725274  -0.99635  -0.0448026  0  0.995604  -0.0696578  -0.0626078  0  0.420497  -0.0413505  0.771957  1  
0.0593722  -0.0491476  0.997016  0  -0.0724595  -0.996355  -0.0448  0  0.995603  -0.0695847  -0.0627182  0  0.420527  -0.0413202  0.771898  1  
0.0594841  -0.049151  0.997009  0  -0.072389  -0.99636  -0.0448001  0  0.995601  -0.0695089  -0.0628268  0  0.420557  -0.0412904  0.771839  1  
0.059598  -0.0491597  0.997002  0  -0.0723134  -0.996365  -0.0448057  0  0.9956  -0.0694275  -0.0629375  0  0.420587  -0.0412575  0.771779  1  
0.059709  -0.0491557  0.996995  0  -0.0722463  -0.996371  -0.0447982  0  0.995598  -0.0693557  -0.0630448  0  0.420616  -0.0412283  0.771718  1  
0.0598244  -0.049164  0.996988  0  -0.0721744  -0.996376  -0.044803  0  0.995596  -0.069278  -0.0631572  0  0.420648  -0.041197  0.771658  1  
0.0599317  -0.049167  0.996981  0  -0.0721081  -0.99638  -0.0448027  0  0.995595  -0.0692066  -0.0632613  0  0.420676  -0.0411682  0.771601  1  
0.0600431  -0.0491685  0.996974  0  -0.0720412  -0.996385  -0.0448007  0  0.995593  -0.0691346  -0.0633694  0  0.420706  -0.0411405  0.771542  1  
0.0601628  -0.0491713  0.996967  0  -0.0719636  -0.996391  -0.0448002  0  0.995591  -0.0690513  -0.0634854  0  0.420739  -0.0411055  0.77148  1  
0.0602681  -0.0491736  0.996961  0  -0.071896  -0.996396  -0.0447995  0  0.99559  -0.0689788  -0.0635875  0  0.420767  -0.0410773  0.771422  1  
0.0603832  -0.0491724  0.996954  0  -0.0718174  -0.996402  -0.0447953  0  0.995588  -0.068895  -0.0636986  0  0.420797  -0.0410418  0.771362  1  
0.0605049  -0.0491786  0.996946  0  -0.0717396  -0.996407  -0.0447982  0  0.995586  -0.0688113  -0.0638168  0  0.42083  -0.0410082  0.771298  1  
0.0606256  -0.049175  0.996939  0  -0.0716712  -0.996412  -0.0447906  0  0.995584  -0.0687377  -0.0639338  0  0.420861  -0.0409791  0.771234  1  
0.0607362  -0.0491837  0.996932  0  -0.0715963  -0.996418  -0.0447964  0  0.995583  -0.0686572  -0.0640412  0  0.420891  -0.040946  0.771174  1  
0.0608584  -0.0491769  0.996925  0  -0.0715213  -0.996423  -0.0447861  0  0.995581  -0.0685771  -0.0641592  0  0.420923  -0.0409123  0.77111  1  
0.0609787  -0.0491824  0.996917  0  -0.0714516  -0.996428  -0.0447878  0  0.995578  -0.0685015  -0.0642763  0  0.420955  -0.0408818  0.771046  1  
0.061094  -0.0491873  0.99691  0  -0.0713768  -0.996434  -0.0447896  0  0.995577  -0.0684212  -0.0643882  0  0.420986  -0.0408499  0.770985  1  
0.0612069  -0.049187  0.996903  0  -0.0713107  -0.996439  -0.0447859  0  0.995574  -0.06835  -0.0644978  0  0.421016  -0.0408205  0.770924  1  
0.0613375  -0.0491878  0.996895  0  -0.0712296  -0.996444  -0.0447829  0  0.995572  -0.0682628  -0.0646243  0  0.42105  -0.0407825  0.770854  1  
0.0614554  -0.0491851  0.996888  0  -0.0711651  -0.996449  -0.0447763  0  0.995569  -0.0681932  -0.0647387  0  0.421082  -0.040755  0.770792  1  
0.0615751  -0.0491897  0.99688  0  -0.0710932  -0.996454  -0.0447774  0  0.995567  -0.0681156  -0.0648551  0  0.421114  -0.0407231  0.770728  1  
0.0617044  -0.0491861  0.996872  0  -0.0710148  -0.99646  -0.0447701  0  0.995565  -0.0680315  -0.0649802  0  0.421148  -0.0406871  0.77066  1  
0.0618327  -0.0491834  0.996864  0  -0.0709414  -0.996466  -0.0447635  0  0.995562  -0.0679524  -0.0651045  0  0.421181  -0.0406546  0.770592  1  
0.0619629  -0.0491857  0.996856  0  -0.0708664  -0.996471  -0.0447617  0  0.995559  -0.0678714  -0.0652312  0  0.421217  -0.0406209  0.770522  1  
0.0620871  -0.0491954  0.996848  0  -0.0707987  -0.996476  -0.0447674  0  0.995556  -0.0677973  -0.0653525  0  0.421249  -0.0405916  0.770456  1  
0.062213  -0.0491908  0.99684  0  -0.0707268  -0.996481  -0.0447591  0  0.995554  -0.06772  -0.0654744  0  0.421282  -0.0405605  0.770389  1  
0.0623405  -0.0491891  0.996832  0  -0.070647  -0.996487  -0.0447539  0  0.995551  -0.0676345  -0.0655978  0  0.421316  -0.0405233  0.770322  1  
0.0624641  -0.0491947  0.996824  0  -0.0705735  -0.996492  -0.044756  0  0.995549  -0.0675551  -0.0657181  0  0.42135  -0.0404925  0.770256  1  
0.0625877  -0.0491941  0.996817  0  -0.0705062  -0.996497  -0.0447514  0  0.995546  -0.0674821  -0.0658382  0  0.421381  -0.0404621  0.77019  1  
0.0627116  -0.0492022  0.996808  0  -0.0704347  -0.996502  -0.0447559  0  0.995543  -0.0674045  -0.0659591  0  0.421414  -0.0404306  0.770124  1  
0.0628341  -0.0492061  0.996801  0  -0.070363  -0.996507  -0.0447562  0  0.99554  -0.0673269  -0.0660782  0  0.421445  -0.0403997  0.770058  1  
0.0629587  -0.0492009  0.996793  0  -0.0702867  -0.996513  -0.0447477  0  0.995538  -0.0672453  -0.0661986  0  0.421478  -0.0403658  0.769991  1  
0.0630743  -0.0492139  0.996785  0  -0.070216  -0.996518  -0.0447576  0  0.995536  -0.0671685  -0.0663115  0  0.421508  -0.0403358  0.769928  1  
0.0632055  -0.0492122  0.996777  0  -0.0701349  -0.996523  -0.0447524  0  0.995533  -0.0670815  -0.0664386  0  0.421541  -0.0402999  0.769858  1  
0.0633213  -0.0492197  0.996769  0  -0.0700597  -0.996529  -0.0447572  0  0.995531  -0.0670006  -0.0665511  0  0.421571  -0.0402669  0.769795  1  
0.0634481  -0.0492201  0.996761  0  -0.0699818  -0.996534  -0.0447542  0  0.995528  -0.0669169  -0.0666739  0  0.421604  -0.0402338  0.769726  1  
0.0635633  -0.0492182  0.996754  0  -0.0699041  -0.99654  -0.0447498  0  0.995526  -0.0668341  -0.0667852  0  0.421632  -0.0401995  0.769664  1  
0.0636833  -0.0492212  0.996746  0  -0.0698314  -0.996545  -0.0447497  0  0.995524  -0.0667556  -0.0669017  0  0.421663  -0.0401668  0.7696  1  
0.0638021  -0.0492264  0.996738  0  -0.0697567  -0.99655  -0.0447519  0  0.995522  -0.0666752  -0.0670171  0  0.421693  -0.0401354  0.769536  1  
0.0639225  -0.0492324  0.99673  0  -0.0696853  -0.996555  -0.0447547  0  0.995519  -0.0665979  -0.0671343  0  0.421724  -0.040105  0.769471  1  
0.0640372  -0.0492341  0.996723  0  -0.0696086  -0.99656  -0.0447539  0  0.995517  -0.0665159  -0.0672453  0  0.421752  -0.0400713  0.769409  1  
0.0641587  -0.0492323  0.996715  0  -0.0695381  -0.996565  -0.0447488  0  0.995514  -0.0664399  -0.0673632  0  0.421784  -0.0400399  0.769344  1  
0.0642784  -0.0492383  0.996707  0  -0.0694625  -0.996571  -0.0447519  0  0.995511  -0.0663585  -0.0674794  0  0.421814  -0.0400073  0.76928  1  
0.0644056  -0.0492367  0.996699  0  -0.0693853  -0.996576  -0.044747  0  0.995509  -0.0662756  -0.0676027  0  0.421847  -0.0399728  0.769212  1  
0.0645243  -0.0492363  0.996691  0  -0.0693103  -0.996582  -0.0447439  0  0.995506  -0.0661951  -0.0677176  0  0.421877  -0.0399396  0.769148  1  
0.0646497  -0.0492392  0.996683  0  -0.0692366  -0.996587  -0.0447434  0  0.995503  -0.0661155  -0.0678395  0  0.42191  -0.0399074  0.769082  1  
0.0647831  -0.0492352  0.996674  0  -0.0691651  -0.996592  -0.0447355  0  0.995499  -0.0660382  -0.067969  0  0.421946  -0.0398755  0.769011  1  
0.0649018  -0.0492429  0.996666  0  -0.0690856  -0.996597  -0.0447407  0  0.995497  -0.0659528  -0.0680843  0  0.421977  -0.0398388  0.768948  1  
0.0650263  -0.0492406  0.996658  0  -0.0690097  -0.996603  -0.0447354  0  0.995494  -0.0658714  -0.0682048  0  0.422009  -0.0398051  0.768881  1  
0.0651621  -0.0492426  0.996649  0  -0.0689346  -0.996608  -0.0447335  0  0.995491  -0.0657899  -0.0683369  0  0.422044  -0.0397714  0.768809  1  
0.0652865  -0.0492462  0.996641  0  -0.0688618  -0.996613  -0.0447339  0  0.995488  -0.0657112  -0.0684579  0  0.422076  -0.0397402  0.768742  1  
0.0654218  -0.0492397  0.996632  0  -0.068782  -0.996619  -0.044724  0  0.995484  -0.0656257  -0.0685888  0  0.422112  -0.0397036  0.768672  1  
0.0655454  -0.0492509  0.996624  0  -0.0687086  -0.996624  -0.0447321  0  0.995481  -0.0655459  -0.0687094  0  0.422145  -0.0396719  0.768605  1  
0.0656726  -0.0492484  0.996615  0  -0.0686282  -0.99663  -0.0447268  0  0.995478  -0.0654599  -0.0688324  0  0.422177  -0.0396371  0.768537  1  
0.065802  -0.0492501  0.996607  0  -0.068549  -0.996635  -0.0447255  0  0.995475  -0.0653747  -0.0689579  0  0.422211  -0.0396018  0.768469  1  
0.0659293  -0.0492553  0.996598  0  -0.0684692  -0.99664  -0.0447278  0  0.995472  -0.0652887  -0.0690816  0  0.422245  -0.0395663  0.768401  1  
0.0660623  -0.0492554  0.996589  0  -0.0683863  -0.996646  -0.044725  0  0.995469  -0.0651997  -0.0692105  0  0.422279  -0.0395298  0.768331  1  
0.0661904  -0.0492584  0.996581  0  -0.0683044  -0.996652  -0.0447253  0  0.995466  -0.0651117  -0.0693347  0  0.422312  -0.0394943  0.768262  1  
0.0663179  -0.0492611  0.996572  0  -0.0682237  -0.996657  -0.0447253  0  0.995463  -0.065025  -0.0694583  0  0.422346  -0.0394586  0.768195  1  
0.0664453  -0.049267  0.996563  0  -0.0681456  -0.996663  -0.0447283  0  0.99546  -0.0649407  -0.0695822  0  0.422378  -0.039425  0.768127  1  
0.0665736  -0.049271  0.996555  0  -0.0680649  -0.996668  -0.0447297  0  0.995457  -0.0648539  -0.0697067  0  0.422411  -0.0393894  0.768058  1  
0.0667013  -0.0492698  0.996546  0  -0.0679854  -0.996674  -0.0447257  0  0.995454  -0.0647686  -0.0698304  0  0.422444  -0.0393559  0.76799  1  
0.0668322  -0.0492821  0.996537  0  -0.0679021  -0.996679  -0.0447353  0  0.995451  -0.0646784  -0.069958  0  0.422478  -0.0393204  0.76792  1  
0.0669535  -0.0492797  0.996529  0  -0.0678185  -0.996685  -0.044731  0  0.995448  -0.0645894  -0.0700749  0  0.422509  -0.0392832  0.767856  1  
0.0670819  -0.0492826  0.99652  0  -0.0677313  -0.996691  -0.0447317  0  0.995446  -0.0644962  -0.0701992  0  0.422543  -0.0392462  0.767787  1  
0.0671999  -0.0492858  0.996512  0  -0.0676453  -0.996696  -0.0447333  0  0.995444  -0.0644045  -0.0703133  0  0.422573  -0.0392081  0.767725  1  
0.0673249  -0.049283  0.996504  0  -0.0675586  -0.996703  -0.0447285  0  0.995441  -0.0643122  -0.0704338  0  0.422605  -0.0391701  0.767656  1  
0.0674548  -0.0492864  0.996495  0  -0.0674749  -0.996708  -0.0447295  0  0.995438  -0.0642224  -0.0705597  0  0.42264  -0.0391335  0.767588  1  
0.0675815  -0.049294  0.996486  0  -0.0673934  -0.996713  -0.0447346  0  0.995435  -0.0641345  -0.0706828  0  0.422673  -0.0390988  0.76752  1  
0.067707  -0.0492934  0.996477  0  -0.0673083  -0.996719  -0.044732  0  0.995432  -0.0640438  -0.070804  0  0.422705  -0.0390614  0.767454  1  
0.0678321  -0.0492987  0.996468  0  -0.0672214  -0.996725  -0.0447354  0  0.99543  -0.0639507  -0.0709253  0  0.422738  -0.0390227  0.767387  1  
0.0679649  -0.0492912  0.99646  0  -0.0671294  -0.996732  -0.044726  0  0.995427  -0.0638532  -0.071053  0  0.422772  -0.038982  0.767317  1  
0.0680903  -0.0492933  0.996451  0  -0.0670427  -0.996737  -0.0447262  0  0.995424  -0.0637605  -0.0711743  0  0.422806  -0.0389445  0.767249  1  
0.0682211  -0.0492991  0.996442  0  -0.0669557  -0.996743  -0.0447299  0  0.995421  -0.0636671  -0.0713011  0  0.42284  -0.0389068  0.767179  1  
0.0683444  -0.0492995  0.996433  0  -0.0668704  -0.996749  -0.0447286  0  0.995418  -0.0635762  -0.0714202  0  0.422872  -0.0388693  0.767113  1  
0.0684707  -0.0493043  0.996424  0  -0.0667827  -0.996755  -0.0447316  0  0.995415  -0.0634824  -0.0715425  0  0.422905  -0.0388298  0.767046  1  
0.0686009  -0.0492955  0.996416  0  -0.0666956  -0.996761  -0.0447208  0  0.995412  -0.0633899  -0.0716679  0  0.422939  -0.0387898  0.766977  1  
0.0687322  -0.0493009  0.996407  0  -0.0666082  -0.996767  -0.0447241  0  0.995409  -0.0632961  -0.0717952  0  0.422972  -0.0387516  0.766908  1  
0.0688549  -0.0492962  0.996398  0  -0.066523  -0.996773  -0.0447177  0  0.995406  -0.0632056  -0.0719134  0  0.423005  -0.0387125  0.766843  1  
0.0689883  -0.0493007  0.996389  0  -0.0664375  -0.996778  -0.04472  0  0.995403  -0.0631137  -0.0720428  0  0.42304  -0.0386743  0.766772  1  
0.0691233  -0.0492954  0.99638  0  -0.0663534  -0.996784  -0.0447122  0  0.995399  -0.0630238  -0.0721733  0  0.423074  -0.0386365  0.766702  1  
0.0692458  -0.0493  0.996371  0  -0.0662641  -0.99679  -0.0447155  0  0.995396  -0.0629285  -0.0722918  0  0.423106  -0.0385981  0.766637  1  
0.0693734  -0.0493097  0.996362  0  -0.0661786  -0.996795  -0.0447233  0  0.995393  -0.0628364  -0.0724157  0  0.423139  -0.0385615  0.766568  1  
0.0694989  -0.0493138  0.996353  0  -0.0660937  -0.996801  -0.0447257  0  0.99539  -0.0627454  -0.0725373  0  0.423172  -0.0385235  0.766502  1  
0.0696263  -0.0493121  0.996344  0  -0.0660057  -0.996807  -0.0447225  0  0.995387  -0.0626517  -0.0726602  0  0.423205  -0.0384843  0.766435  1  
0.0697556  -0.0493165  0.996335  0  -0.0659178  -0.996813  -0.0447251  0  0.995384  -0.0625576  -0.0727855  0  0.423239  -0.0384451  0.766365  1  
0.0698807  -0.049322  0.996326  0  -0.065834  -0.996818  -0.0447289  0  0.995381  -0.0624676  -0.0729068  0  0.423272  -0.0384087  0.766299  1  
0.0700001  -0.0493258  0.996317  0  -0.0657519  -0.996823  -0.0447312  0  0.995378  -0.0623798  -0.0730224  0  0.423301  -0.038373  0.766235  1  
0.0701292  -0.0493387  0.996307  0  -0.0656647  -0.996828  -0.0447424  0  0.995374  -0.0622857  -0.073148  0  0.423335  -0.0383359  0.766166  1  
0.0702565  -0.0493412  0.996298  0  -0.0655782  -0.996834  -0.0447434  0  0.995371  -0.0621931  -0.0732711  0  0.423368  -0.0382976  0.766098  1  
0.0703841  -0.0493416  0.996289  0  -0.0654901  -0.99684  -0.0447422  0  0.995368  -0.0620991  -0.0733945  0  0.4234  -0.0382575  0.76603  1  
0.0705137  -0.0493525  0.99628  0  -0.0654047  -0.996845  -0.0447514  0  0.995364  -0.062007  -0.0735206  0  0.423433  -0.0382212  0.765961  1  
0.0706436  -0.0493539  0.99627  0  -0.0653178  -0.996851  -0.0447512  0  0.995361  -0.061914  -0.0736462  0  0.423467  -0.0381831  0.765892  1  
0.0707606  -0.0493653  0.996261  0  -0.0652298  -0.996856  -0.0447617  0  0.995358  -0.0618197  -0.0737597  0  0.423499  -0.0381441  0.765829  1  
0.0708862  -0.0493624  0.996253  0  -0.065148  -0.996862  -0.0447571  0  0.995355  -0.0617324  -0.073881  0  0.423531  -0.0381071  0.765762  1  
0.0710136  -0.0493679  0.996243  0  -0.0650616  -0.996867  -0.0447611  0  0.995351  -0.0616397  -0.0740045  0  0.423563  -0.0380688  0.765695  1  
0.0711395  -0.0493802  0.996234  0  -0.0649805  -0.996872  -0.0447717  0  0.995347  -0.0615519  -0.0741272  0  0.423596  -0.0380327  0.765628  1  
0.0712683  -0.0493799  0.996224  0  -0.0648972  -0.996878  -0.0447696  0  0.995344  -0.0614627  -0.0742518  0  0.423629  -0.037996  0.76556  1  
0.0713958  -0.0493818  0.996215  0  -0.0648134  -0.996883  -0.0447699  0  0.99534  -0.0613729  -0.0743752  0  0.423662  -0.0379581  0.765493  1  
0.071515  -0.0493791  0.996207  0  -0.0647319  -0.996888  -0.044766  0  0.995337  -0.0612861  -0.0744904  0  0.423693  -0.0379221  0.765428  1  
0.071644  -0.0493929  0.996197  0  -0.0646467  -0.996893  -0.0447782  0  0.995333  -0.0611939  -0.0746159  0  0.423727  -0.037885  0.76536  1  
0.071766  -0.0493888  0.996188  0  -0.06456  -0.996899  -0.0447732  0  0.99533  -0.0611019  -0.0747334  0  0.423759  -0.0378438  0.765295  1  
0.071891  -0.0493936  0.996179  0  -0.0644785  -0.996904  -0.0447763  0  0.995326  -0.0610143  -0.0748547  0  0.423791  -0.0378087  0.765229  1  
0.0720145  -0.0493958  0.99617  0  -0.0643915  -0.99691  -0.0447776  0  0.995323  -0.0609214  -0.074974  0  0.423824  -0.0377696  0.765164  1  
0.0721368  -0.0493974  0.996161  0  -0.0643093  -0.996915  -0.0447778  0  0.995319  -0.0608335  -0.0750924  0  0.423856  -0.037734  0.765099  1  
0.072264  -0.049401  0.996152  0  -0.0642288  -0.99692  -0.0447797  0  0.995315  -0.0607468  -0.0752159  0  0.42389  -0.0376975  0.765033  1  
0.0723797  -0.0494032  0.996143  0  -0.0641377  -0.996926  -0.0447818  0  0.995313  -0.0606502  -0.0753273  0  0.423922  -0.0376556  0.764972  1  
0.0725008  -0.0494051  0.996134  0  -0.0640603  -0.996931  -0.0447822  0  0.995309  -0.0605671  -0.0754446  0  0.423953  -0.0376225  0.764907  1  
0.0726254  -0.0494079  0.996125  0  -0.06397  -0.996937  -0.0447843  0  0.995306  -0.0604708  -0.075565  0  0.423986  -0.037582  0.764841  1  
0.072747  -0.0494167  0.996116  0  -0.0638875  -0.996942  -0.044792  0  0.995302  -0.0603821  -0.0756831  0  0.424018  -0.0375467  0.764777  1  
0.072873  -0.0494172  0.996107  0  -0.0637963  -0.996948  -0.0447917  0  0.995299  -0.060285  -0.0758047  0  0.424052  -0.0375053  0.76471  1  
0.0729859  -0.0494176  0.996098  0  -0.0637065  -0.996953  -0.0447921  0  0.995296  -0.0601899  -0.0759132  0  0.424083  -0.0374652  0.764651  1  
0.0731165  -0.049425  0.996088  0  -0.0636172  -0.996959  -0.0447985  0  0.995292  -0.060094  -0.0760399  0  0.424116  -0.0374257  0.764583  1  
0.0732418  -0.0494321  0.996079  0  -0.0635295  -0.996964  -0.0448047  0  0.995289  -0.06  -0.0761613  0  0.424151  -0.0373877  0.764517  1  
0.0733654  -0.0494352  0.996069  0  -0.063445  -0.996969  -0.0448068  0  0.995285  -0.0599095  -0.0762809  0  0.424184  -0.0373505  0.764453  1  
0.0734866  -0.0494343  0.996061  0  -0.0633612  -0.996975  -0.0448051  0  0.995281  -0.0598202  -0.076398  0  0.424217  -0.0373133  0.764389  1  
0.0736169  -0.0494428  0.996051  0  -0.0632741  -0.99698  -0.0448124  0  0.995277  -0.0597264  -0.0765245  0  0.424253  -0.0372746  0.764321  1  
0.0737368  -0.0494437  0.996042  0  -0.063185  -0.996986  -0.044813  0  0.995274  -0.0596316  -0.0766401  0  0.424286  -0.0372354  0.764258  1  
0.0738566  -0.0494429  0.996033  0  -0.0630981  -0.996991  -0.0448117  0  0.995271  -0.0595393  -0.0767556  0  0.424318  -0.0371966  0.764195  1  
0.0739876  -0.0494541  0.996023  0  -0.0630121  -0.996996  -0.0448217  0  0.995266  -0.0594464  -0.076883  0  0.424354  -0.0371588  0.764126  1  
0.0741111  -0.0494439  0.996014  0  -0.0629231  -0.997002  -0.044811  0  0.995263  -0.0593524  -0.0770016  0  0.424387  -0.0371173  0.764062  1  
0.0742285  -0.0494493  0.996005  0  -0.0628394  -0.997007  -0.0448159  0  0.995259  -0.0592629  -0.0771152  0  0.424419  -0.0370798  0.764  1  
0.0743489  -0.0494502  0.995996  0  -0.0627609  -0.997012  -0.0448157  0  0.995255  -0.0591787  -0.0772318  0  0.424452  -0.0370454  0.763938  1  
0.074472  -0.0494506  0.995987  0  -0.0626792  -0.997017  -0.0448151  0  0.995251  -0.0590913  -0.0773509  0  0.424485  -0.0370073  0.763874  1  
0.0745907  -0.049454  0.995978  0  -0.0625975  -0.997022  -0.0448178  0  0.995248  -0.0590039  -0.0774658  0  0.424518  -0.0369696  0.763812  1  
