0.0432896  -0.048471  0.997876  0  -0.0792195  -0.995834  -0.0449351  0  0.995917  -0.0771075  -0.04695  0  0.416714  -0.0442621  0.779127  1  
0.0432889  -0.0484694  0.997877  0  -0.0792197  -0.995834  -0.0449336  0  0.995917  -0.0771079  -0.0469492  0  0.416714  -0.0442614  0.779126  1  
0.0432876  -0.0484664  0.997877  0  -0.0792187  -0.995835  -0.0449307  0  0.995917  -0.077107  -0.0469476  0  0.416714  -0.0442611  0.779128  1  
0.0432864  -0.0484709  0.997877  0  -0.0792243  -0.995834  -0.044935  0  0.995916  -0.0771125  -0.0469471  0  0.416713  -0.0442646  0.779128  1  
0.0432901  -0.0484687  0.997876  0  -0.0792199  -0.995834  -0.0449328  0  0.995917  -0.077108  -0.0469504  0  0.416713  -0.0442618  0.779126  1  
0.0432855  -0.0484733  0.997876  0  -0.0792225  -0.995834  -0.0449376  0  0.995917  -0.0771106  -0.0469463  0  0.416712  -0.0442652  0.779128  1  
0.0432942  -0.048475  0.997876  0  -0.0792168  -0.995834  -0.0449388  0  0.995917  -0.0771044  -0.0469548  0  0.416714  -0.0442626  0.779123  1  
0.0432909  -0.0484725  0.997876  0  -0.0792123  -0.995835  -0.0449369  0  0.995917  -0.0771002  -0.0469511  0  0.416714  -0.0442609  0.779123  1  
0.0432919  -0.0484657  0.997877  0  -0.0792077  -0.995835  -0.0449302  0  0.995918  -0.0770959  -0.0469513  0  0.416714  -0.0442593  0.779121  1  
0.0432919  -0.0484656  0.997877  0  -0.0792015  -0.995836  -0.0449304  0  0.995918  -0.0770897  -0.0469511  0  0.416715  -0.0442567  0.77912  1  
0.0432887  -0.048469  0.997877  0  -0.0791928  -0.995836  -0.0449344  0  0.995919  -0.077081  -0.0469477  0  0.416716  -0.0442538  0.77912  1  
0.0432952  -0.0484718  0.997876  0  -0.0791887  -0.995837  -0.0449369  0  0.995919  -0.0770764  -0.0469542  0  0.416717  -0.0442527  0.779116  1  
0.0432995  -0.0484632  0.997876  0  -0.0791724  -0.995838  -0.0449288  0  0.99592  -0.0770603  -0.0469571  0  0.416719  -0.0442445  0.779115  1  
0.0433088  -0.0484665  0.997876  0  -0.0791662  -0.995839  -0.0449317  0  0.99592  -0.0770536  -0.0469663  0  0.416721  -0.0442451  0.779112  1  
0.0433117  -0.0484672  0.997876  0  -0.0791563  -0.995839  -0.0449326  0  0.995921  -0.0770436  -0.0469689  0  0.416722  -0.0442412  0.779109  1  
0.0433135  -0.0484718  0.997875  0  -0.0791465  -0.99584  -0.0449375  0  0.995921  -0.0770335  -0.0469706  0  0.416723  -0.0442369  0.779109  1  
0.0433179  -0.0484757  0.997875  0  -0.0791393  -0.99584  -0.0449414  0  0.995922  -0.0770258  -0.0469749  0  0.416724  -0.0442352  0.779107  1  
0.0433267  -0.0484725  0.997875  0  -0.0791262  -0.995842  -0.0449381  0  0.995923  -0.0770125  -0.0469829  0  0.416726  -0.0442306  0.779102  1  
0.0433384  -0.0484708  0.997874  0  -0.0791125  -0.995843  -0.0449362  0  0.995923  -0.0769983  -0.0469938  0  0.416729  -0.0442247  0.779097  1  
0.043337  -0.0484667  0.997875  0  -0.0790978  -0.995844  -0.0449329  0  0.995924  -0.0769839  -0.0469914  0  0.416729  -0.0442191  0.779098  1  
0.0433356  -0.0484675  0.997875  0  -0.0790799  -0.995845  -0.0449346  0  0.995926  -0.076966  -0.0469893  0  0.41673  -0.0442109  0.779098  1  
0.0433427  -0.0484576  0.997875  0  -0.0790613  -0.995847  -0.0449252  0  0.995927  -0.0769475  -0.0469948  0  0.416733  -0.0442028  0.779095  1  
0.0433476  -0.0484571  0.997875  0  -0.0790472  -0.995848  -0.0449249  0  0.995928  -0.0769333  -0.046999  0  0.416735  -0.0441969  0.779092  1  
0.0433417  -0.0484605  0.997875  0  -0.079032  -0.995849  -0.0449295  0  0.995929  -0.0769182  -0.0469927  0  0.416735  -0.0441916  0.779094  1  
0.0433567  -0.0484579  0.997874  0  -0.0790102  -0.995851  -0.0449267  0  0.99593  -0.0768959  -0.0470064  0  0.416739  -0.0441814  0.779086  1  
0.043357  -0.0484609  0.997874  0  -0.0789957  -0.995852  -0.0449304  0  0.995932  -0.0768812  -0.0470063  0  0.416741  -0.0441765  0.779088  1  
0.0433593  -0.0484562  0.997874  0  -0.0789719  -0.995854  -0.0449267  0  0.995933  -0.0768575  -0.0470072  0  0.416743  -0.0441661  0.779086  1  
0.0433613  -0.0484536  0.997874  0  -0.078953  -0.995856  -0.0449248  0  0.995935  -0.0768386  -0.0470081  0  0.416744  -0.0441595  0.779086  1  
0.0433682  -0.0484497  0.997874  0  -0.0789287  -0.995858  -0.0449215  0  0.995936  -0.0768143  -0.0470136  0  0.416747  -0.0441497  0.779083  1  
0.0433703  -0.048453  0.997874  0  -0.0789095  -0.995859  -0.0449256  0  0.995938  -0.0767948  -0.047015  0  0.41675  -0.0441413  0.779083  1  
0.0433741  -0.048451  0.997874  0  -0.0788888  -0.995861  -0.0449243  0  0.995939  -0.076774  -0.0470178  0  0.416754  -0.0441341  0.779082  1  
0.0433832  -0.0484554  0.997873  0  -0.0788645  -0.995863  -0.0449291  0  0.995941  -0.0767491  -0.047026  0  0.416758  -0.0441248  0.779078  1  
0.0433951  -0.04845  0.997873  0  -0.0788416  -0.995865  -0.0449238  0  0.995942  -0.0767259  -0.0470364  0  0.416762  -0.0441156  0.779075  1  
0.0434038  -0.0484528  0.997872  0  -0.0788112  -0.995867  -0.0449274  0  0.995944  -0.076695  -0.047044  0  0.416767  -0.0441028  0.779073  1  
0.0434053  -0.0484585  0.997872  0  -0.0787914  -0.995868  -0.044934  0  0.995946  -0.0766748  -0.0470449  0  0.416771  -0.0440963  0.779071  1  
0.0434121  -0.0484592  0.997872  0  -0.0787657  -0.99587  -0.0449353  0  0.995947  -0.0766488  -0.0470506  0  0.416777  -0.0440864  0.779067  1  
0.0434194  -0.048456  0.997871  0  -0.0787412  -0.995872  -0.0449327  0  0.995949  -0.0766241  -0.0470566  0  0.416781  -0.0440771  0.779066  1  
0.0434243  -0.048457  0.997871  0  -0.0787148  -0.995874  -0.0449346  0  0.995951  -0.0765974  -0.0470604  0  0.416784  -0.0440666  0.779065  1  
0.0434334  -0.0484576  0.997871  0  -0.0786902  -0.995876  -0.0449356  0  0.995952  -0.0765724  -0.0470683  0  0.416789  -0.0440581  0.779061  1  
0.0434448  -0.0484569  0.99787  0  -0.0786647  -0.995878  -0.0449353  0  0.995954  -0.0765464  -0.0470785  0  0.416795  -0.0440468  0.779056  1  
0.0434605  -0.0484562  0.99787  0  -0.0786406  -0.99588  -0.0449345  0  0.995955  -0.0765216  -0.047093  0  0.416803  -0.0440379  0.779049  1  
0.0434657  -0.048453  0.99787  0  -0.0786134  -0.995882  -0.0449322  0  0.995957  -0.0764944  -0.0470967  0  0.416808  -0.0440269  0.779048  1  
0.0434845  -0.048453  0.997869  0  -0.0785895  -0.995884  -0.0449319  0  0.995958  -0.0764696  -0.0471143  0  0.416815  -0.0440174  0.779041  1  
0.0434969  -0.0484577  0.997868  0  -0.0785632  -0.995886  -0.0449369  0  0.99596  -0.0764426  -0.0471259  0  0.416821  -0.0440079  0.779036  1  
0.0435072  -0.0484615  0.997867  0  -0.0785376  -0.995888  -0.0449411  0  0.995961  -0.0764164  -0.0471352  0  0.416827  -0.0439985  0.779033  1  
0.0435134  -0.0484602  0.997867  0  -0.078518  -0.99589  -0.0449403  0  0.995963  -0.0763965  -0.0471404  0  0.416831  -0.0439924  0.77903  1  
0.0435356  -0.0484643  0.997866  0  -0.0784904  -0.995892  -0.044944  0  0.995964  -0.0763677  -0.0471616  0  0.41684  -0.0439813  0.779021  1  
0.0435515  -0.048469  0.997865  0  -0.0784688  -0.995893  -0.0449485  0  0.995965  -0.0763452  -0.0471768  0  0.416847  -0.0439748  0.779014  1  
0.0435674  -0.0484699  0.997864  0  -0.0784442  -0.995895  -0.0449493  0  0.995966  -0.0763198  -0.0471917  0  0.416855  -0.0439652  0.779008  1  
0.0435823  -0.048473  0.997864  0  -0.0784159  -0.995897  -0.0449526  0  0.995968  -0.0762907  -0.0472055  0  0.416863  -0.043954  0.779001  1  
0.0436063  -0.0484671  0.997863  0  -0.0783952  -0.995899  -0.0449458  0  0.995968  -0.0762692  -0.047228  0  0.416872  -0.0439462  0.778991  1  
0.0436149  -0.0484661  0.997862  0  -0.0783697  -0.995901  -0.0449454  0  0.99597  -0.0762434  -0.0472354  0  0.416877  -0.0439373  0.778989  1  
0.0436358  -0.0484699  0.997861  0  -0.0783421  -0.995903  -0.044949  0  0.995971  -0.0762146  -0.0472552  0  0.416885  -0.0439265  0.778979  1  
0.0436498  -0.0484754  0.997861  0  -0.0783188  -0.995905  -0.0449544  0  0.995972  -0.0761904  -0.0472685  0  0.416892  -0.0439183  0.778973  1  
0.0436721  -0.0484749  0.99786  0  -0.078294  -0.995907  -0.0449534  0  0.995973  -0.0761647  -0.0472895  0  0.416902  -0.0439101  0.778965  1  
0.0436922  -0.0484803  0.997858  0  -0.0782727  -0.995908  -0.0449583  0  0.995974  -0.0761422  -0.047309  0  0.41691  -0.0439034  0.778956  1  
0.0437088  -0.0484887  0.997857  0  -0.0782479  -0.99591  -0.0449666  0  0.995975  -0.0761163  -0.047325  0  0.416918  -0.0438941  0.778949  1  
0.0437265  -0.0484898  0.997856  0  -0.0782322  -0.995911  -0.0449671  0  0.995976  -0.0760997  -0.0473421  0  0.416926  -0.0438888  0.778941  1  
0.0437454  -0.0484934  0.997855  0  -0.0782065  -0.995913  -0.0449704  0  0.995977  -0.076073  -0.04736  0  0.416934  -0.0438804  0.778933  1  
0.0437731  -0.0484927  0.997854  0  -0.0781802  -0.995915  -0.0449689  0  0.995978  -0.0760455  -0.0473863  0  0.416945  -0.0438701  0.778921  1  
0.0437857  -0.0484941  0.997854  0  -0.0781575  -0.995917  -0.0449704  0  0.995979  -0.0760222  -0.047398  0  0.416952  -0.0438621  0.778916  1  
0.0438019  -0.048502  0.997853  0  -0.0781377  -0.995918  -0.044978  0  0.99598  -0.0760012  -0.0474139  0  0.41696  -0.0438561  0.778909  1  
0.0438243  -0.0484985  0.997852  0  -0.0781114  -0.99592  -0.044974  0  0.995981  -0.0759741  -0.0474347  0  0.416969  -0.043845  0.7789  1  
0.0438525  -0.048497  0.997851  0  -0.0780873  -0.995922  -0.0449716  0  0.995982  -0.0759488  -0.0474616  0  0.416981  -0.0438353  0.778888  1  
0.0438816  -0.0484966  0.997849  0  -0.0780626  -0.995924  -0.0449702  0  0.995982  -0.0759229  -0.0474894  0  0.416992  -0.0438255  0.778875  1  
0.0439024  -0.0484987  0.997848  0  -0.0780432  -0.995925  -0.0449716  0  0.995983  -0.0759024  -0.0475094  0  0.417001  -0.0438192  0.778866  1  
0.0439276  -0.0484974  0.997847  0  -0.078019  -0.995927  -0.0449695  0  0.995984  -0.0758771  -0.0475333  0  0.417013  -0.0438084  0.778856  1  
0.0439453  -0.0485059  0.997846  0  -0.077994  -0.995929  -0.0449778  0  0.995985  -0.0758509  -0.0475505  0  0.417021  -0.0438002  0.778848  1  
0.0439788  -0.0485049  0.997845  0  -0.0779739  -0.995931  -0.0449752  0  0.995985  -0.0758293  -0.0475828  0  0.417035  -0.0437915  0.778834  1  
0.0440049  -0.0485038  0.997844  0  -0.0779465  -0.995933  -0.0449735  0  0.995986  -0.0758008  -0.0476076  0  0.417045  -0.0437811  0.778823  1  
0.0440348  -0.048513  0.997842  0  -0.0779296  -0.995934  -0.0449812  0  0.995986  -0.0757822  -0.0476372  0  0.41706  -0.0437757  0.778809  1  
0.0440585  -0.0485186  0.99784  0  -0.0779089  -0.995935  -0.0449859  0  0.995986  -0.0757601  -0.0476604  0  0.417072  -0.043768  0.778798  1  
0.0440984  -0.0485145  0.997839  0  -0.0778822  -0.995938  -0.0449801  0  0.995987  -0.0757318  -0.0476986  0  0.417086  -0.0437554  0.77878  1  
0.0441318  -0.0485079  0.997838  0  -0.0778627  -0.99594  -0.0449719  0  0.995987  -0.0757111  -0.0477305  0  0.4171  -0.0437482  0.778767  1  
0.0441657  -0.0485156  0.997836  0  -0.0778411  -0.995941  -0.0449781  0  0.995987  -0.0756877  -0.0477639  0  0.417114  -0.04374  0.778752  1  
0.0441948  -0.0485193  0.997834  0  -0.077823  -0.995942  -0.0449804  0  0.995987  -0.075668  -0.0477923  0  0.417126  -0.0437333  0.778739  1  
0.0442337  -0.0485185  0.997833  0  -0.0778017  -0.995944  -0.0449777  0  0.995987  -0.075645  -0.04783  0  0.417142  -0.0437245  0.778723  1  
0.0442634  -0.048519  0.997831  0  -0.0777804  -0.995946  -0.044977  0  0.995987  -0.0756223  -0.0478587  0  0.417155  -0.0437156  0.77871  1  
0.0442962  -0.0485162  0.99783  0  -0.0777612  -0.995947  -0.0449726  0  0.995987  -0.0756018  -0.0478903  0  0.417169  -0.0437091  0.778695  1  
0.0443328  -0.0485235  0.997828  0  -0.0777402  -0.995949  -0.0449781  0  0.995987  -0.0755788  -0.0479264  0  0.417185  -0.0437011  0.77868  1  
0.0443632  -0.0485267  0.997827  0  -0.0777251  -0.99595  -0.0449798  0  0.995987  -0.0755622  -0.0479562  0  0.417197  -0.0436958  0.778667  1  
0.0444035  -0.0485332  0.997824  0  -0.0777052  -0.995951  -0.0449841  0  0.995987  -0.0755401  -0.047996  0  0.417215  -0.0436881  0.77865  1  
0.0444418  -0.0485333  0.997823  0  -0.0776864  -0.995953  -0.0449823  0  0.995987  -0.0755196  -0.0480333  0  0.417231  -0.0436807  0.778631  1  
0.0444712  -0.0485325  0.997821  0  -0.0776713  -0.995954  -0.04498  0  0.995987  -0.0755032  -0.0480618  0  0.417244  -0.043675  0.778619  1  
0.0445103  -0.0485356  0.99782  0  -0.0776531  -0.995956  -0.044981  0  0.995986  -0.0754831  -0.0481002  0  0.417259  -0.0436692  0.778602  1  
0.0445381  -0.0485434  0.997818  0  -0.0776395  -0.995956  -0.0449874  0  0.995986  -0.0754679  -0.0481278  0  0.417273  -0.0436637  0.778589  1  
0.0445754  -0.0485461  0.997816  0  -0.0776242  -0.995957  -0.0449879  0  0.995986  -0.0754508  -0.0481645  0  0.417289  -0.0436577  0.778572  1  
0.0446141  -0.0485495  0.997814  0  -0.0776088  -0.995959  -0.0449892  0  0.995985  -0.0754334  -0.0482026  0  0.417306  -0.0436533  0.778556  1  
0.0446516  -0.0485458  0.997813  0  -0.0775969  -0.99596  -0.0449832  0  0.995984  -0.07542  -0.0482391  0  0.417322  -0.0436483  0.778538  1  
0.04469  -0.048546  0.997811  0  -0.0775769  -0.995961  -0.0449815  0  0.995984  -0.0753983  -0.0482765  0  0.417338  -0.0436407  0.778522  1  
0.044723  -0.0485601  0.997809  0  -0.0775642  -0.995962  -0.0449937  0  0.995984  -0.0753835  -0.0483098  0  0.417352  -0.0436367  0.778507  1  
0.044768  -0.0485597  0.997807  0  -0.0775487  -0.995963  -0.0449907  0  0.995983  -0.0753659  -0.0483539  0  0.417371  -0.0436309  0.778487  1  
0.0448037  -0.0485641  0.997805  0  -0.0775376  -0.995964  -0.0449928  0  0.995982  -0.075353  -0.0483893  0  0.417387  -0.0436272  0.778472  1  
0.0448477  -0.0485601  0.997803  0  -0.0775206  -0.995966  -0.0449864  0  0.995981  -0.0753343  -0.0484321  0  0.417405  -0.0436203  0.778452  1  
0.0448913  -0.048571  0.997801  0  -0.0775108  -0.995966  -0.0449944  0  0.99598  -0.0753219  -0.048476  0  0.417423  -0.0436182  0.778432  1  
0.0449394  -0.0485743  0.997798  0  -0.0774997  -0.995967  -0.0449946  0  0.995979  -0.0753085  -0.0485235  0  0.417442  -0.0436156  0.778411  1  
0.0449828  -0.0485822  0.997796  0  -0.0774837  -0.995968  -0.045  0  0.995978  -0.0752902  -0.0485667  0  0.417461  -0.0436089  0.778392  1  
0.0450278  -0.0485807  0.997794  0  -0.0774725  -0.995969  -0.0449957  0  0.995977  -0.075277  -0.0486109  0  0.41748  -0.0436055  0.778372  1  
0.0450822  -0.0485855  0.997791  0  -0.077459  -0.99597  -0.044997  0  0.995976  -0.0752609  -0.0486648  0  0.417502  -0.0436006  0.778348  1  
0.0451278  -0.0485876  0.997789  0  -0.0774459  -0.995971  -0.0449963  0  0.995975  -0.0752455  -0.0487098  0  0.417521  -0.0435967  0.778328  1  
0.0451795  -0.0485918  0.997787  0  -0.0774334  -0.995972  -0.0449973  0  0.995973  -0.0752305  -0.0487611  0  0.417543  -0.0435933  0.778304  1  
0.045226  -0.0486032  0.997784  0  -0.0774238  -0.995972  -0.0450056  0  0.995972  -0.0752182  -0.0488078  0  0.417562  -0.04359  0.778282  1  
0.0452767  -0.0486074  0.997782  0  -0.0774111  -0.995973  -0.0450065  0  0.995971  -0.0752031  -0.0488581  0  0.417584  -0.0435869  0.778259  1  
0.0453296  -0.0486172  0.997779  0  -0.0774036  -0.995974  -0.0450128  0  0.995969  -0.0751927  -0.0489112  0  0.417605  -0.0435867  0.778236  1  
0.0453869  -0.0486181  0.997776  0  -0.0773875  -0.995975  -0.0450101  0  0.995967  -0.075174  -0.0489676  0  0.417628  -0.043581  0.778211  1  
0.0454369  -0.0486256  0.997773  0  -0.0773781  -0.995975  -0.0450143  0  0.995966  -0.0751619  -0.0490176  0  0.417648  -0.0435786  0.778187  1  
0.0454945  -0.0486382  0.99777  0  -0.0773673  -0.995976  -0.0450231  0  0.995964  -0.075148  -0.0490754  0  0.417671  -0.0435769  0.778162  1  
0.0455508  -0.0486437  0.997767  0  -0.0773601  -0.995976  -0.0450247  0  0.995962  -0.075138  -0.0491316  0  0.417694  -0.0435757  0.778135  1  
0.0456156  -0.0486504  0.997764  0  -0.0773509  -0.995977  -0.045027  0  0.99596  -0.0751255  -0.0491962  0  0.417719  -0.0435747  0.778106  1  
0.0456699  -0.0486565  0.997761  0  -0.0773424  -0.995978  -0.0450294  0  0.995958  -0.0751142  -0.0492503  0  0.417741  -0.0435731  0.778082  1  
0.0457186  -0.0486686  0.997758  0  -0.0773338  -0.995978  -0.0450382  0  0.995956  -0.0751028  -0.0492994  0  0.417762  -0.0435714  0.77806  1  
0.0457764  -0.0486722  0.997756  0  -0.0773229  -0.995979  -0.045038  0  0.995955  -0.0750892  -0.0493568  0  0.417784  -0.0435687  0.778033  1  
0.0458385  -0.048673  0.997753  0  -0.0773068  -0.99598  -0.0450349  0  0.995953  -0.0750702  -0.0494179  0  0.417809  -0.0435622  0.778006  1  
0.045903  -0.0486788  0.997749  0  -0.0772991  -0.995981  -0.0450362  0  0.995951  -0.0750593  -0.0494823  0  0.417833  -0.0435609  0.777977  1  
0.0459582  -0.0486902  0.997746  0  -0.0772973  -0.99598  -0.0450435  0  0.995948  -0.0750544  -0.049538  0  0.417857  -0.0435633  0.777952  1  
0.0460169  -0.0486943  0.997743  0  -0.0772795  -0.995982  -0.0450441  0  0.995947  -0.0750337  -0.049596  0  0.417881  -0.0435569  0.777926  1  
0.0460712  -0.0486995  0.997741  0  -0.0772714  -0.995982  -0.0450456  0  0.995945  -0.075023  -0.0496502  0  0.417904  -0.0435544  0.7779  1  
0.0461298  -0.048703  0.997738  0  -0.0772632  -0.995983  -0.0450451  0  0.995943  -0.0750119  -0.0497084  0  0.417928  -0.0435526  0.777873  1  
0.046186  -0.0487117  0.997735  0  -0.0772517  -0.995984  -0.0450502  0  0.995941  -0.0749975  -0.0497645  0  0.417953  -0.0435496  0.777847  1  
0.0462419  -0.0487166  0.997732  0  -0.0772438  -0.995984  -0.0450513  0  0.995939  -0.0749868  -0.0498202  0  0.417976  -0.0435476  0.77782  1  
0.0462923  -0.0487218  0.997729  0  -0.0772336  -0.995985  -0.0450532  0  0.995938  -0.074974  -0.0498704  0  0.417999  -0.0435455  0.777795  1  
0.0463454  -0.0487319  0.997726  0  -0.0772255  -0.995985  -0.0450597  0  0.995936  -0.074963  -0.0499236  0  0.418023  -0.0435432  0.77777  1  
0.0464001  -0.0487317  0.997724  0  -0.0772152  -0.995986  -0.0450558  0  0.995934  -0.0749503  -0.0499777  0  0.418047  -0.0435412  0.777743  1  
0.0464451  -0.0487378  0.997722  0  -0.0772071  -0.995987  -0.045059  0  0.995933  -0.0749398  -0.0500226  0  0.418068  -0.0435397  0.77772  1  
0.0465067  -0.0487452  0.997718  0  -0.0772022  -0.995987  -0.045062  0  0.99593  -0.0749318  -0.0500843  0  0.418095  -0.0435387  0.777691  1  
0.0465636  -0.0487572  0.997715  0  -0.077193  -0.995987  -0.0450702  0  0.995928  -0.0749194  -0.0501414  0  0.41812  -0.0435378  0.777664  1  
0.0466237  -0.0487592  0.997712  0  -0.077179  -0.995988  -0.0450683  0  0.995926  -0.0749026  -0.0502008  0  0.418145  -0.0435328  0.777635  1  
0.0466787  -0.0487608  0.997709  0  -0.0771737  -0.995989  -0.045066  0  0.995924  -0.0748948  -0.0502554  0  0.41817  -0.0435318  0.777609  1  
0.0467418  -0.0487648  0.997706  0  -0.0771682  -0.995989  -0.0450656  0  0.995922  -0.0748862  -0.0503184  0  0.418195  -0.0435316  0.77758  1  
0.046801  -0.0487798  0.997703  0  -0.0771686  -0.995989  -0.0450761  0  0.995919  -0.0748832  -0.0503785  0  0.418221  -0.0435351  0.777552  1  
0.0468742  -0.0487849  0.997699  0  -0.0771526  -0.99599  -0.0450766  0  0.995917  -0.0748636  -0.0504511  0  0.418251  -0.043529  0.777519  1  
0.0469444  -0.0487975  0.997695  0  -0.077146  -0.99599  -0.0450842  0  0.995914  -0.0748532  -0.0505216  0  0.418279  -0.0435293  0.777487  1  
0.0470139  -0.0487964  0.997692  0  -0.0771424  -0.995991  -0.0450781  0  0.995911  -0.0748465  -0.0505906  0  0.418307  -0.0435295  0.777457  1  
0.0470959  -0.0488116  0.997687  0  -0.0771349  -0.995991  -0.0450875  0  0.995908  -0.0748346  -0.0506731  0  0.418339  -0.0435297  0.777418  1  
0.047167  -0.0488195  0.997684  0  -0.0771291  -0.995991  -0.0450903  0  0.995905  -0.0748251  -0.0507443  0  0.418369  -0.0435284  0.777386  1  
0.0472493  -0.0488345  0.997679  0  -0.0771297  -0.995991  -0.0450991  0  0.995901  -0.0748212  -0.0508274  0  0.418401  -0.0435325  0.777348  1  
0.0473323  -0.0488448  0.997675  0  -0.0771229  -0.995991  -0.0451035  0  0.995897  -0.0748101  -0.0509106  0  0.418432  -0.0435325  0.77731  1  
0.047414  -0.0488439  0.997671  0  -0.0771153  -0.995992  -0.0450968  0  0.995894  -0.0747989  -0.0509916  0  0.418464  -0.0435306  0.777273  1  
0.0474879  -0.048854  0.997667  0  -0.0771152  -0.995992  -0.0451014  0  0.995891  -0.074795  -0.051066  0  0.418494  -0.0435328  0.77724  1  
0.0475647  -0.0488655  0.997663  0  -0.0771049  -0.995992  -0.0451076  0  0.995888  -0.0747806  -0.0511428  0  0.418525  -0.0435306  0.777203  1  
0.0476384  -0.0488783  0.997658  0  -0.0771045  -0.995992  -0.0451149  0  0.995884  -0.0747761  -0.0512172  0  0.418555  -0.0435337  0.777168  1  
0.0477142  -0.0488853  0.997654  0  -0.0771043  -0.995992  -0.0451163  0  0.995881  -0.0747722  -0.0512932  0  0.418585  -0.0435367  0.777133  1  
0.0477907  -0.0488895  0.997651  0  -0.0770957  -0.995993  -0.0451151  0  0.995878  -0.07476  -0.0513693  0  0.418616  -0.0435346  0.777097  1  
0.0478622  -0.0489006  0.997647  0  -0.0770886  -0.995993  -0.0451212  0  0.995875  -0.0747491  -0.0514411  0  0.418646  -0.0435344  0.777062  1  
0.0479349  -0.0489124  0.997643  0  -0.0770874  -0.995993  -0.0451276  0  0.995871  -0.074744  -0.0515143  0  0.418676  -0.0435366  0.777026  1  
0.0480062  -0.0489214  0.997639  0  -0.0770823  -0.995993  -0.0451316  0  0.995868  -0.0747352  -0.0515858  0  0.418706  -0.043537  0.776992  1  
0.0480773  -0.0489252  0.997635  0  -0.0770806  -0.995993  -0.0451301  0  0.995865  -0.0747301  -0.0516569  0  0.418738  -0.0435386  0.776957  1  
0.0481426  -0.0489406  0.997631  0  -0.0770761  -0.995993  -0.0451408  0  0.995862  -0.0747218  -0.0517228  0  0.418767  -0.0435401  0.776924  1  
0.0482087  -0.0489497  0.997627  0  -0.0770729  -0.995993  -0.0451451  0  0.995859  -0.0747151  -0.0517892  0  0.418794  -0.0435407  0.77689  1  
0.048275  -0.0489574  0.997624  0  -0.0770673  -0.995993  -0.0451481  0  0.995856  -0.0747061  -0.0518556  0  0.418825  -0.0435401  0.776857  1  
0.0483428  -0.0489581  0.997621  0  -0.0770638  -0.995994  -0.0451439  0  0.995853  -0.0746995  -0.051923  0  0.418854  -0.0435409  0.776823  1  
0.0484084  -0.0489774  0.997616  0  -0.0770607  -0.995994  -0.0451584  0  0.99585  -0.0746924  -0.0519897  0  0.418883  -0.0435441  0.776791  1  
0.0484883  -0.0489759  0.997613  0  -0.077053  -0.995994  -0.0451514  0  0.995847  -0.0746811  -0.0520688  0  0.418916  -0.0435428  0.776752  1  
0.0485616  -0.0489896  0.997608  0  -0.0770546  -0.995994  -0.0451594  0  0.995843  -0.0746787  -0.052143  0  0.418947  -0.0435457  0.776716  1  
0.0486401  -0.0490011  0.997604  0  -0.0770472  -0.995994  -0.0451654  0  0.99584  -0.0746672  -0.0522217  0  0.41898  -0.0435456  0.776678  1  
0.048719  -0.0490107  0.9976  0  -0.0770453  -0.995994  -0.0451692  0  0.995836  -0.0746612  -0.0523009  0  0.419011  -0.0435478  0.776641  1  
0.0488017  -0.0490222  0.997595  0  -0.0770447  -0.995994  -0.0451745  0  0.995832  -0.0746563  -0.0523841  0  0.419045  -0.0435517  0.776602  1  
0.0490651  -0.0490596  0.99758  0  -0.0770412  -0.995993  -0.0451924  0  0.99582  -0.0746389  -0.0526492  0  0.419152  -0.0435604  0.776478  1  
0.0491473  -0.0490729  0.997576  0  -0.0770396  -0.995993  -0.0451995  0  0.995816  -0.0746328  -0.052732  0  0.419186  -0.0435623  0.776439  1  
0.0492432  -0.0490779  0.997571  0  -0.077033  -0.995994  -0.0451977  0  0.995812  -0.0746216  -0.0528276  0  0.419225  -0.0435629  0.776394  1  
0.0493228  -0.049094  0.997566  0  -0.0770375  -0.995993  -0.0452077  0  0.995807  -0.0746216  -0.0529083  0  0.419259  -0.0435687  0.776356  1  
0.0494173  -0.0490986  0.997561  0  -0.0770294  -0.995994  -0.0452055  0  0.995803  -0.0746091  -0.0530023  0  0.419297  -0.0435661  0.776312  1  
0.0495042  -0.0491176  0.997556  0  -0.0770291  -0.995993  -0.0452181  0  0.995799  -0.0746037  -0.0530903  0  0.419333  -0.0435702  0.77627  1  
0.0495898  -0.0491219  0.997551  0  -0.0770264  -0.995994  -0.0452161  0  0.995795  -0.0745969  -0.0531759  0  0.419368  -0.0435721  0.776229  1  
0.0496697  -0.0491377  0.997547  0  -0.0770254  -0.995993  -0.0452259  0  0.995791  -0.0745915  -0.0532566  0  0.419403  -0.0435756  0.77619  1  
0.0497589  -0.0491432  0.997542  0  -0.0770196  -0.995994  -0.0452251  0  0.995787  -0.0745813  -0.0533456  0  0.419439  -0.0435746  0.776146  1  
0.0498449  -0.0491549  0.997537  0  -0.0770192  -0.995993  -0.0452304  0  0.995783  -0.0745764  -0.0534321  0  0.419477  -0.0435774  0.776104  1  
0.0499222  -0.0491683  0.997532  0  -0.0770187  -0.995993  -0.045238  0  0.995779  -0.0745717  -0.0535101  0  0.419512  -0.0435819  0.776064  1  
0.0500034  -0.0491835  0.997528  0  -0.0770177  -0.995993  -0.0452472  0  0.995775  -0.0745662  -0.0535921  0  0.419548  -0.0435854  0.776023  1  
0.0500864  -0.049188  0.997523  0  -0.0770102  -0.995993  -0.0452459  0  0.995771  -0.0745547  -0.0536747  0  0.419584  -0.0435838  0.775982  1  
0.0501609  -0.0491946  0.997519  0  -0.0770092  -0.995993  -0.0452469  0  0.995768  -0.07455  -0.0537494  0  0.419618  -0.043586  0.775944  1  
0.0502399  -0.0492063  0.997515  0  -0.0770031  -0.995994  -0.045253  0  0.995764  -0.0745396  -0.0538287  0  0.419652  -0.0435866  0.775904  1  
0.0503227  -0.0492203  0.99751  0  -0.0770077  -0.995993  -0.0452605  0  0.99576  -0.0745398  -0.0539124  0  0.419688  -0.0435927  0.775863  1  
0.0504054  -0.0492309  0.997505  0  -0.0769999  -0.995993  -0.0452653  0  0.995756  -0.0745276  -0.0539953  0  0.419723  -0.0435916  0.775822  1  
0.0504916  -0.0492347  0.997501  0  -0.0769982  -0.995994  -0.0452628  0  0.995752  -0.0745218  -0.0540813  0  0.419761  -0.0435944  0.77578  1  
0.0505728  -0.049247  0.997496  0  -0.0770021  -0.995993  -0.0452688  0  0.995747  -0.0745213  -0.0541633  0  0.419795  -0.0435983  0.775739  1  
0.0506516  -0.0492548  0.997491  0  -0.077002  -0.995993  -0.0452708  0  0.995743  -0.0745172  -0.0542424  0  0.419831  -0.0436012  0.775699  1  
0.0507388  -0.0492674  0.997486  0  -0.0769963  -0.995993  -0.0452771  0  0.995739  -0.0745069  -0.05433  0  0.419868  -0.043601  0.775656  1  
0.0508258  -0.0492743  0.997482  0  -0.0770001  -0.995993  -0.0452773  0  0.995735  -0.0745064  -0.0544173  0  0.419906  -0.0436075  0.775614  1  
0.0509137  -0.0492901  0.997476  0  -0.0770023  -0.995992  -0.0452864  0  0.99573  -0.0745037  -0.0545061  0  0.419944  -0.0436118  0.77557  1  
0.0510009  -0.049305  0.997471  0  -0.0770014  -0.995992  -0.0452947  0  0.995726  -0.074498  -0.054594  0  0.419982  -0.0436149  0.775527  1  
0.0510919  -0.049314  0.997466  0  -0.0770022  -0.995992  -0.045297  0  0.995721  -0.0744942  -0.0546855  0  0.420021  -0.0436186  0.775484  1  
0.0511868  -0.0493292  0.99746  0  -0.077003  -0.995991  -0.0453049  0  0.995716  -0.0744898  -0.0547811  0  0.420061  -0.0436227  0.775437  1  
0.0512868  -0.0493335  0.997455  0  -0.0769992  -0.995992  -0.045302  0  0.995711  -0.0744812  -0.054881  0  0.420102  -0.0436236  0.77539  1  
0.0513823  -0.0493471  0.997449  0  -0.0770035  -0.995991  -0.0453082  0  0.995706  -0.0744805  -0.0549773  0  0.420142  -0.0436275  0.775344  1  
0.0514717  -0.0493654  0.997444  0  -0.0770063  -0.99599  -0.0453197  0  0.995701  -0.0744782  -0.0550679  0  0.42018  -0.0436337  0.7753  1  
0.0515699  -0.0493799  0.997438  0  -0.0770081  -0.99599  -0.0453267  0  0.995696  -0.0744748  -0.0551669  0  0.420221  -0.043639  0.775253  1  
0.0516771  -0.0493852  0.997432  0  -0.0770014  -0.995991  -0.0453244  0  0.995691  -0.0744629  -0.0552737  0  0.420264  -0.0436374  0.775202  1  
0.0517739  -0.0493954  0.997427  0  -0.0770065  -0.99599  -0.0453271  0  0.995685  -0.074463  -0.0553711  0  0.420304  -0.0436441  0.775156  1  
0.0518768  -0.0494086  0.997421  0  -0.0770079  -0.99599  -0.0453325  0  0.99568  -0.074459  -0.0554747  0  0.420346  -0.0436471  0.775107  1  
0.0519742  -0.0494235  0.997415  0  -0.0770088  -0.995989  -0.04534  0  0.995675  -0.0744547  -0.0555729  0  0.420388  -0.043651  0.775059  1  
0.0520738  -0.0494315  0.997409  0  -0.0770175  -0.995989  -0.0453401  0  0.995669  -0.0744584  -0.0556731  0  0.42043  -0.0436575  0.775011  1  
0.0521762  -0.0494417  0.997404  0  -0.0770142  -0.995989  -0.0453428  0  0.995664  -0.0744499  -0.0557757  0  0.420469  -0.0436592  0.774962  1  
0.052271  -0.0494547  0.997398  0  -0.0770143  -0.995988  -0.0453487  0  0.995659  -0.0744449  -0.0558711  0  0.420509  -0.0436616  0.774917  1  
0.0523762  -0.0494729  0.997392  0  -0.0770178  -0.995988  -0.0453588  0  0.995653  -0.0744426  -0.0559774  0  0.42055  -0.0436674  0.774866  1  
0.0524674  -0.049482  0.997386  0  -0.0770183  -0.995988  -0.045361  0  0.995648  -0.0744384  -0.056069  0  0.420589  -0.0436705  0.774823  1  
0.0525678  -0.04949  0.997381  0  -0.0770212  -0.995987  -0.0453614  0  0.995643  -0.0744363  -0.0561697  0  0.420629  -0.0436743  0.774774  1  
0.0526694  -0.0495049  0.997375  0  -0.0770286  -0.995986  -0.0453683  0  0.995637  -0.0744383  -0.0562724  0  0.420671  -0.0436825  0.774725  1  
0.0527747  -0.0495143  0.997368  0  -0.0770304  -0.995986  -0.0453697  0  0.995631  -0.0744348  -0.0563781  0  0.420714  -0.0436866  0.774673  1  
0.0528764  -0.0495275  0.997362  0  -0.077035  -0.995986  -0.0453751  0  0.995625  -0.074434  -0.0564806  0  0.420756  -0.0436913  0.774624  1  
0.0529687  -0.0495422  0.997357  0  -0.0770383  -0.995985  -0.0453826  0  0.99562  -0.0744322  -0.0565737  0  0.420796  -0.0436973  0.774579  1  
0.0530639  -0.0495535  0.997351  0  -0.0770412  -0.995985  -0.0453866  0  0.995615  -0.0744302  -0.0566696  0  0.420837  -0.0437014  0.774532  1  
0.0531572  -0.0495593  0.997346  0  -0.0770431  -0.995985  -0.0453853  0  0.99561  -0.0744275  -0.0567631  0  0.420877  -0.0437055  0.774487  1  
0.0532536  -0.0495743  0.99734  0  -0.0770451  -0.995984  -0.0453931  0  0.995604  -0.0744242  -0.0568603  0  0.420918  -0.0437094  0.774439  1  
0.0533423  -0.0495813  0.997335  0  -0.0770524  -0.995984  -0.045393  0  0.995599  -0.0744272  -0.0569495  0  0.420958  -0.0437157  0.774396  1  
0.0534424  -0.0495969  0.997329  0  -0.0770639  -0.995982  -0.0454004  0  0.995593  -0.0744331  -0.0570509  0  0.421  -0.0437236  0.774345  1  
0.0535359  -0.0496114  0.997323  0  -0.0770681  -0.995982  -0.0454077  0  0.995587  -0.0744323  -0.0571453  0  0.421041  -0.0437308  0.7743  1  
0.0536312  -0.0496196  0.997318  0  -0.0770735  -0.995981  -0.0454084  0  0.995582  -0.0744329  -0.0572411  0  0.421084  -0.0437356  0.774253  1  
0.0537262  -0.0496293  0.997312  0  -0.0770816  -0.99598  -0.0454106  0  0.995576  -0.0744361  -0.0573368  0  0.421127  -0.0437417  0.774205  1  
0.053816  -0.049642  0.997306  0  -0.0770885  -0.99598  -0.0454162  0  0.995571  -0.0744381  -0.0574276  0  0.421167  -0.0437488  0.774161  1  
0.0539152  -0.0496502  0.997301  0  -0.0770951  -0.995979  -0.0454165  0  0.995565  -0.0744398  -0.0575273  0  0.421212  -0.0437545  0.774111  1  
0.0540137  -0.0496598  0.997295  0  -0.077106  -0.995978  -0.0454181  0  0.995559  -0.0744457  -0.0576267  0  0.421254  -0.0437629  0.774062  1  
0.0541073  -0.0496706  0.997289  0  -0.0771077  -0.995978  -0.0454219  0  0.995553  -0.0744424  -0.0577208  0  0.421298  -0.0437653  0.774016  1  
0.0542024  -0.0496863  0.997283  0  -0.0771159  -0.995977  -0.0454299  0  0.995548  -0.0744454  -0.057817  0  0.421341  -0.0437722  0.773969  1  
0.0543119  -0.0496983  0.997277  0  -0.0771267  -0.995976  -0.0454331  0  0.995541  -0.0744506  -0.0579276  0  0.421389  -0.0437798  0.773916  1  
0.054412  -0.0497025  0.997271  0  -0.0771356  -0.995975  -0.0454294  0  0.995535  -0.0744546  -0.058028  0  0.421433  -0.0437868  0.773867  1  
0.054515  -0.0497201  0.997265  0  -0.0771447  -0.995974  -0.0454387  0  0.995528  -0.074458  -0.0581323  0  0.421479  -0.0437942  0.773816  1  
0.0546149  -0.0497297  0.997259  0  -0.0771536  -0.995974  -0.0454403  0  0.995522  -0.0744618  -0.0582329  0  0.421524  -0.0438007  0.773768  1  
0.0547201  -0.0497416  0.997252  0  -0.0771626  -0.995973  -0.0454438  0  0.995516  -0.0744653  -0.058339  0  0.421571  -0.0438077  0.773717  1  
0.0548237  -0.0497594  0.997246  0  -0.0771714  -0.995972  -0.0454533  0  0.995509  -0.0744684  -0.058444  0  0.421617  -0.0438157  0.773666  1  
0.0549214  -0.049759  0.99724  0  -0.0771764  -0.995972  -0.0454453  0  0.995504  -0.0744689  -0.0585415  0  0.421661  -0.0438198  0.773618  1  
0.0550195  -0.0497701  0.997234  0  -0.077186  -0.995971  -0.0454485  0  0.995497  -0.0744734  -0.0586405  0  0.421705  -0.0438265  0.773571  1  
0.0551261  -0.0497843  0.997228  0  -0.0771976  -0.995969  -0.045454  0  0.995491  -0.0744793  -0.0587483  0  0.421753  -0.043836  0.773518  1  
0.055342  -0.0498173  0.997214  0  -0.0772219  -0.995967  -0.0454695  0  0.995477  -0.0744919  -0.058967  0  0.421847  -0.0438542  0.773414  1  
0.0554461  -0.0498242  0.997208  0  -0.0772336  -0.995966  -0.0454679  0  0.99547  -0.0744984  -0.0590717  0  0.421894  -0.043862  0.773363  1  
0.055549  -0.049836  0.997202  0  -0.0772477  -0.995965  -0.0454711  0  0.995463  -0.0745071  -0.0591757  0  0.421941  -0.0438718  0.773315  1  
0.0556576  -0.0498539  0.997195  0  -0.0772652  -0.995963  -0.0454798  0  0.995456  -0.0745186  -0.059286  0  0.421989  -0.043882  0.773262  1  
0.0557707  -0.0498692  0.997188  0  -0.0772746  -0.995962  -0.045486  0  0.995449  -0.0745219  -0.0594003  0  0.422037  -0.0438903  0.773207  1  
0.0558727  -0.0498792  0.997182  0  -0.0772833  -0.995961  -0.045488  0  0.995442  -0.0745254  -0.059503  0  0.422084  -0.0438974  0.773159  1  
0.0559846  -0.0498852  0.997175  0  -0.0773004  -0.99596  -0.0454845  0  0.995435  -0.0745371  -0.0596157  0  0.422133  -0.0439073  0.773106  1  
0.0560933  -0.0499085  0.997168  0  -0.0773114  -0.995959  -0.045499  0  0.995428  -0.0745417  -0.0597263  0  0.422182  -0.0439159  0.773054  1  
0.0562034  -0.0499177  0.997161  0  -0.0773222  -0.995958  -0.0454993  0  0.995421  -0.0745469  -0.0598371  0  0.422231  -0.0439237  0.773003  1  
0.0563176  -0.0499304  0.997154  0  -0.0773339  -0.995957  -0.0455028  0  0.995413  -0.0745527  -0.0599523  0  0.42228  -0.0439314  0.772948  1  
0.0564299  -0.0499383  0.997147  0  -0.077346  -0.995956  -0.0455015  0  0.995406  -0.0745591  -0.0600654  0  0.422331  -0.0439392  0.772897  1  
0.056544  -0.0499494  0.99714  0  -0.0773589  -0.995955  -0.0455033  0  0.995399  -0.0745662  -0.0601805  0  0.422378  -0.0439485  0.772844  1  
0.0566556  -0.0499703  0.997133  0  -0.0773758  -0.995953  -0.0455148  0  0.995391  -0.0745767  -0.060294  0  0.422427  -0.0439596  0.77279  1  
0.0567643  -0.0499818  0.997126  0  -0.0773863  -0.995952  -0.0455175  0  0.995384  -0.0745816  -0.0604036  0  0.422475  -0.0439671  0.77274  1  
0.0568754  -0.049993  0.997119  0  -0.0774018  -0.995951  -0.0455194  0  0.995376  -0.0745913  -0.0605158  0  0.422525  -0.0439775  0.772688  1  
0.0569878  -0.0500014  0.997112  0  -0.0774145  -0.99595  -0.0455186  0  0.995369  -0.0745984  -0.060629  0  0.422576  -0.0439861  0.772635  1  
0.0570946  -0.0500161  0.997105  0  -0.0774254  -0.995949  -0.0455247  0  0.995362  -0.0746035  -0.060737  0  0.422625  -0.0439942  0.772584  1  
0.0572071  -0.050038  0.997098  0  -0.077437  -0.995947  -0.0455374  0  0.995355  -0.0746087  -0.0608512  0  0.422676  -0.044004  0.77253  1  
0.0573201  -0.0500444  0.997091  0  -0.0774478  -0.995946  -0.0455346  0  0.995347  -0.0746139  -0.0609648  0  0.422728  -0.0440112  0.772477  1  
0.0574213  -0.0500548  0.997085  0  -0.077458  -0.995945  -0.0455369  0  0.995341  -0.0746189  -0.0610668  0  0.422776  -0.0440197  0.772427  1  
0.057529  -0.0500697  0.997078  0  -0.0774697  -0.995944  -0.045543  0  0.995333  -0.0746247  -0.0611758  0  0.422826  -0.044029  0.772375  1  
0.0576331  -0.0500863  0.997071  0  -0.0774847  -0.995943  -0.0455509  0  0.995326  -0.074634  -0.0612814  0  0.422877  -0.0440392  0.772324  1  
0.0577467  -0.0501007  0.997064  0  -0.0774921  -0.995942  -0.0455562  0  0.995319  -0.0746353  -0.0613959  0  0.422929  -0.0440457  0.772271  1  
0.0578578  -0.0501066  0.997057  0  -0.0775051  -0.995941  -0.0455531  0  0.995312  -0.0746429  -0.0615077  0  0.422982  -0.0440556  0.772218  1  
0.0579736  -0.0501201  0.99705  0  -0.0775192  -0.99594  -0.045557  0  0.995304  -0.0746508  -0.0616247  0  0.423035  -0.0440644  0.772163  1  
0.0580803  -0.0501334  0.997043  0  -0.077528  -0.995939  -0.0455617  0  0.995297  -0.0746539  -0.0617324  0  0.423086  -0.0440719  0.772112  1  
0.0581952  -0.0501432  0.997035  0  -0.0775383  -0.995938  -0.0455623  0  0.995289  -0.0746584  -0.0618481  0  0.423141  -0.0440796  0.772057  1  
0.0583084  -0.0501497  0.997029  0  -0.0775526  -0.995937  -0.0455593  0  0.995282  -0.0746671  -0.0619619  0  0.423195  -0.0440892  0.772003  1  
0.0584214  -0.0501636  0.997021  0  -0.077568  -0.995936  -0.0455638  0  0.995274  -0.0746765  -0.0620763  0  0.423249  -0.0441012  0.771949  1  
0.058529  -0.0501783  0.997014  0  -0.07758  -0.995934  -0.0455697  0  0.995267  -0.0746826  -0.062185  0  0.423302  -0.0441102  0.771898  1  
0.0586488  -0.050188  0.997007  0  -0.0775871  -0.995934  -0.04557  0  0.995259  -0.0746836  -0.0623054  0  0.42336  -0.0441152  0.771841  1  
0.0587518  -0.0502008  0.997  0  -0.0776021  -0.995933  -0.0455741  0  0.995252  -0.0746932  -0.0624097  0  0.423413  -0.0441257  0.771791  1  
0.0588611  -0.0502098  0.996993  0  -0.0776123  -0.995932  -0.0455742  0  0.995244  -0.0746978  -0.0625198  0  0.423467  -0.044134  0.771739  1  
0.0589685  -0.0502202  0.996986  0  -0.077628  -0.99593  -0.0455756  0  0.995237  -0.0747079  -0.0626283  0  0.423521  -0.0441446  0.771686  1  
0.0590784  -0.0502307  0.996979  0  -0.0776403  -0.995929  -0.045577  0  0.995229  -0.0747146  -0.0627391  0  0.423578  -0.0441534  0.771631  1  
0.0591765  -0.050245  0.996973  0  -0.077652  -0.995928  -0.0455833  0  0.995223  -0.0747209  -0.0628384  0  0.423631  -0.0441615  0.771583  1  
0.05929  -0.0502557  0.996965  0  -0.077664  -0.995927  -0.0455847  0  0.995215  -0.0747271  -0.0629528  0  0.42369  -0.04417  0.771528  1  
0.0593996  -0.0502675  0.996958  0  -0.0776742  -0.995926  -0.0455876  0  0.995208  -0.0747315  -0.0630633  0  0.423748  -0.0441786  0.771474  1  
0.0595046  -0.050274  0.996952  0  -0.0776866  -0.995925  -0.0455854  0  0.9952  -0.0747387  -0.063169  0  0.423803  -0.0441876  0.771422  1  
0.0596099  -0.0502921  0.996944  0  -0.0776998  -0.995924  -0.0455947  0  0.995193  -0.0747459  -0.0632758  0  0.423858  -0.0441969  0.771371  1  
0.059713  -0.050306  0.996938  0  -0.0777131  -0.995923  -0.0456001  0  0.995186  -0.0747537  -0.0633802  0  0.423913  -0.0442075  0.771322  1  
0.0598316  -0.0503252  0.996929  0  -0.0777288  -0.995921  -0.0456094  0  0.995177  -0.0747627  -0.0635005  0  0.423973  -0.0442195  0.771266  1  
0.059945  -0.0503326  0.996922  0  -0.0777416  -0.99592  -0.0456074  0  0.99517  -0.0747699  -0.0636146  0  0.424031  -0.0442284  0.771213  1  
0.0600632  -0.0503398  0.996915  0  -0.077756  -0.995919  -0.0456048  0  0.995161  -0.0747784  -0.0637335  0  0.42409  -0.0442388  0.771157  1  
0.0601805  -0.0503549  0.996907  0  -0.0777692  -0.995918  -0.0456103  0  0.995153  -0.0747853  -0.0638521  0  0.424149  -0.0442483  0.771102  1  
0.0602923  -0.0503741  0.996899  0  -0.0777802  -0.995917  -0.0456203  0  0.995146  -0.0747899  -0.0639654  0  0.424206  -0.0442574  0.77105  1  
0.0604106  -0.050385  0.996891  0  -0.0777976  -0.995915  -0.0456212  0  0.995137  -0.0748012  -0.0640849  0  0.424266  -0.0442695  0.770994  1  
0.0605253  -0.0503963  0.996884  0  -0.0778065  -0.995914  -0.0456233  0  0.995129  -0.0748042  -0.0642004  0  0.424323  -0.0442763  0.770941  1  
0.0606483  -0.0504059  0.996876  0  -0.0778228  -0.995913  -0.0456226  0  0.995121  -0.0748142  -0.0643244  0  0.424382  -0.0442888  0.770887  1  
0.0607725  -0.0504168  0.996868  0  -0.0778374  -0.995912  -0.0456232  0  0.995112  -0.0748224  -0.0644496  0  0.42444  -0.044299  0.77083  1  
0.0608802  -0.0504286  0.996861  0  -0.0778495  -0.995911  -0.0456261  0  0.995104  -0.0748289  -0.0645583  0  0.424496  -0.044307  0.770782  1  
