0.0432677  -0.0481277  0.997894  0  -0.0792175  -0.99585  -0.0445944  0  0.995918  -0.0771227  -0.0469016  0  0.416711  -0.0442323  0.779143  1  
0.0432684  -0.0481273  0.997894  0  -0.0792216  -0.995849  -0.0445936  0  0.995917  -0.0771268  -0.0469024  0  0.416711  -0.044235  0.779143  1  
0.0432657  -0.0481328  0.997894  0  -0.0792235  -0.995849  -0.0445993  0  0.995917  -0.0771286  -0.0469002  0  0.41671  -0.044236  0.779143  1  
0.0432605  -0.0481311  0.997894  0  -0.0792155  -0.99585  -0.0445983  0  0.995918  -0.0771208  -0.0468946  0  0.41671  -0.0442311  0.779146  1  
0.0432647  -0.0481316  0.997894  0  -0.0792195  -0.995849  -0.0445984  0  0.995918  -0.0771246  -0.046899  0  0.41671  -0.0442337  0.779145  1  
0.0432689  -0.0481232  0.997894  0  -0.0792196  -0.99585  -0.0445897  0  0.995918  -0.0771249  -0.0469025  0  0.416709  -0.0442345  0.779142  1  
0.0432693  -0.0481229  0.997894  0  -0.0792149  -0.99585  -0.0445895  0  0.995918  -0.0771202  -0.0469027  0  0.41671  -0.0442326  0.779142  1  
0.0432689  -0.0481135  0.997895  0  -0.0792094  -0.995851  -0.0445804  0  0.995918  -0.0771152  -0.0469013  0  0.416709  -0.0442309  0.779141  1  
0.0432704  -0.0481147  0.997894  0  -0.0792076  -0.995851  -0.0445816  0  0.995919  -0.0771133  -0.0469028  0  0.416711  -0.044231  0.779138  1  
0.043274  -0.0481085  0.997895  0  -0.0792032  -0.995852  -0.0445753  0  0.995919  -0.077109  -0.0469057  0  0.416712  -0.0442294  0.779135  1  
0.0432693  -0.0481081  0.997895  0  -0.0791937  -0.995852  -0.0445757  0  0.99592  -0.0770997  -0.0469006  0  0.416712  -0.044225  0.779136  1  
0.0432712  -0.048108  0.997895  0  -0.0791925  -0.995853  -0.0445756  0  0.99592  -0.0770985  -0.0469025  0  0.416713  -0.0442257  0.779134  1  
0.0432748  -0.0481129  0.997894  0  -0.0791837  -0.995853  -0.0445806  0  0.99592  -0.0770892  -0.046906  0  0.416714  -0.0442229  0.779132  1  
0.0432792  -0.048119  0.997894  0  -0.0791713  -0.995854  -0.0445869  0  0.995921  -0.0770763  -0.0469103  0  0.416716  -0.044217  0.779131  1  
0.0432883  -0.04812  0.997893  0  -0.0791687  -0.995854  -0.0445873  0  0.995921  -0.0770733  -0.0469194  0  0.416717  -0.0442168  0.779126  1  
0.0432884  -0.0481159  0.997894  0  -0.0791641  -0.995854  -0.0445834  0  0.995921  -0.0770689  -0.0469189  0  0.416716  -0.044215  0.779125  1  
0.0432959  -0.0481137  0.997893  0  -0.0791544  -0.995855  -0.0445812  0  0.995922  -0.0770589  -0.0469258  0  0.416718  -0.0442123  0.779122  1  
0.0432974  -0.0481201  0.997893  0  -0.0791469  -0.995856  -0.0445878  0  0.995922  -0.0770511  -0.0469274  0  0.416717  -0.0442094  0.779121  1  
0.0433013  -0.0481082  0.997893  0  -0.0791299  -0.995857  -0.0445764  0  0.995923  -0.0770345  -0.0469297  0  0.41672  -0.0442018  0.779119  1  
0.0433055  -0.0481029  0.997894  0  -0.0791273  -0.995858  -0.0445709  0  0.995923  -0.0770319  -0.0469332  0  0.41672  -0.0442011  0.779117  1  
0.0433135  -0.0481014  0.997893  0  -0.0791144  -0.995859  -0.0445694  0  0.995924  -0.0770188  -0.0469405  0  0.416723  -0.0441959  0.779113  1  
0.0433172  -0.0480997  0.997893  0  -0.0791005  -0.99586  -0.0445681  0  0.995925  -0.0770048  -0.0469435  0  0.416723  -0.0441905  0.779112  1  
0.0433221  -0.0480973  0.997893  0  -0.0790895  -0.995861  -0.0445658  0  0.995926  -0.0769936  -0.0469477  0  0.416725  -0.0441852  0.779109  1  
0.0433232  -0.0480945  0.997893  0  -0.0790775  -0.995862  -0.0445635  0  0.995927  -0.0769817  -0.046948  0  0.416725  -0.0441803  0.779108  1  
0.0433244  -0.0480933  0.997893  0  -0.0790605  -0.995864  -0.044563  0  0.995928  -0.0769648  -0.0469484  0  0.416726  -0.044173  0.779106  1  
0.0433253  -0.0480968  0.997893  0  -0.0790549  -0.995864  -0.0445667  0  0.995928  -0.076959  -0.0469493  0  0.416727  -0.0441733  0.779105  1  
0.0433293  -0.0480946  0.997893  0  -0.0790375  -0.995865  -0.044565  0  0.995929  -0.0769414  -0.0469523  0  0.416729  -0.0441655  0.779104  1  
0.0433342  -0.0481038  0.997892  0  -0.0790232  -0.995866  -0.0445745  0  0.99593  -0.0769265  -0.0469573  0  0.416731  -0.0441618  0.779102  1  
0.0433308  -0.0481056  0.997892  0  -0.0790139  -0.995867  -0.0445769  0  0.995931  -0.0769173  -0.0469536  0  0.416731  -0.0441576  0.779103  1  
0.0433394  -0.0481039  0.997892  0  -0.0789927  -0.995868  -0.0445756  0  0.995933  -0.0768958  -0.0469611  0  0.416734  -0.0441491  0.7791  1  
0.0433452  -0.0480946  0.997892  0  -0.07898  -0.99587  -0.0445665  0  0.995933  -0.0768832  -0.0469656  0  0.416735  -0.0441442  0.779097  1  
0.0433471  -0.0481002  0.997892  0  -0.078964  -0.995871  -0.0445727  0  0.995935  -0.0768669  -0.0469672  0  0.416737  -0.0441395  0.779097  1  
0.0433547  -0.0481039  0.997891  0  -0.0789463  -0.995872  -0.0445766  0  0.995936  -0.0768487  -0.0469743  0  0.416741  -0.0441327  0.779094  1  
0.0433538  -0.0481061  0.997891  0  -0.0789296  -0.995873  -0.0445797  0  0.995937  -0.0768319  -0.0469728  0  0.416742  -0.0441261  0.779094  1  
0.0433585  -0.0481002  0.997891  0  -0.0789117  -0.995875  -0.0445743  0  0.995938  -0.0768141  -0.0469762  0  0.416744  -0.0441184  0.779092  1  
0.0433636  -0.0480971  0.997891  0  -0.0788889  -0.995877  -0.0445719  0  0.99594  -0.0767912  -0.04698  0  0.416748  -0.0441106  0.779091  1  
0.0433662  -0.0481042  0.997891  0  -0.0788738  -0.995878  -0.0445795  0  0.995941  -0.0767757  -0.0469825  0  0.416749  -0.0441064  0.779088  1  
0.0433694  -0.0481033  0.997891  0  -0.0788573  -0.995879  -0.0445791  0  0.995942  -0.0767591  -0.0469849  0  0.416751  -0.0440996  0.779088  1  
0.043368  -0.0481022  0.997891  0  -0.0788375  -0.995881  -0.0445791  0  0.995944  -0.0767394  -0.0469825  0  0.416752  -0.0440929  0.779088  1  
0.0433793  -0.0480983  0.997891  0  -0.0788149  -0.995883  -0.0445753  0  0.995945  -0.0767164  -0.0469924  0  0.416757  -0.0440842  0.779083  1  
0.0433886  -0.0480994  0.99789  0  -0.0787981  -0.995884  -0.0445765  0  0.995946  -0.0766992  -0.047001  0  0.41676  -0.0440794  0.77908  1  
0.0433921  -0.0481052  0.99789  0  -0.0787752  -0.995885  -0.0445831  0  0.995948  -0.0766759  -0.0470039  0  0.416764  -0.0440701  0.779078  1  
0.0434019  -0.0481049  0.997889  0  -0.0787543  -0.995887  -0.044583  0  0.995949  -0.0766545  -0.0470127  0  0.416767  -0.0440627  0.779075  1  
0.0434118  -0.0481048  0.997889  0  -0.0787376  -0.995888  -0.044583  0  0.99595  -0.0766374  -0.0470218  0  0.416772  -0.0440577  0.77907  1  
0.0434224  -0.0481096  0.997888  0  -0.078713  -0.99589  -0.0445882  0  0.995951  -0.0766121  -0.0470317  0  0.416776  -0.0440489  0.779066  1  
0.043433  -0.0481161  0.997887  0  -0.0786998  -0.995891  -0.0445944  0  0.995952  -0.0765981  -0.0470422  0  0.416781  -0.0440457  0.779061  1  
0.0434457  -0.0481168  0.997887  0  -0.0786752  -0.995893  -0.0445953  0  0.995953  -0.0765729  -0.0470537  0  0.416786  -0.0440369  0.779056  1  
0.0434501  -0.0481203  0.997886  0  -0.0786536  -0.995894  -0.0445995  0  0.995955  -0.076551  -0.0470574  0  0.416789  -0.0440294  0.779054  1  
0.0434644  -0.0481256  0.997886  0  -0.0786323  -0.995896  -0.0446047  0  0.995956  -0.0765288  -0.0470711  0  0.416793  -0.0440217  0.779047  1  
0.0434759  -0.0481235  0.997885  0  -0.0786135  -0.995897  -0.0446026  0  0.995957  -0.0765095  -0.0470816  0  0.416799  -0.0440159  0.779042  1  
0.0434785  -0.0481268  0.997885  0  -0.0785899  -0.995899  -0.0446068  0  0.995958  -0.0764857  -0.0470834  0  0.416801  -0.0440088  0.779042  1  
0.0434933  -0.0481285  0.997884  0  -0.0785691  -0.9959  -0.0446083  0  0.995959  -0.0764641  -0.0470973  0  0.416806  -0.0440003  0.779035  1  
0.0435003  -0.0481377  0.997883  0  -0.0785487  -0.995902  -0.0446179  0  0.995961  -0.076443  -0.047104  0  0.41681  -0.0439946  0.779031  1  
0.0435113  -0.0481388  0.997883  0  -0.0785196  -0.995904  -0.0446196  0  0.995962  -0.0764133  -0.0471138  0  0.416813  -0.0439844  0.779027  1  
0.0435267  -0.0481377  0.997882  0  -0.0784991  -0.995906  -0.0446183  0  0.995963  -0.0763923  -0.0471282  0  0.416819  -0.0439776  0.77902  1  
0.0435366  -0.048144  0.997881  0  -0.0784787  -0.995907  -0.0446247  0  0.995965  -0.0763711  -0.0471376  0  0.416823  -0.0439724  0.779015  1  
0.0435401  -0.0481474  0.997881  0  -0.0784524  -0.995909  -0.0446292  0  0.995967  -0.0763445  -0.0471402  0  0.416825  -0.0439623  0.779014  1  
0.0435512  -0.0481527  0.99788  0  -0.0784272  -0.99591  -0.0446348  0  0.995968  -0.0763185  -0.0471505  0  0.41683  -0.0439529  0.77901  1  
0.0435669  -0.0481535  0.99788  0  -0.0784017  -0.995912  -0.0446356  0  0.995969  -0.0762923  -0.047165  0  0.416836  -0.0439446  0.779002  1  
0.043575  -0.0481597  0.997879  0  -0.078385  -0.995913  -0.0446419  0  0.99597  -0.0762749  -0.0471728  0  0.416839  -0.0439412  0.778998  1  
0.0435852  -0.0481631  0.997878  0  -0.0783582  -0.995915  -0.0446458  0  0.995972  -0.0762475  -0.047182  0  0.416843  -0.0439309  0.778993  1  
0.0435992  -0.0481691  0.997878  0  -0.0783327  -0.995917  -0.044652  0  0.995973  -0.0762211  -0.0471953  0  0.416848  -0.0439218  0.778986  1  
0.0436114  -0.0481775  0.997877  0  -0.0783121  -0.995918  -0.0446604  0  0.995974  -0.0761996  -0.0472072  0  0.416854  -0.0439163  0.77898  1  
0.0436263  -0.0481762  0.997876  0  -0.0782887  -0.99592  -0.0446591  0  0.995976  -0.0761756  -0.0472209  0  0.416859  -0.0439086  0.778973  1  
0.0436377  -0.0481771  0.997875  0  -0.0782609  -0.995922  -0.0446605  0  0.995977  -0.0761472  -0.0472311  0  0.416864  -0.0438974  0.778968  1  
0.043655  -0.0481772  0.997875  0  -0.0782385  -0.995924  -0.0446602  0  0.995978  -0.076124  -0.0472472  0  0.41687  -0.0438908  0.778961  1  
0.0436712  -0.0481833  0.997874  0  -0.0782165  -0.995926  -0.0446661  0  0.995979  -0.0761011  -0.0472629  0  0.416875  -0.0438835  0.778952  1  
0.0436874  -0.0481867  0.997873  0  -0.0781932  -0.995927  -0.0446694  0  0.99598  -0.0760769  -0.0472782  0  0.416882  -0.0438758  0.778945  1  
0.0437081  -0.0481913  0.997872  0  -0.0781657  -0.995929  -0.0446737  0  0.995982  -0.0760482  -0.047298  0  0.41689  -0.0438662  0.778935  1  
0.0437653  -0.0482021  0.997869  0  -0.0780934  -0.995935  -0.0446836  0  0.995985  -0.0759728  -0.0473525  0  0.41691  -0.0438417  0.778908  1  
0.0437871  -0.04821  0.997867  0  -0.0780749  -0.995936  -0.0446907  0  0.995985  -0.075953  -0.0473741  0  0.416918  -0.043836  0.778896  1  
0.0438095  -0.0482081  0.997866  0  -0.0780484  -0.995938  -0.0446884  0  0.995986  -0.0759256  -0.047395  0  0.416925  -0.0438259  0.778886  1  
0.0438299  -0.0482127  0.997865  0  -0.0780228  -0.99594  -0.0446927  0  0.995988  -0.0758988  -0.0474146  0  0.416933  -0.043818  0.778876  1  
0.0438521  -0.0482169  0.997864  0  -0.078004  -0.995941  -0.044696  0  0.995988  -0.0758789  -0.0474361  0  0.41694  -0.0438118  0.778865  1  
0.0438777  -0.0482255  0.997863  0  -0.0779794  -0.995943  -0.0447039  0  0.995989  -0.0758526  -0.0474611  0  0.416949  -0.0438033  0.778853  1  
0.0438951  -0.0482257  0.997862  0  -0.0779561  -0.995944  -0.0447038  0  0.99599  -0.0758286  -0.0474775  0  0.416954  -0.0437939  0.778844  1  
0.0439189  -0.0482256  0.997861  0  -0.0779336  -0.995946  -0.0447029  0  0.995991  -0.075805  -0.0475001  0  0.416962  -0.0437866  0.778833  1  
0.0439426  -0.0482347  0.997859  0  -0.077912  -0.995947  -0.0447113  0  0.995991  -0.075782  -0.0475235  0  0.41697  -0.0437798  0.778821  1  
0.0439623  -0.0482382  0.997858  0  -0.077884  -0.99595  -0.0447146  0  0.995993  -0.0757529  -0.0475421  0  0.416977  -0.0437682  0.778811  1  
0.0439881  -0.0482466  0.997857  0  -0.0778694  -0.99595  -0.0447218  0  0.995993  -0.0757368  -0.0475678  0  0.416985  -0.0437649  0.778798  1  
0.0440127  -0.0482483  0.997856  0  -0.0778437  -0.995952  -0.0447228  0  0.995994  -0.0757099  -0.0475913  0  0.416992  -0.0437544  0.778785  1  
0.0440356  -0.0482438  0.997855  0  -0.0778187  -0.995954  -0.0447177  0  0.995994  -0.0756841  -0.0476127  0  0.417  -0.0437462  0.778775  1  
0.0440636  -0.0482559  0.997853  0  -0.0778021  -0.995955  -0.0447285  0  0.995995  -0.0756656  -0.0476407  0  0.417009  -0.0437409  0.77876  1  
0.0440845  -0.0482577  0.997852  0  -0.0777783  -0.995957  -0.0447299  0  0.995995  -0.0756408  -0.0476606  0  0.417016  -0.043732  0.778751  1  
0.0441084  -0.0482601  0.997851  0  -0.0777604  -0.995958  -0.0447314  0  0.995996  -0.0756217  -0.0476837  0  0.417025  -0.043726  0.778738  1  
0.044131  -0.0482675  0.997849  0  -0.0777417  -0.99596  -0.0447379  0  0.995996  -0.0756017  -0.047706  0  0.417032  -0.043721  0.778726  1  
0.0441579  -0.0482685  0.997848  0  -0.0777213  -0.995961  -0.0447378  0  0.995997  -0.0755799  -0.047732  0  0.41704  -0.0437147  0.778713  1  
0.0441909  -0.048273  0.997846  0  -0.0777029  -0.995962  -0.0447407  0  0.995997  -0.0755599  -0.0477643  0  0.417051  -0.0437085  0.778697  1  
0.0442129  -0.0482793  0.997845  0  -0.0776784  -0.995964  -0.0447465  0  0.995998  -0.0755341  -0.0477857  0  0.417059  -0.0436989  0.778686  1  
0.0442352  -0.0482867  0.997844  0  -0.0776607  -0.995965  -0.044753  0  0.995998  -0.0755151  -0.0478076  0  0.417066  -0.0436938  0.778674  1  
0.0442637  -0.0482882  0.997843  0  -0.0776463  -0.995966  -0.0447531  0  0.995998  -0.0754993  -0.0478355  0  0.417076  -0.0436895  0.77866  1  
0.0442953  -0.0482973  0.997841  0  -0.0776267  -0.995968  -0.0447607  0  0.995998  -0.0754779  -0.0478667  0  0.417086  -0.0436847  0.778644  1  
0.0443276  -0.0482996  0.997839  0  -0.0776129  -0.995969  -0.0447612  0  0.995998  -0.0754625  -0.0478985  0  0.417095  -0.0436798  0.778629  1  
0.0443527  -0.0483077  0.997838  0  -0.0775919  -0.99597  -0.0447684  0  0.995998  -0.0754399  -0.0479232  0  0.417104  -0.0436729  0.778615  1  
0.0443869  -0.0483192  0.997836  0  -0.0775772  -0.995971  -0.044778  0  0.995998  -0.0754232  -0.0479575  0  0.417115  -0.0436696  0.778598  1  
0.0444187  -0.0483208  0.997834  0  -0.0775596  -0.995972  -0.044778  0  0.995998  -0.075404  -0.0479885  0  0.417125  -0.0436643  0.778582  1  
0.044446  -0.048322  0.997833  0  -0.0775407  -0.995973  -0.0447781  0  0.995998  -0.0753839  -0.0480149  0  0.417133  -0.0436581  0.778567  1  
0.0444842  -0.048333  0.997831  0  -0.0775237  -0.995974  -0.0447871  0  0.995998  -0.0753647  -0.048053  0  0.417146  -0.0436535  0.778548  1  
0.0445175  -0.0483419  0.997829  0  -0.077506  -0.995975  -0.0447942  0  0.995997  -0.0753451  -0.048086  0  0.417157  -0.0436479  0.778531  1  
0.0445563  -0.0483467  0.997827  0  -0.0774867  -0.995977  -0.044797  0  0.995997  -0.0753237  -0.0481242  0  0.417168  -0.0436417  0.778513  1  
0.0445873  -0.0483511  0.997825  0  -0.0774729  -0.995978  -0.0447997  0  0.995997  -0.0753083  -0.0481548  0  0.417179  -0.0436381  0.778496  1  
0.0446232  -0.0483616  0.997823  0  -0.0774564  -0.995979  -0.0448083  0  0.995997  -0.0752898  -0.0481906  0  0.41719  -0.0436345  0.778478  1  
0.0446607  -0.0483588  0.997821  0  -0.0774302  -0.995981  -0.0448039  0  0.995997  -0.0752619  -0.0482266  0  0.417201  -0.0436235  0.77846  1  
0.0446974  -0.0483686  0.997819  0  -0.0774199  -0.995981  -0.0448115  0  0.995996  -0.0752496  -0.0482634  0  0.417213  -0.0436217  0.77844  1  
0.0447345  -0.048381  0.997817  0  -0.0774031  -0.995982  -0.0448219  0  0.995996  -0.0752305  -0.0483006  0  0.417224  -0.0436176  0.77842  1  
0.0447726  -0.0483875  0.997815  0  -0.0773845  -0.995983  -0.0448264  0  0.995995  -0.0752098  -0.0483381  0  0.417236  -0.0436117  0.778402  1  
0.0448134  -0.0483928  0.997813  0  -0.0773735  -0.995984  -0.0448291  0  0.995994  -0.0751968  -0.0483787  0  0.417249  -0.0436098  0.77838  1  
0.0448513  -0.0484005  0.997811  0  -0.0773585  -0.995985  -0.0448347  0  0.995994  -0.0751797  -0.0484163  0  0.417261  -0.0436058  0.778361  1  
0.0448895  -0.0484106  0.997809  0  -0.0773364  -0.995986  -0.044843  0  0.995994  -0.0751554  -0.0484541  0  0.417272  -0.0435995  0.778341  1  
0.0449289  -0.048414  0.997807  0  -0.0773249  -0.995987  -0.044844  0  0.995993  -0.075142  -0.0484931  0  0.417284  -0.0435963  0.77832  1  
0.0449724  -0.0484243  0.997804  0  -0.077308  -0.995988  -0.0448518  0  0.995992  -0.0751226  -0.0485365  0  0.417297  -0.0435921  0.778298  1  
0.0450105  -0.0484239  0.997803  0  -0.0772955  -0.995989  -0.0448491  0  0.995992  -0.0751084  -0.0485739  0  0.417309  -0.0435897  0.778279  1  
0.0450554  -0.0484299  0.9978  0  -0.0772805  -0.99599  -0.0448524  0  0.995991  -0.0750911  -0.0486184  0  0.417322  -0.0435857  0.778256  1  
0.0450957  -0.0484439  0.997798  0  -0.077265  -0.995991  -0.0448642  0  0.99599  -0.0750731  -0.0486589  0  0.417335  -0.0435816  0.778234  1  
0.0451391  -0.0484532  0.997795  0  -0.0772519  -0.995992  -0.0448709  0  0.995989  -0.0750576  -0.0487023  0  0.417347  -0.0435787  0.778213  1  
0.0451836  -0.0484517  0.997793  0  -0.0772337  -0.995993  -0.0448669  0  0.995989  -0.0750375  -0.0487456  0  0.41736  -0.0435723  0.778189  1  
0.0452306  -0.048463  0.997791  0  -0.0772197  -0.995994  -0.0448753  0  0.995988  -0.0750208  -0.0487927  0  0.417374  -0.04357  0.778164  1  
0.0452728  -0.0484769  0.997788  0  -0.0772056  -0.995995  -0.0448867  0  0.995987  -0.0750042  -0.0488351  0  0.417387  -0.0435667  0.778142  1  
0.0453178  -0.0484893  0.997785  0  -0.0771932  -0.995995  -0.0448963  0  0.995986  -0.0749891  -0.0488803  0  0.417401  -0.0435657  0.778119  1  
0.0453616  -0.0484911  0.997783  0  -0.0771772  -0.995996  -0.0448956  0  0.995985  -0.074971  -0.0489234  0  0.417414  -0.0435604  0.778096  1  
0.0454082  -0.0484993  0.997781  0  -0.0771613  -0.995997  -0.0449011  0  0.995984  -0.0749526  -0.0489697  0  0.417428  -0.0435558  0.778072  1  
0.0454572  -0.0485096  0.997778  0  -0.0771474  -0.995998  -0.0449083  0  0.995983  -0.074936  -0.0490186  0  0.417442  -0.0435523  0.778046  1  
0.0455098  -0.048515  0.997775  0  -0.0771354  -0.995999  -0.0449104  0  0.995981  -0.0749214  -0.0490709  0  0.417457  -0.0435492  0.778019  1  
0.0455536  -0.0485278  0.997773  0  -0.0771162  -0.996  -0.0449209  0  0.995981  -0.0748996  -0.0491146  0  0.417471  -0.0435433  0.777996  1  
0.0455981  -0.048531  0.997771  0  -0.0771021  -0.996001  -0.0449214  0  0.99598  -0.0748834  -0.0491586  0  0.417484  -0.0435389  0.777973  1  
0.0456499  -0.0485411  0.997768  0  -0.0770915  -0.996002  -0.0449281  0  0.995978  -0.0748699  -0.0492104  0  0.4175  -0.0435373  0.777946  1  
0.0456968  -0.0485495  0.997765  0  -0.0770761  -0.996003  -0.0449337  0  0.995977  -0.0748519  -0.0492571  0  0.417513  -0.0435342  0.777922  1  
0.045745  -0.0485547  0.997763  0  -0.0770619  -0.996003  -0.044936  0  0.995976  -0.0748354  -0.0493049  0  0.417528  -0.0435287  0.777897  1  
0.0458002  -0.0485616  0.99776  0  -0.0770462  -0.996005  -0.0449395  0  0.995975  -0.0748168  -0.0493596  0  0.417544  -0.043524  0.777868  1  
0.045845  -0.0485695  0.997757  0  -0.0770287  -0.996006  -0.0449449  0  0.995974  -0.0747969  -0.0494041  0  0.417557  -0.0435199  0.777845  1  
0.0458987  -0.048574  0.997755  0  -0.0770115  -0.996007  -0.0449463  0  0.995973  -0.0747771  -0.0494572  0  0.417573  -0.0435134  0.777817  1  
0.0459495  -0.048575  0.997752  0  -0.0769988  -0.996008  -0.044944  0  0.995972  -0.0747621  -0.0495072  0  0.417586  -0.0435098  0.777791  1  
0.0460053  -0.0485893  0.997749  0  -0.0769869  -0.996008  -0.0449547  0  0.99597  -0.0747469  -0.0495633  0  0.417602  -0.0435073  0.777761  1  
0.0460522  -0.0485938  0.997747  0  -0.0769698  -0.99601  -0.0449566  0  0.995969  -0.0747274  -0.0496096  0  0.417617  -0.0435015  0.777737  1  
0.0461094  -0.0486098  0.997743  0  -0.0769573  -0.99601  -0.0449689  0  0.995968  -0.0747116  -0.0496672  0  0.417633  -0.0435  0.777707  1  
0.0461594  -0.0486135  0.997741  0  -0.0769407  -0.996011  -0.0449696  0  0.995967  -0.0746926  -0.0497166  0  0.417647  -0.0434951  0.77768  1  
0.0462165  -0.0486228  0.997738  0  -0.0769268  -0.996012  -0.0449754  0  0.995965  -0.0746756  -0.0497735  0  0.417664  -0.0434912  0.77765  1  
0.0462739  -0.0486297  0.997735  0  -0.0769084  -0.996013  -0.0449789  0  0.995964  -0.0746543  -0.0498304  0  0.41768  -0.0434843  0.77762  1  
0.046324  -0.0486397  0.997732  0  -0.0768941  -0.996014  -0.0449859  0  0.995962  -0.0746372  -0.0498804  0  0.417695  -0.0434818  0.777593  1  
0.0463807  -0.0486521  0.997729  0  -0.0768841  -0.996015  -0.0449945  0  0.995961  -0.0746241  -0.0499374  0  0.417711  -0.0434819  0.777564  1  
0.0464423  -0.0486538  0.997726  0  -0.0768648  -0.996016  -0.0449925  0  0.995959  -0.0746018  -0.049998  0  0.417729  -0.0434745  0.777531  1  
0.0464971  -0.0486634  0.997723  0  -0.0768506  -0.996017  -0.0449987  0  0.995958  -0.0745848  -0.0500527  0  0.417744  -0.0434706  0.777502  1  
0.0465557  -0.0486722  0.99772  0  -0.0768366  -0.996018  -0.0450038  0  0.995956  -0.0745677  -0.050111  0  0.41776  -0.0434678  0.777472  1  
0.0466137  -0.0486881  0.997716  0  -0.0768262  -0.996018  -0.0450159  0  0.995954  -0.0745538  -0.0501695  0  0.417777  -0.0434666  0.77744  1  
0.0466723  -0.0486973  0.997713  0  -0.0768116  -0.996019  -0.0450214  0  0.995953  -0.0745362  -0.050228  0  0.417793  -0.043463  0.777409  1  
0.0467343  -0.0487002  0.99771  0  -0.0767956  -0.99602  -0.0450205  0  0.995951  -0.0745172  -0.0502892  0  0.417811  -0.0434579  0.777377  1  
0.0467945  -0.0487137  0.997706  0  -0.0767822  -0.996021  -0.0450302  0  0.995949  -0.0745003  -0.0503496  0  0.417828  -0.0434566  0.777345  1  
0.0468607  -0.04872  0.997703  0  -0.0767681  -0.996022  -0.0450322  0  0.995947  -0.0744829  -0.0504154  0  0.417847  -0.0434525  0.77731  1  
0.0469236  -0.0487365  0.997699  0  -0.0767516  -0.996023  -0.0450448  0  0.995945  -0.0744628  -0.0504786  0  0.417866  -0.0434483  0.777277  1  
0.0469823  -0.0487467  0.997696  0  -0.0767409  -0.996023  -0.0450512  0  0.995943  -0.0744489  -0.0505373  0  0.417882  -0.0434471  0.777246  1  
0.0470415  -0.0487556  0.997693  0  -0.0767265  -0.996024  -0.0450564  0  0.995942  -0.0744314  -0.0505963  0  0.417899  -0.0434434  0.777215  1  
0.0471158  -0.0487577  0.997689  0  -0.0767111  -0.996025  -0.0450537  0  0.995939  -0.0744125  -0.0506697  0  0.417921  -0.0434384  0.777177  1  
0.0471767  -0.0487739  0.997685  0  -0.0767041  -0.996025  -0.0450657  0  0.995937  -0.0744019  -0.0507314  0  0.417938  -0.0434396  0.777144  1  
0.047242  -0.0487869  0.997682  0  -0.0766873  -0.996026  -0.0450747  0  0.995935  -0.0743815  -0.0507966  0  0.417957  -0.0434342  0.77711  1  
0.0473043  -0.0487994  0.997678  0  -0.0766769  -0.996027  -0.045083  0  0.995933  -0.0743677  -0.0508591  0  0.417975  -0.0434333  0.777076  1  
0.0473687  -0.0488046  0.997675  0  -0.0766631  -0.996028  -0.0450841  0  0.995931  -0.0743507  -0.050923  0  0.417993  -0.043431  0.777043  1  
0.0474352  -0.0488108  0.997671  0  -0.0766485  -0.996029  -0.0450861  0  0.995929  -0.0743328  -0.0509891  0  0.418011  -0.0434265  0.777008  1  
0.0475029  -0.048825  0.997667  0  -0.0766381  -0.996029  -0.0450958  0  0.995927  -0.0743186  -0.0510571  0  0.418031  -0.043426  0.776972  1  
0.0475645  -0.0488351  0.997664  0  -0.076629  -0.996029  -0.0451017  0  0.995924  -0.0743062  -0.0511188  0  0.418049  -0.0434241  0.776939  1  
0.0476365  -0.0488449  0.99766  0  -0.0766129  -0.99603  -0.045107  0  0.995922  -0.0742863  -0.0511905  0  0.418069  -0.0434194  0.776902  1  
0.0476982  -0.048858  0.997657  0  -0.0766055  -0.996031  -0.0451159  0  0.99592  -0.0742755  -0.0512526  0  0.418086  -0.0434197  0.776869  1  
0.0477717  -0.0488689  0.997652  0  -0.0765969  -0.996031  -0.0451217  0  0.995917  -0.074263  -0.0513263  0  0.418107  -0.0434203  0.776831  1  
0.0478351  -0.0488825  0.997649  0  -0.0765898  -0.996031  -0.0451309  0  0.995914  -0.0742523  -0.0513902  0  0.418126  -0.0434202  0.776796  1  
0.0479046  -0.0488835  0.997645  0  -0.0765738  -0.996032  -0.0451276  0  0.995912  -0.0742331  -0.0514588  0  0.418146  -0.043414  0.77676  1  
0.0479693  -0.0488966  0.997642  0  -0.0765643  -0.996033  -0.0451363  0  0.99591  -0.07422  -0.0515238  0  0.418164  -0.0434127  0.776726  1  
0.0480407  -0.04891  0.997638  0  -0.0765577  -0.996033  -0.0451448  0  0.995907  -0.0742095  -0.0515955  0  0.418183  -0.0434139  0.776688  1  
0.048105  -0.048919  0.997634  0  -0.0765427  -0.996034  -0.0451497  0  0.995905  -0.0741911  -0.0516596  0  0.418202  -0.0434102  0.776653  1  
0.0481811  -0.0489308  0.99763  0  -0.0765368  -0.996034  -0.0451561  0  0.995902  -0.0741811  -0.051736  0  0.418223  -0.0434093  0.776613  1  
0.0482351  -0.0489431  0.997627  0  -0.076527  -0.996034  -0.0451649  0  0.9959  -0.0741683  -0.0517903  0  0.418239  -0.0434091  0.776584  1  
0.0483097  -0.0489485  0.997623  0  -0.0765193  -0.996035  -0.0451652  0  0.995897  -0.0741569  -0.0518647  0  0.418259  -0.0434066  0.776544  1  
0.0483753  -0.0489604  0.997619  0  -0.0765105  -0.996035  -0.0451727  0  0.995894  -0.0741445  -0.0519305  0  0.418277  -0.0434063  0.77651  1  
0.0484538  -0.0489722  0.997615  0  -0.0764972  -0.996036  -0.0451792  0  0.995892  -0.074127  -0.052009  0  0.418299  -0.0434035  0.776469  1  
0.0485213  -0.0489818  0.997611  0  -0.0764909  -0.996036  -0.0451841  0  0.995889  -0.0741172  -0.0520766  0  0.41832  -0.0434039  0.776433  1  
0.0485885  -0.0489917  0.997607  0  -0.0764864  -0.996036  -0.0451893  0  0.995886  -0.0741091  -0.0521441  0  0.418339  -0.043404  0.776397  1  
0.0486673  -0.0490002  0.997603  0  -0.0764771  -0.996037  -0.0451924  0  0.995883  -0.0740958  -0.0522228  0  0.41836  -0.0434015  0.776356  1  
0.048741  -0.0490092  0.997599  0  -0.0764729  -0.996037  -0.0451961  0  0.99588  -0.0740878  -0.0522968  0  0.418381  -0.0434031  0.776318  1  
0.04881  -0.0490211  0.997595  0  -0.0764621  -0.996038  -0.0452035  0  0.995877  -0.0740732  -0.0523659  0  0.418401  -0.0434008  0.77628  1  
0.048888  -0.0490328  0.99759  0  -0.0764562  -0.996038  -0.0452096  0  0.995874  -0.0740632  -0.0524442  0  0.418424  -0.0434003  0.77624  1  
0.0489608  -0.0490391  0.997586  0  -0.0764542  -0.996038  -0.0452106  0  0.99587  -0.0740575  -0.0525171  0  0.418444  -0.0434021  0.776201  1  
0.0490339  -0.0490458  0.997583  0  -0.0764457  -0.996038  -0.0452124  0  0.995867  -0.0740454  -0.05259  0  0.418466  -0.0434003  0.776163  1  
0.049108  -0.049055  0.997578  0  -0.0764394  -0.996039  -0.0452164  0  0.995864  -0.0740352  -0.0526642  0  0.418486  -0.0434003  0.776124  1  
0.0491884  -0.0490681  0.997574  0  -0.0764387  -0.996039  -0.0452235  0  0.99586  -0.0740302  -0.0527452  0  0.418509  -0.0434031  0.776081  1  
0.0492585  -0.04908  0.99757  0  -0.0764307  -0.996039  -0.0452306  0  0.995857  -0.0740184  -0.0528156  0  0.418529  -0.0434018  0.776044  1  
0.049338  -0.0490924  0.997565  0  -0.0764308  -0.996038  -0.0452371  0  0.995853  -0.0740142  -0.0528958  0  0.418551  -0.0434044  0.776002  1  
0.0494188  -0.0491025  0.997561  0  -0.0764217  -0.996039  -0.0452417  0  0.99585  -0.0740009  -0.0529765  0  0.418573  -0.0434018  0.77596  1  
0.0495005  -0.0491154  0.997556  0  -0.076422  -0.996039  -0.0452485  0  0.995846  -0.0739968  -0.0530589  0  0.418597  -0.0434043  0.775916  1  
0.0495819  -0.0491232  0.997552  0  -0.0764194  -0.996039  -0.0452504  0  0.995842  -0.0739901  -0.0531405  0  0.41862  -0.0434063  0.775874  1  
0.049658  -0.0491337  0.997547  0  -0.0764141  -0.996039  -0.0452555  0  0.995839  -0.0739809  -0.0532169  0  0.418641  -0.0434048  0.775834  1  
0.0497336  -0.0491465  0.997543  0  -0.0764118  -0.996039  -0.0452628  0  0.995835  -0.0739743  -0.0532929  0  0.418662  -0.0434069  0.775793  1  
0.0498182  -0.0491565  0.997538  0  -0.0764131  -0.996039  -0.0452664  0  0.995831  -0.0739713  -0.0533781  0  0.418686  -0.0434094  0.775748  1  
0.0498967  -0.0491665  0.997534  0  -0.0764076  -0.996039  -0.0452709  0  0.995827  -0.0739617  -0.0534568  0  0.418708  -0.0434084  0.775707  1  
0.0499752  -0.0491741  0.99753  0  -0.0764063  -0.996039  -0.0452727  0  0.995823  -0.0739564  -0.0535354  0  0.41873  -0.0434097  0.775665  1  
0.0500519  -0.0491892  0.997525  0  -0.0764088  -0.996038  -0.045282  0  0.995819  -0.0739546  -0.0536131  0  0.418751  -0.0434146  0.775624  1  
0.0501383  -0.049202  0.99752  0  -0.0764102  -0.996038  -0.0452883  0  0.995815  -0.0739515  -0.0537003  0  0.418775  -0.0434175  0.775578  1  
0.0502156  -0.0492126  0.997516  0  -0.0764111  -0.996037  -0.0452931  0  0.995811  -0.0739483  -0.0537781  0  0.418796  -0.0434203  0.775536  1  
0.0502976  -0.0492164  0.997511  0  -0.0764128  -0.996037  -0.0452907  0  0.995807  -0.073946  -0.0538601  0  0.418818  -0.0434221  0.775493  1  
0.050372  -0.0492317  0.997507  0  -0.0764184  -0.996037  -0.0453002  0  0.995803  -0.0739474  -0.0539356  0  0.418838  -0.0434281  0.775453  1  
0.050454  -0.0492425  0.997502  0  -0.0764131  -0.996037  -0.0453051  0  0.995799  -0.0739378  -0.0540178  0  0.418861  -0.043427  0.775409  1  
0.0505319  -0.0492618  0.997497  0  -0.0764167  -0.996036  -0.0453185  0  0.995795  -0.0739369  -0.0540971  0  0.418881  -0.0434311  0.775366  1  
0.0506077  -0.0492656  0.997493  0  -0.0764193  -0.996036  -0.0453165  0  0.995791  -0.0739358  -0.054173  0  0.418902  -0.0434343  0.775325  1  
0.0506921  -0.0492697  0.997489  0  -0.076424  -0.996036  -0.0453141  0  0.995786  -0.0739365  -0.0542576  0  0.418925  -0.0434383  0.775281  1  
0.0507775  -0.0492839  0.997484  0  -0.0764288  -0.996035  -0.0453217  0  0.995781  -0.0739366  -0.0543439  0  0.418948  -0.043443  0.775234  1  
0.0508613  -0.0492965  0.997479  0  -0.0764296  -0.996034  -0.045328  0  0.995777  -0.0739329  -0.0544284  0  0.41897  -0.0434448  0.775189  1  
0.0509425  -0.0493143  0.997474  0  -0.0764365  -0.996033  -0.0453393  0  0.995772  -0.0739351  -0.0545109  0  0.418993  -0.0434511  0.775146  1  
0.0510225  -0.0493222  0.997469  0  -0.0764424  -0.996033  -0.045341  0  0.995768  -0.073937  -0.0545914  0  0.419014  -0.0434549  0.775102  1  
0.0511132  -0.0493303  0.997464  0  -0.0764515  -0.996032  -0.0453419  0  0.995762  -0.0739415  -0.0546828  0  0.419037  -0.0434603  0.775054  1  
0.0511903  -0.04934  0.99746  0  -0.0764547  -0.996032  -0.0453457  0  0.995758  -0.0739407  -0.0547605  0  0.41906  -0.0434643  0.775013  1  
0.0512866  -0.0493563  0.997454  0  -0.0764555  -0.996031  -0.0453547  0  0.995753  -0.0739362  -0.0548576  0  0.419086  -0.0434662  0.774961  1  
0.0513642  -0.0493667  0.997449  0  -0.0764576  -0.996031  -0.0453592  0  0.995749  -0.0739342  -0.0549358  0  0.419107  -0.043468  0.77492  1  
0.051448  -0.0493779  0.997445  0  -0.0764687  -0.99603  -0.0453636  0  0.995744  -0.0739408  -0.0550207  0  0.419129  -0.0434753  0.774873  1  
0.0515347  -0.0493836  0.99744  0  -0.0764736  -0.99603  -0.0453626  0  0.995739  -0.0739415  -0.0551077  0  0.419152  -0.0434797  0.774828  1  
0.0516233  -0.0493951  0.997435  0  -0.0764791  -0.996029  -0.0453672  0  0.995734  -0.0739423  -0.055197  0  0.419176  -0.0434843  0.77478  1  
0.0517098  -0.0494065  0.99743  0  -0.0764856  -0.996028  -0.0453718  0  0.995729  -0.0739443  -0.0552844  0  0.419199  -0.0434876  0.774733  1  
0.0518013  -0.0494189  0.997424  0  -0.076492  -0.996027  -0.0453771  0  0.995724  -0.0739458  -0.0553767  0  0.419224  -0.0434917  0.774684  1  
0.0518896  -0.0494281  0.997419  0  -0.0765002  -0.996027  -0.0453792  0  0.995718  -0.0739495  -0.0554657  0  0.419247  -0.0434968  0.774637  1  
0.0519878  -0.0494362  0.997414  0  -0.0765055  -0.996026  -0.0453798  0  0.995713  -0.0739498  -0.0555645  0  0.419274  -0.0435006  0.774584  1  
0.0520785  -0.0494468  0.997408  0  -0.0765125  -0.996026  -0.0453832  0  0.995708  -0.0739521  -0.0556559  0  0.419297  -0.0435051  0.774535  1  
0.052169  -0.0494625  0.997403  0  -0.076523  -0.996024  -0.0453916  0  0.995702  -0.0739576  -0.0557477  0  0.419322  -0.0435114  0.774485  1  
0.0522696  -0.0494706  0.997397  0  -0.0765286  -0.996024  -0.0453919  0  0.995696  -0.0739582  -0.0558487  0  0.419348  -0.0435143  0.774432  1  
0.0523539  -0.0494813  0.997392  0  -0.0765357  -0.996023  -0.045396  0  0.995691  -0.0739609  -0.0559339  0  0.41937  -0.0435203  0.774386  1  
0.0525391  -0.0495055  0.997381  0  -0.0765507  -0.996022  -0.0454056  0  0.99568  -0.0739661  -0.0561209  0  0.419417  -0.0435298  0.774285  1  
0.052635  -0.0495142  0.997376  0  -0.0765531  -0.996021  -0.045407  0  0.995675  -0.0739637  -0.0562171  0  0.419442  -0.0435319  0.774233  1  
0.0527281  -0.0495295  0.99737  0  -0.0765626  -0.99602  -0.0454148  0  0.995669  -0.073968  -0.0563114  0  0.419466  -0.0435376  0.774182  1  
0.0528175  -0.049541  0.997365  0  -0.07657  -0.99602  -0.0454192  0  0.995664  -0.0739708  -0.0564017  0  0.419489  -0.0435424  0.774133  1  
0.0529125  -0.0495511  0.997359  0  -0.0765766  -0.996019  -0.0454219  0  0.995659  -0.0739725  -0.0564974  0  0.419514  -0.0435476  0.774082  1  
0.053008  -0.0495601  0.997354  0  -0.0765891  -0.996018  -0.0454231  0  0.995653  -0.07398  -0.0565937  0  0.419539  -0.0435554  0.774029  1  
0.0531003  -0.0495751  0.997348  0  -0.0765956  -0.996017  -0.0454309  0  0.995647  -0.0739815  -0.0566871  0  0.419562  -0.043559  0.773978  1  
0.0532008  -0.0495905  0.997342  0  -0.0766049  -0.996016  -0.0454383  0  0.995641  -0.0739853  -0.0567888  0  0.419588  -0.0435664  0.773923  1  
0.0533  -0.0496013  0.997336  0  -0.0766128  -0.996015  -0.0454412  0  0.995635  -0.0739882  -0.0568888  0  0.419612  -0.0435708  0.773869  1  
0.0533975  -0.0496157  0.99733  0  -0.0766205  -0.996014  -0.0454479  0  0.995629  -0.0739905  -0.0569873  0  0.419637  -0.0435757  0.773816  1  
0.0534954  -0.0496266  0.997325  0  -0.0766253  -0.996014  -0.0454513  0  0.995624  -0.0739902  -0.0570859  0  0.419662  -0.0435798  0.773763  1  
0.0535898  -0.0496349  0.997319  0  -0.0766351  -0.996013  -0.045452  0  0.995618  -0.0739953  -0.057181  0  0.419685  -0.0435842  0.773711  1  
0.0536842  -0.049645  0.997313  0  -0.0766414  -0.996012  -0.0454548  0  0.995612  -0.0739967  -0.0572761  0  0.419709  -0.0435887  0.773658  1  
0.0537762  -0.0496565  0.997308  0  -0.0766468  -0.996012  -0.0454591  0  0.995607  -0.0739973  -0.0573688  0  0.419732  -0.0435918  0.773607  1  
0.053874  -0.0496667  0.997302  0  -0.0766596  -0.996011  -0.0454613  0  0.995601  -0.0740051  -0.0574677  0  0.419757  -0.0436003  0.773554  1  
0.0539706  -0.0496784  0.997296  0  -0.0766632  -0.99601  -0.0454656  0  0.995595  -0.0740035  -0.0575649  0  0.41978  -0.0436029  0.773501  1  
0.0540721  -0.0496942  0.99729  0  -0.07667  -0.996009  -0.0454734  0  0.995589  -0.0740048  -0.0576675  0  0.419804  -0.0436069  0.773445  1  
0.0541678  -0.0497017  0.997284  0  -0.0766843  -0.996008  -0.045473  0  0.995583  -0.0740143  -0.057764  0  0.419828  -0.0436136  0.773391  1  
0.0542704  -0.0497105  0.997278  0  -0.0766859  -0.996008  -0.0454741  0  0.995577  -0.0740107  -0.0578669  0  0.419853  -0.0436161  0.773334  1  
0.054376  -0.0497201  0.997272  0  -0.0766982  -0.996007  -0.045475  0  0.99557  -0.0740176  -0.0579735  0  0.419878  -0.0436222  0.773277  1  
0.0544736  -0.0497329  0.997266  0  -0.0767044  -0.996006  -0.0454802  0  0.995565  -0.0740186  -0.0580719  0  0.419902  -0.0436276  0.773221  1  
0.0545767  -0.0497504  0.99726  0  -0.0767155  -0.996005  -0.0454895  0  0.995558  -0.0740241  -0.0581764  0  0.419927  -0.0436339  0.773165  1  
0.0546769  -0.0497653  0.997254  0  -0.0767255  -0.996004  -0.0454963  0  0.995552  -0.0740286  -0.0582779  0  0.419952  -0.0436405  0.773109  1  
0.0547859  -0.0497713  0.997247  0  -0.0767273  -0.996004  -0.045494  0  0.995546  -0.0740251  -0.0583869  0  0.419979  -0.0436417  0.77305  1  
0.0548885  -0.0497864  0.997241  0  -0.0767362  -0.996003  -0.045501  0  0.995539  -0.0740284  -0.0584906  0  0.420003  -0.0436472  0.772993  1  
0.0549894  -0.0497949  0.997235  0  -0.0767432  -0.996002  -0.0455016  0  0.995533  -0.0740303  -0.0585921  0  0.420027  -0.0436522  0.772937  1  
0.0550931  -0.0498086  0.997228  0  -0.0767482  -0.996002  -0.0455073  0  0.995527  -0.0740298  -0.0586967  0  0.420053  -0.043656  0.77288  1  
0.0551945  -0.0498225  0.997222  0  -0.0767596  -0.996001  -0.045513  0  0.995521  -0.0740357  -0.0587993  0  0.420076  -0.0436623  0.772823  1  
0.0553087  -0.0498353  0.997215  0  -0.0767681  -0.996  -0.0455167  0  0.995514  -0.0740382  -0.0589144  0  0.420104  -0.0436677  0.77276  1  
0.0554112  -0.0498486  0.997209  0  -0.0767744  -0.995999  -0.045522  0  0.995507  -0.0740392  -0.0590177  0  0.420129  -0.0436734  0.772703  1  
0.05552  -0.0498642  0.997202  0  -0.0767807  -0.995998  -0.0455292  0  0.995501  -0.0740395  -0.0591276  0  0.420154  -0.0436776  0.772642  1  
0.0556251  -0.0498796  0.997195  0  -0.0767857  -0.995998  -0.0455364  0  0.995495  -0.0740388  -0.0592336  0  0.42018  -0.0436815  0.772583  1  
0.0557365  -0.0498925  0.997189  0  -0.0767983  -0.995996  -0.0455403  0  0.995487  -0.0740456  -0.0593461  0  0.420207  -0.0436889  0.772522  1  
0.0558395  -0.0499068  0.997182  0  -0.076807  -0.995995  -0.0455465  0  0.995481  -0.0740487  -0.0594502  0  0.420231  -0.0436948  0.772464  1  
0.0559451  -0.0499179  0.997176  0  -0.0768133  -0.995995  -0.0455493  0  0.995475  -0.0740495  -0.0595565  0  0.420257  -0.0436992  0.772405  1  
0.0560553  -0.0499351  0.997169  0  -0.0768235  -0.995994  -0.0455577  0  0.995468  -0.0740536  -0.0596681  0  0.420284  -0.0437052  0.772343  1  
0.0561623  -0.0499463  0.997162  0  -0.0768333  -0.995993  -0.0455603  0  0.995461  -0.0740579  -0.0597759  0  0.420308  -0.0437121  0.772283  1  
0.0562685  -0.049955  0.997156  0  -0.076842  -0.995992  -0.0455606  0  0.995454  -0.0740612  -0.0598827  0  0.420334  -0.0437166  0.772223  1  
0.056379  -0.0499672  0.997149  0  -0.0768501  -0.995991  -0.0455641  0  0.995447  -0.0740636  -0.0599942  0  0.42036  -0.043723  0.772162  1  
0.0564804  -0.0499817  0.997142  0  -0.0768614  -0.99599  -0.0455704  0  0.995441  -0.0740694  -0.0600968  0  0.420383  -0.0437298  0.772105  1  
0.0565924  -0.0499978  0.997135  0  -0.0768676  -0.995989  -0.0455778  0  0.995434  -0.0740695  -0.0602098  0  0.420409  -0.0437345  0.772041  1  
0.0567027  -0.050017  0.997128  0  -0.0768802  -0.995988  -0.045588  0  0.995427  -0.0740759  -0.0603217  0  0.420434  -0.0437419  0.771978  1  
0.0568092  -0.0500265  0.997121  0  -0.0768872  -0.995987  -0.0455891  0  0.99542  -0.0740774  -0.0604288  0  0.420459  -0.0437454  0.77192  1  
0.0569209  -0.0500384  0.997114  0  -0.0768965  -0.995986  -0.0455922  0  0.995413  -0.0740809  -0.0605414  0  0.420485  -0.0437514  0.771856  1  
0.0570294  -0.0500574  0.997107  0  -0.0769071  -0.995985  -0.0456024  0  0.995406  -0.0740853  -0.0606514  0  0.420509  -0.0437597  0.771794  1  
0.057137  -0.0500672  0.9971  0  -0.0769136  -0.995985  -0.0456038  0  0.995399  -0.0740864  -0.0607596  0  0.420534  -0.0437629  0.771734  1  
0.057244  -0.0500868  0.997093  0  -0.0769236  -0.995983  -0.0456147  0  0.995392  -0.0740903  -0.0608681  0  0.420558  -0.0437695  0.771673  1  
0.0573563  -0.0501002  0.997086  0  -0.0769302  -0.995983  -0.0456194  0  0.995385  -0.0740909  -0.0609813  0  0.420584  -0.043774  0.77161  1  
0.0574662  -0.0501112  0.997079  0  -0.0769415  -0.995982  -0.0456215  0  0.995378  -0.0740965  -0.061092  0  0.420609  -0.0437809  0.771547  1  
0.0575762  -0.0501212  0.997073  0  -0.0769488  -0.995981  -0.0456229  0  0.995371  -0.0740982  -0.0612028  0  0.420634  -0.0437856  0.771485  1  
0.057688  -0.0501426  0.997065  0  -0.0769583  -0.99598  -0.0456354  0  0.995364  -0.0741013  -0.0613162  0  0.42066  -0.0437927  0.771421  1  
0.0578026  -0.0501499  0.997058  0  -0.076966  -0.995979  -0.0456337  0  0.995357  -0.0741033  -0.0614312  0  0.420686  -0.043796  0.771357  1  
0.0579119  -0.0501611  0.997051  0  -0.0769766  -0.995978  -0.0456361  0  0.99535  -0.0741081  -0.0615414  0  0.42071  -0.0438027  0.771295  1  
0.0580257  -0.0501713  0.997044  0  -0.0769874  -0.995977  -0.0456372  0  0.995342  -0.0741131  -0.0616561  0  0.420735  -0.0438095  0.771232  1  
