0.0432317  -0.0480985  0.997897  0  -0.0791755  -0.995854  -0.04457  0  0.995923  -0.0770837  -0.0468616  0  0.416704  -0.0442127  0.779161  1  
0.0432358  -0.0480968  0.997897  0  -0.0791788  -0.995854  -0.0445677  0  0.995922  -0.0770868  -0.0468657  0  0.416704  -0.0442146  0.779159  1  
0.0432297  -0.0480946  0.997897  0  -0.0791793  -0.995854  -0.044566  0  0.995923  -0.0770877  -0.0468595  0  0.416704  -0.0442145  0.779161  1  
0.0432299  -0.0480927  0.997897  0  -0.0791772  -0.995854  -0.0445642  0  0.995923  -0.0770857  -0.0468595  0  0.416704  -0.044213  0.779162  1  
0.0432301  -0.0480985  0.997897  0  -0.0791768  -0.995854  -0.04457  0  0.995923  -0.077085  -0.0468601  0  0.416702  -0.0442131  0.779162  1  
0.0432339  -0.0480895  0.997897  0  -0.0791782  -0.995854  -0.0445607  0  0.995922  -0.0770866  -0.0468632  0  0.416702  -0.0442146  0.779159  1  
0.0432314  -0.0480806  0.997898  0  -0.0791779  -0.995855  -0.044552  0  0.995923  -0.0770869  -0.04686  0  0.416702  -0.0442156  0.77916  1  
0.0432311  -0.0480722  0.997898  0  -0.0791686  -0.995856  -0.0445441  0  0.995923  -0.077078  -0.0468586  0  0.416702  -0.0442111  0.779159  1  
0.0432309  -0.0480762  0.997898  0  -0.0791619  -0.995856  -0.0445484  0  0.995924  -0.0770712  -0.0468584  0  0.416703  -0.0442085  0.779158  1  
0.0432368  -0.0480702  0.997898  0  -0.0791618  -0.995856  -0.0445419  0  0.995924  -0.0770711  -0.0468639  0  0.416705  -0.0442098  0.779152  1  
0.0432307  -0.0480652  0.997899  0  -0.0791541  -0.995857  -0.0445378  0  0.995924  -0.0770639  -0.0468571  0  0.416705  -0.0442056  0.779155  1  
0.0432352  -0.0480703  0.997898  0  -0.0791429  -0.995858  -0.0445431  0  0.995925  -0.0770522  -0.0468614  0  0.416706  -0.0442007  0.779152  1  
0.0432409  -0.0480698  0.997898  0  -0.0791318  -0.995859  -0.0445426  0  0.995926  -0.0770408  -0.0468665  0  0.416707  -0.0441964  0.77915  1  
0.0432465  -0.0480685  0.997898  0  -0.0791247  -0.995859  -0.0445413  0  0.995926  -0.0770336  -0.0468717  0  0.416709  -0.0441953  0.779148  1  
0.0432448  -0.0480719  0.997898  0  -0.0791144  -0.99586  -0.0445453  0  0.995927  -0.0770232  -0.0468699  0  0.416709  -0.0441913  0.779148  1  
0.043254  -0.0480838  0.997897  0  -0.0791066  -0.99586  -0.0445568  0  0.995927  -0.0770144  -0.0468796  0  0.41671  -0.0441906  0.779144  1  
0.043267  -0.0480804  0.997896  0  -0.0790928  -0.995861  -0.0445531  0  0.995928  -0.0770002  -0.0468916  0  0.416714  -0.0441842  0.779138  1  
0.0432657  -0.0480768  0.997897  0  -0.0790817  -0.995863  -0.0445501  0  0.995929  -0.0769893  -0.0468895  0  0.416714  -0.0441809  0.779138  1  
0.0432744  -0.048068  0.997897  0  -0.0790675  -0.995864  -0.0445413  0  0.995929  -0.0769751  -0.0468969  0  0.416716  -0.0441736  0.779134  1  
0.04328  -0.048063  0.997897  0  -0.0790498  -0.995866  -0.0445367  0  0.995931  -0.0769574  -0.0469014  0  0.416718  -0.0441664  0.779133  1  
0.0432868  -0.0480592  0.997896  0  -0.0790307  -0.995867  -0.0445332  0  0.995932  -0.0769383  -0.0469069  0  0.416721  -0.0441569  0.77913  1  
0.0432973  -0.0480517  0.997896  0  -0.0790219  -0.995868  -0.0445254  0  0.995932  -0.0769294  -0.0469165  0  0.416725  -0.0441535  0.779125  1  
0.0432963  -0.0480457  0.997897  0  -0.0789986  -0.99587  -0.0445205  0  0.995934  -0.0769063  -0.0469139  0  0.416725  -0.0441434  0.779126  1  
0.0433001  -0.0480518  0.997896  0  -0.0789818  -0.995871  -0.0445272  0  0.995935  -0.0768891  -0.0469175  0  0.416728  -0.0441381  0.779123  1  
0.0433085  -0.0480489  0.997896  0  -0.0789607  -0.995873  -0.0445246  0  0.995936  -0.0768678  -0.0469247  0  0.416731  -0.0441288  0.779119  1  
0.0433122  -0.0480431  0.997896  0  -0.0789451  -0.995875  -0.0445193  0  0.995938  -0.0768523  -0.0469272  0  0.416732  -0.0441225  0.779119  1  
0.0433208  -0.048045  0.997896  0  -0.0789225  -0.995876  -0.0445215  0  0.995939  -0.0768292  -0.0469349  0  0.416737  -0.0441139  0.779115  1  
0.0433248  -0.0480484  0.997895  0  -0.0788996  -0.995878  -0.0445257  0  0.995941  -0.0768059  -0.0469381  0  0.41674  -0.0441051  0.779114  1  
0.0433373  -0.0480494  0.997895  0  -0.0788789  -0.99588  -0.0445268  0  0.995942  -0.0767847  -0.0469497  0  0.416746  -0.0440969  0.779109  1  
0.0433418  -0.0480425  0.997895  0  -0.0788543  -0.995882  -0.0445207  0  0.995943  -0.0767602  -0.0469525  0  0.416748  -0.0440864  0.779108  1  
0.0433448  -0.0480446  0.997895  0  -0.0788285  -0.995884  -0.0445238  0  0.995945  -0.0767342  -0.0469546  0  0.416751  -0.0440764  0.779107  1  
0.0433563  -0.0480489  0.997894  0  -0.0788028  -0.995886  -0.0445284  0  0.995947  -0.0767078  -0.0469652  0  0.416756  -0.0440662  0.779103  1  
0.0433589  -0.0480471  0.997894  0  -0.0787753  -0.995888  -0.0445277  0  0.995949  -0.0766802  -0.0469664  0  0.41676  -0.0440552  0.779103  1  
0.0433683  -0.0480401  0.997894  0  -0.078751  -0.99589  -0.0445211  0  0.99595  -0.0766558  -0.0469742  0  0.416766  -0.0440454  0.779099  1  
0.0433736  -0.0480455  0.997893  0  -0.0787285  -0.995892  -0.0445272  0  0.995952  -0.0766328  -0.0469789  0  0.416768  -0.0440379  0.779097  1  
0.0433814  -0.0480447  0.997893  0  -0.0787029  -0.995894  -0.044527  0  0.995954  -0.0766069  -0.0469854  0  0.416772  -0.0440281  0.779094  1  
0.0433931  -0.0480454  0.997892  0  -0.0786801  -0.995895  -0.0445279  0  0.995955  -0.0765835  -0.0469961  0  0.416779  -0.0440189  0.779089  1  
0.0433991  -0.0480379  0.997893  0  -0.0786487  -0.995898  -0.0445214  0  0.995957  -0.0765523  -0.0470001  0  0.416782  -0.0440061  0.779086  1  
0.0434042  -0.0480396  0.997892  0  -0.0786214  -0.9959  -0.044524  0  0.995959  -0.0765246  -0.0470041  0  0.416787  -0.0439959  0.779085  1  
0.0434141  -0.0480442  0.997892  0  -0.0785954  -0.995902  -0.044529  0  0.995961  -0.0764979  -0.0470131  0  0.416791  -0.0439866  0.779082  1  
0.0434294  -0.0480431  0.997891  0  -0.0785718  -0.995904  -0.0445279  0  0.995962  -0.0764738  -0.0470272  0  0.416798  -0.0439764  0.779076  1  
0.0434328  -0.0480408  0.997891  0  -0.0785421  -0.995906  -0.0445268  0  0.995964  -0.076444  -0.0470291  0  0.416802  -0.0439661  0.779076  1  
0.0434458  -0.0480392  0.997891  0  -0.0785132  -0.995909  -0.0445255  0  0.995966  -0.0764146  -0.0470406  0  0.416808  -0.0439537  0.779071  1  
0.0434596  -0.0480475  0.997889  0  -0.0784901  -0.99591  -0.0445338  0  0.995967  -0.0763905  -0.047054  0  0.416816  -0.0439459  0.779066  1  
0.0434781  -0.0480435  0.997889  0  -0.0784586  -0.995913  -0.0445299  0  0.995969  -0.0763583  -0.0470708  0  0.416823  -0.0439335  0.779058  1  
0.0434816  -0.0480474  0.997889  0  -0.078433  -0.995914  -0.0445347  0  0.995971  -0.0763324  -0.0470733  0  0.416827  -0.0439258  0.779058  1  
0.0435032  -0.0480473  0.997888  0  -0.0784046  -0.995917  -0.0445344  0  0.995972  -0.0763031  -0.0470937  0  0.416836  -0.043915  0.779049  1  
0.0435218  -0.0480539  0.997886  0  -0.0783806  -0.995918  -0.0445406  0  0.995973  -0.076278  -0.0471116  0  0.416844  -0.0439068  0.77904  1  
0.0435353  -0.0480553  0.997886  0  -0.0783488  -0.995921  -0.0445425  0  0.995975  -0.0762454  -0.0471237  0  0.416852  -0.0438949  0.779035  1  
0.0435543  -0.0480512  0.997885  0  -0.078325  -0.995923  -0.0445381  0  0.995976  -0.076221  -0.0471412  0  0.41686  -0.0438867  0.779027  1  
0.0435648  -0.0480515  0.997885  0  -0.078297  -0.995925  -0.0445389  0  0.995978  -0.0761926  -0.0471505  0  0.416867  -0.0438762  0.779022  1  
0.0435808  -0.048056  0.997884  0  -0.078271  -0.995927  -0.0445435  0  0.995979  -0.0761656  -0.0471656  0  0.416875  -0.0438662  0.779015  1  
0.0435998  -0.0480618  0.997883  0  -0.0782419  -0.995929  -0.0445491  0  0.99598  -0.0761354  -0.0471836  0  0.416884  -0.0438562  0.779008  1  
0.0436208  -0.0480617  0.997882  0  -0.0782089  -0.995931  -0.0445489  0  0.995982  -0.0761014  -0.0472031  0  0.416893  -0.0438434  0.779  1  
0.0436401  -0.0480657  0.997881  0  -0.0781831  -0.995933  -0.0445527  0  0.995983  -0.0760746  -0.0472215  0  0.416901  -0.0438349  0.778991  1  
0.0436619  -0.0480701  0.99788  0  -0.0781562  -0.995935  -0.0445568  0  0.995984  -0.0760465  -0.0472423  0  0.416911  -0.0438254  0.778982  1  
0.0436763  -0.0480689  0.997879  0  -0.0781262  -0.995938  -0.0445558  0  0.995986  -0.076016  -0.0472553  0  0.416919  -0.0438137  0.778976  1  
0.0436973  -0.0480643  0.997878  0  -0.078094  -0.99594  -0.0445512  0  0.995988  -0.075983  -0.0472743  0  0.416928  -0.043801  0.778968  1  
0.043726  -0.048066  0.997877  0  -0.0780657  -0.995943  -0.044552  0  0.995989  -0.0759533  -0.0473018  0  0.416939  -0.043791  0.778956  1  
0.0437461  -0.04807  0.997876  0  -0.0780316  -0.995945  -0.0445562  0  0.995991  -0.0759181  -0.0473206  0  0.416948  -0.0437762  0.778948  1  
0.0437686  -0.0480699  0.997875  0  -0.0780044  -0.995947  -0.0445557  0  0.995992  -0.0758899  -0.0473418  0  0.416957  -0.0437657  0.778938  1  
0.0437879  -0.0480651  0.997874  0  -0.0779725  -0.99595  -0.0445509  0  0.995993  -0.0758574  -0.0473592  0  0.416967  -0.043753  0.778931  1  
0.043812  -0.0480656  0.997873  0  -0.0779397  -0.995952  -0.0445511  0  0.995995  -0.0758235  -0.0473818  0  0.416977  -0.0437402  0.77892  1  
0.0438554  -0.0480639  0.997871  0  -0.0778824  -0.995957  -0.0445489  0  0.995997  -0.0757644  -0.0474223  0  0.416997  -0.043717  0.778902  1  
0.0438847  -0.048059  0.99787  0  -0.0778506  -0.99596  -0.0445432  0  0.995999  -0.0757315  -0.0474497  0  0.417009  -0.0437043  0.77889  1  
0.0439021  -0.0480664  0.997869  0  -0.0778235  -0.995962  -0.0445506  0  0.996  -0.0757032  -0.0474664  0  0.417018  -0.0436943  0.778883  1  
0.0439281  -0.0480691  0.997868  0  -0.0777946  -0.995964  -0.0445527  0  0.996001  -0.0756731  -0.0474912  0  0.41703  -0.0436824  0.778872  1  
0.0439534  -0.0480744  0.997867  0  -0.0777651  -0.995966  -0.0445574  0  0.996002  -0.0756422  -0.0475155  0  0.417041  -0.0436711  0.778862  1  
0.0439823  -0.0480762  0.997865  0  -0.0777404  -0.995968  -0.0445583  0  0.996003  -0.0756161  -0.0475433  0  0.417054  -0.0436631  0.778849  1  
0.0440136  -0.0480802  0.997864  0  -0.0777083  -0.99597  -0.0445615  0  0.996004  -0.0755824  -0.0475734  0  0.417067  -0.0436508  0.778837  1  
0.0440438  -0.0480783  0.997862  0  -0.0776827  -0.995972  -0.0445585  0  0.996005  -0.0755556  -0.0476022  0  0.417081  -0.0436406  0.778823  1  
0.0440678  -0.0480845  0.997861  0  -0.0776547  -0.995974  -0.0445642  0  0.996006  -0.0755262  -0.0476253  0  0.417093  -0.0436297  0.778813  1  
0.044097  -0.0480765  0.99786  0  -0.0776265  -0.995977  -0.0445553  0  0.996007  -0.0754971  -0.0476525  0  0.417106  -0.043618  0.778801  1  
0.044125  -0.0480779  0.997859  0  -0.0775995  -0.995979  -0.0445559  0  0.996008  -0.0754688  -0.0476793  0  0.417118  -0.0436079  0.778789  1  
0.0441693  -0.0480825  0.997857  0  -0.0775752  -0.995981  -0.0445583  0  0.996008  -0.0754423  -0.0477227  0  0.417136  -0.0435977  0.778769  1  
0.0441913  -0.0480889  0.997855  0  -0.0775516  -0.995982  -0.0445641  0  0.996008  -0.0754174  -0.047744  0  0.417148  -0.0435893  0.77876  1  
0.0442317  -0.0480851  0.997854  0  -0.0775228  -0.995985  -0.0445587  0  0.996009  -0.0753869  -0.0477827  0  0.417163  -0.0435785  0.778744  1  
0.0442689  -0.0480875  0.997852  0  -0.077505  -0.995986  -0.0445592  0  0.996009  -0.0753674  -0.0478191  0  0.417179  -0.0435727  0.778727  1  
0.0442989  -0.0480947  0.99785  0  -0.0774828  -0.995988  -0.0445651  0  0.996009  -0.0753435  -0.0478486  0  0.417193  -0.0435648  0.778713  1  
0.0443366  -0.0481005  0.997848  0  -0.0774567  -0.995989  -0.0445694  0  0.996009  -0.0753154  -0.0478854  0  0.417209  -0.0435546  0.778698  1  
0.0443775  -0.0480999  0.997847  0  -0.0774344  -0.995991  -0.0445667  0  0.996009  -0.0752913  -0.0479251  0  0.417226  -0.0435468  0.77868  1  
0.0444133  -0.0481023  0.997845  0  -0.0774071  -0.995993  -0.0445677  0  0.99601  -0.0752623  -0.0479597  0  0.417242  -0.0435355  0.778666  1  
0.0444545  -0.0481154  0.997842  0  -0.0773837  -0.995995  -0.0445788  0  0.99601  -0.0752364  -0.0480008  0  0.417259  -0.0435267  0.778647  1  
0.0444929  -0.0481141  0.997841  0  -0.0773623  -0.995996  -0.0445757  0  0.99601  -0.0752134  -0.0480379  0  0.417275  -0.0435193  0.778631  1  
0.0445383  -0.0481186  0.997839  0  -0.0773374  -0.995998  -0.0445779  0  0.99601  -0.0751863  -0.0480824  0  0.417294  -0.043511  0.778611  1  
0.0445748  -0.0481225  0.997837  0  -0.077308  -0.996  -0.0445805  0  0.99601  -0.0751551  -0.0481177  0  0.41731  -0.0434981  0.778595  1  
0.044609  -0.0481271  0.997835  0  -0.0772846  -0.996002  -0.0445836  0  0.996011  -0.0751299  -0.0481511  0  0.417326  -0.0434898  0.778581  1  
0.04465  -0.0481286  0.997833  0  -0.0772612  -0.996004  -0.0445832  0  0.996011  -0.0751046  -0.048191  0  0.417344  -0.0434812  0.778563  1  
0.0446939  -0.0481293  0.997831  0  -0.0772441  -0.996005  -0.0445814  0  0.99601  -0.0750855  -0.048234  0  0.417361  -0.0434761  0.778544  1  
0.0447281  -0.0481313  0.997829  0  -0.0772173  -0.996007  -0.0445821  0  0.99601  -0.075057  -0.048267  0  0.417377  -0.0434654  0.778529  1  
0.044773  -0.048139  0.997827  0  -0.0771935  -0.996009  -0.0445876  0  0.99601  -0.0750309  -0.0483112  0  0.417396  -0.0434568  0.778509  1  
0.0448116  -0.0481386  0.997825  0  -0.0771715  -0.996011  -0.0445854  0  0.99601  -0.0750072  -0.0483487  0  0.417412  -0.0434487  0.778492  1  
0.0448593  -0.0481425  0.997823  0  -0.0771509  -0.996012  -0.0445867  0  0.99601  -0.0749843  -0.0483956  0  0.417432  -0.0434417  0.778472  1  
0.0449055  -0.048149  0.997821  0  -0.0771295  -0.996014  -0.0445907  0  0.996009  -0.0749605  -0.0484411  0  0.417451  -0.0434346  0.778452  1  
0.044948  -0.0481575  0.997818  0  -0.0771122  -0.996015  -0.0445968  0  0.996009  -0.0749409  -0.0484833  0  0.41747  -0.043429  0.778433  1  
0.0449907  -0.0481599  0.997816  0  -0.077091  -0.996016  -0.0445971  0  0.996008  -0.0749176  -0.0485251  0  0.417488  -0.0434211  0.778414  1  
0.0450409  -0.0481623  0.997814  0  -0.0770656  -0.996018  -0.0445969  0  0.996008  -0.0748899  -0.0485741  0  0.417509  -0.0434127  0.778393  1  
0.0450906  -0.0481641  0.997812  0  -0.0770441  -0.99602  -0.0445961  0  0.996007  -0.074866  -0.0486229  0  0.417529  -0.0434044  0.778371  1  
0.0451428  -0.0481769  0.997809  0  -0.0770272  -0.996021  -0.0446057  0  0.996006  -0.0748462  -0.048675  0  0.41755  -0.0434006  0.778347  1  
0.045192  -0.0481835  0.997806  0  -0.0770102  -0.996022  -0.0446095  0  0.996006  -0.0748267  -0.0487238  0  0.417571  -0.0433953  0.778325  1  
0.0452386  -0.0481817  0.997804  0  -0.0769842  -0.996024  -0.0446055  0  0.996005  -0.0747987  -0.0487689  0  0.417591  -0.0433858  0.778305  1  
0.0452895  -0.0481937  0.997801  0  -0.0769695  -0.996025  -0.0446143  0  0.996004  -0.0747812  -0.0488198  0  0.417612  -0.0433822  0.778281  1  
0.0453357  -0.0481978  0.997799  0  -0.0769483  -0.996027  -0.044616  0  0.996004  -0.0747576  -0.0488652  0  0.417634  -0.0433753  0.778261  1  
0.0453917  -0.0482001  0.997796  0  -0.0769258  -0.996028  -0.0446152  0  0.996003  -0.0747325  -0.0489202  0  0.417656  -0.0433669  0.778236  1  
0.0454477  -0.048208  0.997793  0  -0.0769118  -0.996029  -0.0446195  0  0.996001  -0.0747157  -0.0489759  0  0.417678  -0.0433642  0.778211  1  
0.0454971  -0.0482213  0.99779  0  -0.0768907  -0.99603  -0.0446302  0  0.996001  -0.0746917  -0.0490252  0  0.4177  -0.0433578  0.778189  1  
0.0455581  -0.0482262  0.997787  0  -0.0768719  -0.996032  -0.0446314  0  0.996  -0.0746699  -0.0490855  0  0.417725  -0.043352  0.778162  1  
0.0456135  -0.0482324  0.997784  0  -0.0768534  -0.996033  -0.0446344  0  0.995998  -0.0746486  -0.0491403  0  0.417747  -0.0433458  0.778138  1  
0.0456706  -0.0482374  0.997782  0  -0.0768392  -0.996034  -0.0446359  0  0.995997  -0.0746316  -0.0491969  0  0.417771  -0.0433419  0.778112  1  
0.0457255  -0.0482433  0.997779  0  -0.0768161  -0.996036  -0.0446388  0  0.995996  -0.0746058  -0.0492511  0  0.417794  -0.0433352  0.778087  1  
0.0457851  -0.0482524  0.997776  0  -0.0767998  -0.996037  -0.0446442  0  0.995995  -0.0745863  -0.0493104  0  0.417818  -0.0433302  0.778061  1  
0.0458479  -0.0482622  0.997772  0  -0.0767783  -0.996038  -0.0446503  0  0.995993  -0.0745616  -0.0493727  0  0.417844  -0.0433239  0.778034  1  
0.0459087  -0.0482592  0.99777  0  -0.0767589  -0.99604  -0.0446438  0  0.995992  -0.0745396  -0.0494321  0  0.417868  -0.0433169  0.778006  1  
0.0459681  -0.0482692  0.997766  0  -0.0767355  -0.996042  -0.0446505  0  0.995991  -0.074513  -0.049491  0  0.417894  -0.0433093  0.777979  1  
0.0460324  -0.048281  0.997763  0  -0.0767201  -0.996042  -0.0446582  0  0.995989  -0.0744942  -0.0495553  0  0.41792  -0.0433068  0.77795  1  
0.0460937  -0.048288  0.99776  0  -0.0767006  -0.996044  -0.0446616  0  0.995988  -0.0744716  -0.049616  0  0.417945  -0.0433007  0.777922  1  
0.0461555  -0.0482931  0.997757  0  -0.0766794  -0.996045  -0.0446631  0  0.995987  -0.0744473  -0.049677  0  0.417971  -0.043295  0.777895  1  
0.0462182  -0.0483047  0.997753  0  -0.0766618  -0.996046  -0.0446709  0  0.995985  -0.0744264  -0.0497396  0  0.417996  -0.04329  0.777867  1  
0.0462864  -0.0483162  0.997749  0  -0.0766456  -0.996047  -0.0446781  0  0.995983  -0.0744066  -0.0498076  0  0.418023  -0.0432862  0.777836  1  
0.0463468  -0.0483221  0.997746  0  -0.0766256  -0.996049  -0.0446805  0  0.995982  -0.0743836  -0.0498674  0  0.418048  -0.0432803  0.777809  1  
0.0464121  -0.0483241  0.997743  0  -0.0766094  -0.99605  -0.0446784  0  0.99598  -0.0743643  -0.0499318  0  0.418075  -0.0432762  0.777779  1  
0.0464757  -0.0483393  0.997739  0  -0.0765901  -0.996051  -0.0446899  0  0.995979  -0.0743414  -0.0499954  0  0.4181  -0.0432711  0.777752  1  
0.0465391  -0.048349  0.997736  0  -0.0765731  -0.996052  -0.0446957  0  0.995977  -0.074321  -0.0500586  0  0.418126  -0.0432674  0.777722  1  
0.0466082  -0.0483563  0.997732  0  -0.0765525  -0.996053  -0.0446989  0  0.995976  -0.074297  -0.050127  0  0.418154  -0.0432614  0.777691  1  
0.0466761  -0.0483679  0.997729  0  -0.0765419  -0.996054  -0.0447059  0  0.995973  -0.0742828  -0.0501951  0  0.418182  -0.0432612  0.77766  1  
0.0467362  -0.0483743  0.997726  0  -0.0765198  -0.996056  -0.0447089  0  0.995972  -0.0742577  -0.0502544  0  0.418207  -0.0432539  0.777633  1  
0.0468076  -0.0483856  0.997722  0  -0.0764989  -0.996057  -0.0447159  0  0.99597  -0.074233  -0.0503255  0  0.418235  -0.0432489  0.777601  1  
0.0468812  -0.0483918  0.997718  0  -0.0764835  -0.996058  -0.0447175  0  0.995968  -0.074214  -0.0503986  0  0.418263  -0.0432438  0.777568  1  
0.0469486  -0.0484017  0.997714  0  -0.0764699  -0.996059  -0.0447231  0  0.995966  -0.0741969  -0.0504658  0  0.418291  -0.0432432  0.777537  1  
0.047018  -0.0484146  0.99771  0  -0.0764554  -0.996059  -0.0447314  0  0.995964  -0.0741786  -0.0505353  0  0.418319  -0.0432402  0.777505  1  
0.0470884  -0.0484255  0.997707  0  -0.0764395  -0.99606  -0.0447379  0  0.995962  -0.0741589  -0.0506055  0  0.418348  -0.043236  0.777474  1  
0.0471582  -0.0484401  0.997703  0  -0.0764254  -0.996061  -0.0447481  0  0.995959  -0.074141  -0.0506755  0  0.418377  -0.0432361  0.77744  1  
0.0472238  -0.0484455  0.997699  0  -0.0764109  -0.996062  -0.0447492  0  0.995957  -0.0741233  -0.0507406  0  0.418404  -0.043233  0.777411  1  
0.0473  -0.0484609  0.997695  0  -0.0763949  -0.996063  -0.0447598  0  0.995955  -0.0741031  -0.0508169  0  0.418434  -0.0432297  0.777376  1  
0.0473752  -0.0484665  0.997691  0  -0.0763756  -0.996064  -0.0447608  0  0.995953  -0.0740801  -0.0508914  0  0.418464  -0.0432238  0.777342  1  
0.0474481  -0.0484811  0.997687  0  -0.0763628  -0.996065  -0.0447706  0  0.99595  -0.0740633  -0.0509646  0  0.418494  -0.0432232  0.777308  1  
0.0475188  -0.048484  0.997683  0  -0.076349  -0.996066  -0.044769  0  0.995948  -0.0740462  -0.0510345  0  0.418522  -0.04322  0.777275  1  
0.0475913  -0.0485022  0.997679  0  -0.0763382  -0.996066  -0.0447823  0  0.995945  -0.0740312  -0.0511076  0  0.418552  -0.04322  0.777241  1  
0.0476619  -0.0485126  0.997675  0  -0.0763259  -0.996067  -0.0447881  0  0.995943  -0.0740152  -0.0511782  0  0.418581  -0.0432185  0.777209  1  
0.0477391  -0.0485235  0.997671  0  -0.0763122  -0.996068  -0.044794  0  0.99594  -0.0739975  -0.0512553  0  0.418612  -0.043216  0.777173  1  
0.0478158  -0.0485321  0.997667  0  -0.0762989  -0.996068  -0.0447975  0  0.995938  -0.0739802  -0.0513317  0  0.418644  -0.0432135  0.777137  1  
0.047897  -0.0485494  0.997662  0  -0.0762911  -0.996069  -0.0448092  0  0.995934  -0.0739679  -0.0514135  0  0.418676  -0.0432149  0.7771  1  
0.0479714  -0.0485612  0.997658  0  -0.0762817  -0.996069  -0.0448159  0  0.995932  -0.0739546  -0.0514882  0  0.418707  -0.0432152  0.777067  1  
0.0480572  -0.0485732  0.997653  0  -0.0762718  -0.996069  -0.0448221  0  0.995928  -0.0739402  -0.0515741  0  0.41874  -0.0432152  0.777026  1  
0.0481453  -0.0485817  0.997649  0  -0.0762543  -0.996071  -0.0448249  0  0.995925  -0.0739183  -0.0516616  0  0.418776  -0.0432093  0.776986  1  
0.0482319  -0.0485927  0.997644  0  -0.076251  -0.996071  -0.0448297  0  0.995921  -0.0739106  -0.0517486  0  0.418809  -0.0432136  0.776947  1  
0.0483203  -0.048605  0.997639  0  -0.0762386  -0.996071  -0.044836  0  0.995918  -0.0738935  -0.0518371  0  0.418844  -0.0432112  0.776907  1  
0.0483987  -0.0486233  0.997634  0  -0.0762292  -0.996071  -0.044849  0  0.995915  -0.0738797  -0.0519161  0  0.418876  -0.0432113  0.77687  1  
0.0484802  -0.0486292  0.99763  0  -0.0762232  -0.996072  -0.0448492  0  0.995911  -0.0738697  -0.0519974  0  0.418909  -0.0432133  0.776833  1  
0.0485697  -0.0486488  0.997625  0  -0.0762132  -0.996072  -0.0448626  0  0.995908  -0.0738546  -0.0520876  0  0.418945  -0.0432123  0.776791  1  
0.0486538  -0.0486539  0.99762  0  -0.0762022  -0.996073  -0.0448621  0  0.995905  -0.0738396  -0.0521713  0  0.418979  -0.0432097  0.776752  1  
0.0487435  -0.0486653  0.997615  0  -0.0761939  -0.996073  -0.0448672  0  0.995901  -0.0738267  -0.0522611  0  0.419015  -0.0432102  0.77671  1  
0.0488251  -0.0486764  0.997611  0  -0.0761864  -0.996074  -0.0448727  0  0.995897  -0.0738149  -0.0523429  0  0.419047  -0.04321  0.776673  1  
0.0489085  -0.0486852  0.997606  0  -0.0761776  -0.996074  -0.0448758  0  0.995894  -0.0738019  -0.0524262  0  0.419082  -0.0432087  0.776633  1  
0.0489915  -0.0486918  0.997602  0  -0.0761702  -0.996075  -0.0448766  0  0.99589  -0.0737904  -0.052509  0  0.419116  -0.0432079  0.776593  1  
0.0490738  -0.0487068  0.997597  0  -0.0761601  -0.996075  -0.044886  0  0.995887  -0.0737758  -0.0525917  0  0.41915  -0.0432079  0.776555  1  
0.0491612  -0.0487118  0.997593  0  -0.0761565  -0.996075  -0.0448847  0  0.995883  -0.073768  -0.052679  0  0.419185  -0.0432094  0.776514  1  
0.0492471  -0.048722  0.997588  0  -0.0761487  -0.996076  -0.044889  0  0.995879  -0.0737557  -0.052765  0  0.419219  -0.0432081  0.776474  1  
0.0493363  -0.0487421  0.997583  0  -0.0761429  -0.996076  -0.0449027  0  0.995876  -0.0737449  -0.0528551  0  0.419255  -0.0432098  0.776431  1  
0.0494173  -0.0487513  0.997578  0  -0.0761389  -0.996076  -0.0449062  0  0.995872  -0.0737368  -0.0529363  0  0.419287  -0.0432116  0.776394  1  
0.0495069  -0.0487635  0.997573  0  -0.0761343  -0.996076  -0.0449119  0  0.995868  -0.0737275  -0.0530262  0  0.419322  -0.0432139  0.776352  1  
0.0495981  -0.0487712  0.997568  0  -0.0761289  -0.996076  -0.0449132  0  0.995864  -0.0737175  -0.0531174  0  0.419359  -0.0432135  0.77631  1  
0.0496864  -0.0487828  0.997563  0  -0.0761257  -0.996076  -0.0449184  0  0.995859  -0.0737098  -0.0532061  0  0.419393  -0.0432147  0.776269  1  
0.0497806  -0.0487994  0.997558  0  -0.0761266  -0.996076  -0.044928  0  0.995855  -0.0737056  -0.0533012  0  0.419429  -0.0432205  0.776226  1  
0.0498688  -0.0488074  0.997553  0  -0.0761196  -0.996076  -0.0449299  0  0.995851  -0.0736941  -0.0533893  0  0.419464  -0.0432198  0.776185  1  
0.0499612  -0.0488219  0.997548  0  -0.0761175  -0.996076  -0.0449376  0  0.995846  -0.0736871  -0.0534824  0  0.4195  -0.0432217  0.776143  1  
0.0500549  -0.0488347  0.997542  0  -0.0761119  -0.996076  -0.0449437  0  0.995842  -0.0736766  -0.0535764  0  0.419537  -0.0432227  0.7761  1  
0.0501518  -0.048847  0.997537  0  -0.0761191  -0.996075  -0.0449485  0  0.995837  -0.0736787  -0.0536742  0  0.419574  -0.0432306  0.776055  1  
0.0502433  -0.0488543  0.997532  0  -0.0761194  -0.996075  -0.044949  0  0.995832  -0.0736746  -0.0537659  0  0.419612  -0.0432341  0.776013  1  
0.0503377  -0.0488744  0.997526  0  -0.076119  -0.996075  -0.0449622  0  0.995827  -0.0736688  -0.0538614  0  0.419649  -0.0432372  0.775969  1  
0.0504277  -0.0488817  0.997521  0  -0.0761187  -0.996075  -0.0449628  0  0.995823  -0.0736641  -0.0539516  0  0.419686  -0.0432393  0.775927  1  
0.050524  -0.0488957  0.997516  0  -0.0761216  -0.996074  -0.0449695  0  0.995818  -0.0736618  -0.0540487  0  0.419724  -0.043245  0.775882  1  
0.0506214  -0.0489036  0.99751  0  -0.0761254  -0.996074  -0.04497  0  0.995812  -0.0736608  -0.0541465  0  0.419763  -0.0432498  0.775836  1  
0.0507111  -0.0489177  0.997505  0  -0.0761256  -0.996074  -0.0449775  0  0.995808  -0.0736563  -0.0542369  0  0.4198  -0.0432526  0.775794  1  
0.0507992  -0.0489316  0.9975  0  -0.0761281  -0.996073  -0.0449847  0  0.995803  -0.073654  -0.0543258  0  0.419836  -0.043257  0.775752  1  
0.050891  -0.0489375  0.997495  0  -0.0761288  -0.996073  -0.0449837  0  0.995798  -0.0736503  -0.0544178  0  0.419874  -0.0432604  0.775708  1  
0.0509878  -0.0489545  0.997489  0  -0.0761314  -0.996072  -0.0449934  0  0.995793  -0.0736475  -0.0545155  0  0.419914  -0.0432651  0.775662  1  
0.0510822  -0.0489687  0.997484  0  -0.076139  -0.996072  -0.0450002  0  0.995788  -0.0736501  -0.054611  0  0.419953  -0.0432717  0.775617  1  
0.0511747  -0.0489794  0.997478  0  -0.076137  -0.996072  -0.0450042  0  0.995783  -0.0736433  -0.0547038  0  0.419991  -0.0432732  0.775573  1  
0.0512744  -0.0489893  0.997473  0  -0.0761433  -0.996071  -0.0450064  0  0.995778  -0.0736446  -0.0548042  0  0.420032  -0.0432801  0.775525  1  
0.0513673  -0.0490067  0.997467  0  -0.0761494  -0.99607  -0.0450165  0  0.995772  -0.0736456  -0.0548983  0  0.42007  -0.0432863  0.775479  1  
0.051464  -0.0490172  0.997462  0  -0.0761576  -0.996069  -0.0450195  0  0.995767  -0.0736488  -0.0549958  0  0.420111  -0.0432931  0.775433  1  
0.051562  -0.049028  0.997456  0  -0.0761635  -0.996069  -0.0450226  0  0.995761  -0.0736497  -0.0550944  0  0.420152  -0.0432981  0.775385  1  
0.0516553  -0.0490338  0.997451  0  -0.0761698  -0.996068  -0.0450212  0  0.995756  -0.0736515  -0.0551882  0  0.420192  -0.0433041  0.775339  1  
0.0517431  -0.0490478  0.997446  0  -0.0761756  -0.996068  -0.0450284  0  0.995751  -0.0736525  -0.055277  0  0.42023  -0.0433095  0.775296  1  
0.0518336  -0.0490667  0.99744  0  -0.0761807  -0.996067  -0.0450403  0  0.995746  -0.0736525  -0.0553687  0  0.42027  -0.0433155  0.775251  1  
0.0519268  -0.0490786  0.997435  0  -0.0761839  -0.996066  -0.0450451  0  0.995741  -0.0736508  -0.0554626  0  0.42031  -0.0433206  0.775205  1  
0.0520169  -0.0490853  0.99743  0  -0.0761917  -0.996066  -0.0450447  0  0.995735  -0.0736542  -0.0555532  0  0.42035  -0.0433266  0.77516  1  
0.0521016  -0.0490975  0.997424  0  -0.0761987  -0.996065  -0.0450502  0  0.99573  -0.0736567  -0.0556388  0  0.420388  -0.0433335  0.775116  1  
0.0521908  -0.0491118  0.997419  0  -0.0762064  -0.996064  -0.0450575  0  0.995725  -0.0736596  -0.055729  0  0.420429  -0.043339  0.77507  1  
0.0522764  -0.0491247  0.997414  0  -0.0762177  -0.996063  -0.0450635  0  0.99572  -0.0736663  -0.0558158  0  0.420467  -0.0433483  0.775027  1  
0.0523618  -0.0491287  0.997409  0  -0.0762228  -0.996062  -0.0450608  0  0.995715  -0.0736673  -0.0559014  0  0.420506  -0.0433519  0.774982  1  
0.0524429  -0.04914  0.997405  0  -0.0762334  -0.996061  -0.0450655  0  0.99571  -0.0736736  -0.0559835  0  0.420544  -0.0433599  0.774941  1  
0.0525329  -0.0491577  0.997399  0  -0.0762372  -0.996061  -0.0450763  0  0.995705  -0.0736723  -0.0560747  0  0.420582  -0.0433642  0.774895  1  
0.0526251  -0.049164  0.997394  0  -0.0762445  -0.99606  -0.0450754  0  0.995699  -0.0736751  -0.0561673  0  0.420622  -0.0433696  0.774849  1  
0.0527151  -0.0491789  0.997388  0  -0.0762612  -0.996058  -0.0450827  0  0.995693  -0.0736869  -0.0562588  0  0.42066  -0.0433806  0.774805  1  
0.0528204  -0.0491843  0.997382  0  -0.0762648  -0.996058  -0.0450801  0  0.995687  -0.0736855  -0.0563643  0  0.420704  -0.0433839  0.774754  1  
0.0529221  -0.0491971  0.997376  0  -0.0762777  -0.996057  -0.0450846  0  0.995681  -0.073693  -0.0564672  0  0.420746  -0.0433907  0.774705  1  
0.0530288  -0.0492096  0.99737  0  -0.0762905  -0.996056  -0.0450885  0  0.995674  -0.0737003  -0.056575  0  0.420791  -0.0434003  0.774654  1  
0.0531307  -0.0492153  0.997364  0  -0.0762962  -0.996056  -0.0450863  0  0.995669  -0.0737011  -0.0566771  0  0.420833  -0.043404  0.774605  1  
0.0532315  -0.0492313  0.997358  0  -0.0763109  -0.996054  -0.045094  0  0.995662  -0.0737103  -0.0567794  0  0.420875  -0.0434138  0.774556  1  
0.0533422  -0.0492482  0.997351  0  -0.0763209  -0.996053  -0.0451022  0  0.995655  -0.0737144  -0.0568914  0  0.42092  -0.0434212  0.774504  1  
0.0534475  -0.0492569  0.997345  0  -0.0763271  -0.996053  -0.0451027  0  0.995649  -0.0737153  -0.0569972  0  0.420964  -0.0434256  0.774454  1  
0.0535587  -0.0492655  0.997339  0  -0.0763412  -0.996051  -0.0451023  0  0.995642  -0.0737238  -0.0571093  0  0.421009  -0.0434341  0.7744  1  
0.0536648  -0.0492717  0.997333  0  -0.0763519  -0.996051  -0.0451  0  0.995636  -0.0737294  -0.0572159  0  0.421054  -0.0434426  0.77435  1  
0.0537758  -0.0492857  0.997326  0  -0.0763572  -0.99605  -0.0451054  0  0.995629  -0.0737289  -0.0573278  0  0.4211  -0.043447  0.774297  1  
0.0538861  -0.0493001  0.99732  0  -0.0763678  -0.996049  -0.0451111  0  0.995622  -0.0737337  -0.0574393  0  0.421146  -0.0434535  0.774244  1  
0.0539962  -0.0493068  0.997313  0  -0.0763806  -0.996048  -0.0451089  0  0.995616  -0.0737411  -0.05755  0  0.421192  -0.0434614  0.774192  1  
0.0541014  -0.0493201  0.997307  0  -0.0763909  -0.996047  -0.0451138  0  0.995609  -0.0737459  -0.0576562  0  0.421236  -0.0434692  0.774141  1  
0.0542061  -0.0493396  0.9973  0  -0.0764037  -0.996046  -0.0451248  0  0.995602  -0.0737528  -0.0577625  0  0.421282  -0.0434785  0.77409  1  
0.0543042  -0.0493517  0.997294  0  -0.0764104  -0.996045  -0.0451292  0  0.995596  -0.0737544  -0.0578615  0  0.421325  -0.0434843  0.774042  1  
0.054409  -0.0493648  0.997288  0  -0.0764241  -0.996044  -0.0451338  0  0.99559  -0.0737626  -0.0579675  0  0.42137  -0.0434928  0.773992  1  
0.0545153  -0.0493736  0.997282  0  -0.0764411  -0.996042  -0.0451337  0  0.995583  -0.0737742  -0.0580748  0  0.421415  -0.0435042  0.773941  1  
0.054627  -0.0493888  0.997275  0  -0.0764498  -0.996041  -0.04514  0  0.995576  -0.0737771  -0.0581876  0  0.421462  -0.0435106  0.773888  1  
0.0547234  -0.0493997  0.997269  0  -0.0764579  -0.996041  -0.0451433  0  0.99557  -0.0737801  -0.0582849  0  0.421505  -0.0435167  0.773842  1  
0.0548314  -0.0494141  0.997263  0  -0.0764699  -0.996039  -0.0451491  0  0.995563  -0.0737864  -0.058394  0  0.42155  -0.0435265  0.773789  1  
0.0549332  -0.0494189  0.997257  0  -0.0764775  -0.996039  -0.0451459  0  0.995557  -0.0737891  -0.0584962  0  0.421594  -0.0435303  0.773741  1  
0.0550343  -0.0494391  0.99725  0  -0.0764937  -0.996037  -0.0451576  0  0.99555  -0.0737996  -0.0585991  0  0.421638  -0.0435419  0.773693  1  
0.0551369  -0.0494511  0.997244  0  -0.0765048  -0.996036  -0.0451613  0  0.995543  -0.0738053  -0.0587027  0  0.421681  -0.0435505  0.773644  1  
0.0552358  -0.049461  0.997238  0  -0.0765186  -0.996035  -0.0451631  0  0.995537  -0.073814  -0.0588026  0  0.421725  -0.0435593  0.773597  1  
0.0553352  -0.0494759  0.997232  0  -0.076524  -0.996034  -0.0451703  0  0.995531  -0.0738141  -0.058903  0  0.421768  -0.043566  0.773548  1  
0.0554382  -0.0494907  0.997225  0  -0.0765399  -0.996033  -0.0451765  0  0.995524  -0.0738244  -0.0590074  0  0.421813  -0.0435755  0.773499  1  
0.0555399  -0.0495069  0.997219  0  -0.0765459  -0.996032  -0.0451848  0  0.995518  -0.0738248  -0.0591102  0  0.421859  -0.043582  0.77345  1  
0.0556481  -0.0495192  0.997212  0  -0.0765656  -0.99603  -0.0451879  0  0.99551  -0.0738389  -0.0592198  0  0.421906  -0.0435945  0.773398  1  
0.0557558  -0.0495305  0.997205  0  -0.076572  -0.99603  -0.0451908  0  0.995504  -0.0738398  -0.0593282  0  0.421954  -0.0436013  0.773346  1  
0.0558638  -0.0495478  0.997199  0  -0.0765852  -0.996028  -0.0451993  0  0.995497  -0.0738471  -0.0594377  0  0.422002  -0.0436096  0.773295  1  
0.0559702  -0.0495587  0.997192  0  -0.0765943  -0.996028  -0.0452018  0  0.99549  -0.0738507  -0.0595449  0  0.42205  -0.0436172  0.773245  1  
0.0560765  -0.0495726  0.997185  0  -0.076608  -0.996026  -0.045207  0  0.995483  -0.0738587  -0.0596524  0  0.422098  -0.0436278  0.773194  1  
0.0561878  -0.049578  0.997179  0  -0.0766228  -0.996025  -0.0452032  0  0.995476  -0.0738682  -0.0597644  0  0.422146  -0.0436374  0.773142  1  
0.0563026  -0.0495962  0.997171  0  -0.0766313  -0.996024  -0.0452123  0  0.995468  -0.0738704  -0.0598806  0  0.422197  -0.0436443  0.773087  1  
0.0564156  -0.0496078  0.997165  0  -0.076641  -0.996023  -0.045215  0  0.995461  -0.0738743  -0.0599944  0  0.422247  -0.0436511  0.773033  1  
0.056532  -0.0496199  0.997157  0  -0.0766541  -0.996022  -0.0452177  0  0.995454  -0.0738814  -0.0601119  0  0.422298  -0.0436601  0.772979  1  
0.0566489  -0.0496307  0.99715  0  -0.0766683  -0.996021  -0.0452189  0  0.995446  -0.0738897  -0.0602298  0  0.42235  -0.0436696  0.772925  1  
0.0567671  -0.0496488  0.997143  0  -0.0766822  -0.99602  -0.0452274  0  0.995438  -0.0738971  -0.0603494  0  0.4224  -0.0436788  0.77287  1  
0.0568744  -0.0496542  0.997136  0  -0.0766905  -0.996019  -0.0452243  0  0.995431  -0.0739002  -0.0604572  0  0.422449  -0.0436836  0.77282  1  
0.0569936  -0.0496634  0.997129  0  -0.0766978  -0.996019  -0.0452242  0  0.995424  -0.0739016  -0.0605769  0  0.4225  -0.0436896  0.772765  1  
0.0571119  -0.0496764  0.997121  0  -0.0767122  -0.996017  -0.0452276  0  0.995416  -0.0739098  -0.0606964  0  0.42255  -0.0436992  0.77271  1  
0.0572303  -0.0496985  0.997114  0  -0.0767241  -0.996016  -0.0452401  0  0.995408  -0.0739149  -0.0608165  0  0.422604  -0.0437087  0.772655  1  
0.0573436  -0.0497085  0.997107  0  -0.0767299  -0.996015  -0.0452414  0  0.995401  -0.073915  -0.0609304  0  0.422655  -0.0437129  0.772602  1  
0.0574579  -0.049721  0.997099  0  -0.0767451  -0.996014  -0.0452444  0  0.995394  -0.0739243  -0.0610459  0  0.422706  -0.0437237  0.772547  1  
0.0575756  -0.0497311  0.997092  0  -0.0767577  -0.996013  -0.0452451  0  0.995386  -0.0739309  -0.0611645  0  0.422759  -0.0437319  0.772491  1  
0.0576836  -0.049746  0.997085  0  -0.0767697  -0.996012  -0.0452512  0  0.995379  -0.0739371  -0.0612737  0  0.422808  -0.0437403  0.772441  1  
0.0577978  -0.0497575  0.997078  0  -0.0767798  -0.996011  -0.0452536  0  0.995371  -0.0739413  -0.0613888  0  0.422859  -0.0437479  0.772386  1  
0.0579075  -0.0497693  0.997071  0  -0.0767935  -0.99601  -0.0452564  0  0.995364  -0.0739493  -0.0614996  0  0.422911  -0.0437575  0.772335  1  
0.0580241  -0.0497755  0.997064  0  -0.0768059  -0.996009  -0.0452531  0  0.995356  -0.0739561  -0.0616168  0  0.422964  -0.0437663  0.772279  1  
0.0581345  -0.0497912  0.997057  0  -0.0768122  -0.996008  -0.0452602  0  0.995349  -0.0739563  -0.0617282  0  0.423017  -0.0437713  0.772226  1  
0.0582418  -0.0498105  0.997049  0  -0.0768282  -0.996006  -0.0452705  0  0.995342  -0.0739663  -0.0618373  0  0.423069  -0.0437834  0.772174  1  
0.0583604  -0.0498198  0.997042  0  -0.0768447  -0.996005  -0.04527  0  0.995334  -0.0739768  -0.0619568  0  0.423123  -0.0437935  0.772118  1  
0.0584675  -0.0498331  0.997035  0  -0.0768542  -0.996004  -0.0452748  0  0.995326  -0.0739806  -0.0620649  0  0.423175  -0.043802  0.772067  1  
0.0585827  -0.049846  0.997028  0  -0.0768671  -0.996003  -0.0452783  0  0.995319  -0.0739875  -0.0621813  0  0.423228  -0.0438101  0.772014  1  
0.0587069  -0.0498614  0.99702  0  -0.0768757  -0.996002  -0.0452839  0  0.995311  -0.0739895  -0.0623065  0  0.423285  -0.0438181  0.771957  1  
0.0588226  -0.0498737  0.997012  0  -0.0768948  -0.996001  -0.0452864  0  0.995302  -0.0740026  -0.0624235  0  0.423339  -0.0438314  0.771903  1  
0.0589432  -0.0498784  0.997005  0  -0.0768969  -0.996001  -0.045282  0  0.995295  -0.073999  -0.0625442  0  0.423396  -0.0438331  0.771847  1  
0.0590618  -0.0498982  0.996997  0  -0.0769169  -0.995999  -0.0452917  0  0.995287  -0.0740124  -0.0626647  0  0.423452  -0.0438472  0.771792  1  
0.0591681  -0.0499083  0.99699  0  -0.0769278  -0.995998  -0.0452932  0  0.995279  -0.0740177  -0.0627718  0  0.423505  -0.0438541  0.771742  1  
0.059287  -0.0499237  0.996982  0  -0.0769399  -0.995996  -0.045299  0  0.995271  -0.0740235  -0.0628919  0  0.423561  -0.043864  0.771686  1  
0.059396  -0.0499333  0.996975  0  -0.0769508  -0.995996  -0.0452998  0  0.995264  -0.0740289  -0.0630018  0  0.423616  -0.0438711  0.771635  1  
0.0595185  -0.0499459  0.996967  0  -0.0769596  -0.995995  -0.0453027  0  0.995256  -0.0740313  -0.0631252  0  0.423674  -0.0438781  0.771577  1  
0.0596352  -0.0499595  0.99696  0  -0.0769744  -0.995993  -0.0453067  0  0.995248  -0.0740399  -0.0632431  0  0.423731  -0.0438882  0.771524  1  
0.0597515  -0.0499699  0.996952  0  -0.0769896  -0.995992  -0.0453075  0  0.99524  -0.0740492  -0.0633604  0  0.42379  -0.0438984  0.771469  1  
0.0598632  -0.0499843  0.996945  0  -0.0770057  -0.995991  -0.0453125  0  0.995232  -0.0740593  -0.0634735  0  0.423845  -0.043909  0.771416  1  
0.0599796  -0.0499964  0.996937  0  -0.0770176  -0.99599  -0.0453152  0  0.995224  -0.0740651  -0.0635909  0  0.423902  -0.0439177  0.771361  1  
0.0600884  -0.0500118  0.99693  0  -0.07703  -0.995988  -0.0453217  0  0.995216  -0.0740716  -0.063701  0  0.423958  -0.0439272  0.771309  1  
0.0602105  -0.0500221  0.996922  0  -0.0770449  -0.995987  -0.045322  0  0.995208  -0.0740803  -0.0638241  0  0.424018  -0.0439377  0.771253  1  
0.0603378  -0.0500374  0.996913  0  -0.0770597  -0.995986  -0.0453269  0  0.995199  -0.0740884  -0.0639527  0  0.424079  -0.0439486  0.771194  1  
0.0604428  -0.0500579  0.996906  0  -0.0770698  -0.995985  -0.0453389  0  0.995192  -0.0740924  -0.0640593  0  0.424135  -0.043958  0.771144  1  
0.0605589  -0.0500736  0.996898  0  -0.0770867  -0.995983  -0.0453448  0  0.995183  -0.074103  -0.0641769  0  0.424193  -0.0439687  0.77109  1  
0.0606754  -0.050083  0.996891  0  -0.0770945  -0.995982  -0.0453451  0  0.995176  -0.0741049  -0.064294  0  0.424253  -0.0439754  0.771035  1  
0.0607869  -0.0500927  0.996883  0  -0.07711  -0.995981  -0.0453454  0  0.995168  -0.0741147  -0.0644065  0  0.42431  -0.0439865  0.770982  1  
0.0609012  -0.0501102  0.996875  0  -0.0771233  -0.99598  -0.0453536  0  0.99516  -0.0741217  -0.0645223  0  0.424368  -0.0439965  0.770927  1  
0.061013  -0.050121  0.996868  0  -0.0771337  -0.995979  -0.0453553  0  0.995152  -0.0741263  -0.0646349  0  0.424426  -0.044005  0.770874  1  
0.0611206  -0.0501285  0.996861  0  -0.0771479  -0.995978  -0.0453539  0  0.995144  -0.0741351  -0.0647434  0  0.424483  -0.0440147  0.770823  1  
0.061237  -0.0501373  0.996854  0  -0.0771632  -0.995977  -0.0453531  0  0.995136  -0.0741445  -0.0648606  0  0.424541  -0.0440251  0.770768  1  
0.0613445  -0.0501517  0.996846  0  -0.0771754  -0.995976  -0.0453586  0  0.995128  -0.0741509  -0.0649693  0  0.424598  -0.0440347  0.770716  1  
