0.0523464  -0.0239764  0.998331  0  -0.0787544  -0.996688  -0.0198075  0  0.995519  -0.0775877  -0.0540623  0  0.422726  -0.0454775  0.777289  1  
0.0523468  -0.0239756  0.998331  0  -0.0787555  -0.996688  -0.0198066  0  0.995519  -0.0775888  -0.0540626  0  0.422726  -0.0454774  0.777289  1  
0.0523549  -0.0239778  0.998331  0  -0.078758  -0.996687  -0.019808  0  0.995518  -0.077591  -0.054071  0  0.422728  -0.0454796  0.777284  1  
0.0523474  -0.023975  0.998331  0  -0.0787527  -0.996688  -0.0198062  0  0.995519  -0.077586  -0.0540631  0  0.422727  -0.0454763  0.777288  1  
0.0523528  -0.0239864  0.998331  0  -0.0787577  -0.996687  -0.0198169  0  0.995518  -0.0775903  -0.0540695  0  0.422728  -0.0454803  0.777285  1  
0.052355  -0.0239771  0.998331  0  -0.0787555  -0.996688  -0.0198074  0  0.995518  -0.0775886  -0.054071  0  0.422728  -0.0454789  0.777285  1  
0.052348  -0.0239746  0.998331  0  -0.0787558  -0.996688  -0.0198055  0  0.995518  -0.0775892  -0.0540638  0  0.422726  -0.0454793  0.777286  1  
0.0523475  -0.0239801  0.998331  0  -0.0787506  -0.996688  -0.0198113  0  0.995519  -0.0775836  -0.0540636  0  0.422727  -0.0454781  0.777283  1  
0.0523384  -0.0239864  0.998332  0  -0.0787478  -0.996688  -0.0198184  0  0.99552  -0.0775806  -0.0540549  0  0.422726  -0.0454764  0.777284  1  
0.0523275  -0.0239877  0.998332  0  -0.078746  -0.996688  -0.0198207  0  0.99552  -0.077579  -0.0540441  0  0.422724  -0.045475  0.777286  1  
0.0523116  -0.0239876  0.998333  0  -0.0787359  -0.996689  -0.0198224  0  0.995522  -0.0775692  -0.0540281  0  0.42272  -0.0454702  0.77729  1  
0.0522942  -0.023994  0.998334  0  -0.0787264  -0.996689  -0.0198306  0  0.995524  -0.0775597  -0.0540111  0  0.422716  -0.0454658  0.777295  1  
0.0522729  -0.0240041  0.998335  0  -0.0787172  -0.99669  -0.0198429  0  0.995525  -0.0775503  -0.0539904  0  0.422711  -0.0454633  0.777302  1  
0.0522545  -0.0240097  0.998335  0  -0.0787086  -0.99669  -0.0198504  0  0.995527  -0.0775418  -0.0539724  0  0.422707  -0.0454589  0.777306  1  
0.0522309  -0.024019  0.998336  0  -0.0786994  -0.996691  -0.0198621  0  0.995529  -0.0775325  -0.0539494  0  0.422702  -0.0454564  0.777313  1  
0.0522127  -0.0240197  0.998337  0  -0.0786877  -0.996692  -0.0198647  0  0.995531  -0.0775212  -0.053931  0  0.422698  -0.0454518  0.777317  1  
0.0521969  -0.02403  0.998338  0  -0.0786774  -0.996692  -0.0198768  0  0.995533  -0.0775107  -0.053916  0  0.422695  -0.0454498  0.77732  1  
0.0521761  -0.024032  0.998339  0  -0.0786674  -0.996693  -0.019881  0  0.995534  -0.0775009  -0.0538952  0  0.422691  -0.045446  0.777325  1  
0.0521559  -0.0240335  0.99834  0  -0.0786572  -0.996694  -0.0198846  0  0.995536  -0.0774911  -0.0538749  0  0.422688  -0.0454424  0.77733  1  
0.0521338  -0.0240349  0.998341  0  -0.0786409  -0.996695  -0.0198886  0  0.995539  -0.0774751  -0.0538526  0  0.422684  -0.0454357  0.777335  1  
0.0521158  -0.0240358  0.998342  0  -0.0786255  -0.996696  -0.0198918  0  0.995541  -0.0774599  -0.0538345  0  0.422683  -0.0454284  0.777339  1  
0.0520967  -0.0240352  0.998343  0  -0.0786096  -0.996697  -0.0198935  0  0.995543  -0.0774445  -0.053815  0  0.42268  -0.0454218  0.777344  1  
0.0520761  -0.0240403  0.998344  0  -0.0785943  -0.996698  -0.019901  0  0.995546  -0.0774293  -0.0537946  0  0.422678  -0.0454162  0.777349  1  
0.0520521  -0.0240428  0.998345  0  -0.0785761  -0.9967  -0.0199063  0  0.995548  -0.0774114  -0.0537705  0  0.422675  -0.0454084  0.777358  1  
0.0520395  -0.0240409  0.998346  0  -0.0785593  -0.996701  -0.0199063  0  0.99555  -0.077395  -0.0537575  0  0.422675  -0.0454007  0.77736  1  
0.0520212  -0.0240442  0.998347  0  -0.0785355  -0.996703  -0.0199123  0  0.995553  -0.0773713  -0.053739  0  0.422674  -0.0453899  0.777365  1  
0.0520034  -0.0240522  0.998348  0  -0.0785245  -0.996703  -0.0199223  0  0.995555  -0.0773602  -0.0537216  0  0.422672  -0.0453862  0.77737  1  
0.0519882  -0.0240511  0.998348  0  -0.0785034  -0.996705  -0.0199235  0  0.995557  -0.0773394  -0.053706  0  0.422672  -0.0453771  0.777374  1  
0.0519677  -0.0240501  0.998349  0  -0.07848  -0.996707  -0.0199253  0  0.99556  -0.0773165  -0.053685  0  0.422669  -0.0453672  0.77738  1  
0.051953  -0.0240513  0.99835  0  -0.0784643  -0.996708  -0.0199285  0  0.995562  -0.077301  -0.0536702  0  0.422669  -0.0453598  0.777384  1  
0.0519381  -0.0240526  0.998351  0  -0.0784399  -0.99671  -0.0199323  0  0.995565  -0.0772768  -0.053655  0  0.422668  -0.0453485  0.777389  1  
0.05192  -0.0240538  0.998352  0  -0.0784189  -0.996711  -0.0199361  0  0.995567  -0.077256  -0.0536366  0  0.422666  -0.0453396  0.777394  1  
0.0519082  -0.0240561  0.998352  0  -0.0783984  -0.996713  -0.0199404  0  0.99557  -0.0772357  -0.0536246  0  0.422665  -0.045331  0.777397  1  
0.0518863  -0.0240685  0.998353  0  -0.078381  -0.996714  -0.0199553  0  0.995572  -0.077218  -0.0536033  0  0.422662  -0.0453245  0.777404  1  
0.051866  -0.0240717  0.998354  0  -0.0783521  -0.996716  -0.0199617  0  0.995576  -0.0771893  -0.0535828  0  0.42266  -0.04531  0.777412  1  
0.0518377  -0.0240819  0.998355  0  -0.0783079  -0.996719  -0.0199765  0  0.995581  -0.0771451  -0.0535545  0  0.422657  -0.045293  0.777421  1  
0.0518236  -0.0240908  0.998356  0  -0.07829  -0.996721  -0.0199874  0  0.995583  -0.0771269  -0.0535407  0  0.422655  -0.0452859  0.777425  1  
0.0518123  -0.0241067  0.998356  0  -0.078263  -0.996722  -0.0200056  0  0.995585  -0.0770993  -0.0535302  0  0.422653  -0.0452735  0.777428  1  
0.0517904  -0.0241134  0.998357  0  -0.0782396  -0.996724  -0.0200153  0  0.995588  -0.077076  -0.0535084  0  0.42265  -0.0452644  0.777437  1  
0.0517778  -0.0241256  0.998358  0  -0.0782196  -0.996725  -0.0200295  0  0.995591  -0.0770556  -0.0534963  0  0.422649  -0.0452574  0.777442  1  
0.0517661  -0.0241312  0.998358  0  -0.0781972  -0.996727  -0.0200371  0  0.995593  -0.077033  -0.0534847  0  0.422646  -0.0452479  0.777446  1  
0.0517581  -0.0241435  0.998358  0  -0.0781729  -0.996728  -0.0200514  0  0.995595  -0.0770082  -0.0534772  0  0.422647  -0.0452377  0.777448  1  
0.0517457  -0.0241543  0.998359  0  -0.0781519  -0.99673  -0.0200642  0  0.995598  -0.0769869  -0.0534652  0  0.422644  -0.0452295  0.777453  1  
0.0517391  -0.0241627  0.998359  0  -0.0781288  -0.996731  -0.0200744  0  0.9956  -0.0769634  -0.0534588  0  0.422644  -0.0452202  0.777456  1  
0.0517343  -0.024167  0.998359  0  -0.0781042  -0.996733  -0.0200803  0  0.995602  -0.0769387  -0.0534539  0  0.422643  -0.0452104  0.777458  1  
0.0517201  -0.0241731  0.998359  0  -0.0780789  -0.996735  -0.0200888  0  0.995605  -0.0769133  -0.0534397  0  0.422643  -0.045199  0.777463  1  
0.0517178  -0.0241907  0.998359  0  -0.0780599  -0.996736  -0.0201076  0  0.995606  -0.0768934  -0.0534384  0  0.422643  -0.0451929  0.777463  1  
0.0517028  -0.0241945  0.99836  0  -0.0780335  -0.996738  -0.0201141  0  0.995609  -0.076867  -0.0534232  0  0.42264  -0.0451814  0.77747  1  
0.0517027  -0.0241959  0.99836  0  -0.0780061  -0.99674  -0.0201169  0  0.995611  -0.0768396  -0.0534226  0  0.422641  -0.0451706  0.77747  1  
0.0516939  -0.0242085  0.99836  0  -0.0779876  -0.996741  -0.0201311  0  0.995613  -0.0768205  -0.0534144  0  0.422639  -0.0451642  0.777474  1  
0.0516949  -0.0242133  0.99836  0  -0.0779652  -0.996743  -0.020137  0  0.995615  -0.0767978  -0.0534154  0  0.42264  -0.045155  0.777474  1  
0.0516883  -0.0242208  0.99836  0  -0.0779388  -0.996745  -0.0201465  0  0.995617  -0.0767712  -0.0534088  0  0.422638  -0.0451443  0.777478  1  
0.0516863  -0.0242235  0.99836  0  -0.0779112  -0.996747  -0.0201508  0  0.99562  -0.0767434  -0.0534065  0  0.422638  -0.0451339  0.777479  1  
0.0516851  -0.0242253  0.99836  0  -0.0778906  -0.996749  -0.0201538  0  0.995621  -0.0767227  -0.053405  0  0.422639  -0.0451268  0.777479  1  
0.0516861  -0.0242286  0.99836  0  -0.0778626  -0.996751  -0.0201585  0  0.995623  -0.0766944  -0.0534057  0  0.422641  -0.0451144  0.777478  1  
0.0516851  -0.0242395  0.99836  0  -0.0778363  -0.996752  -0.0201709  0  0.995625  -0.0766676  -0.053405  0  0.422641  -0.0451045  0.777479  1  
0.0516818  -0.024244  0.99836  0  -0.0778107  -0.996754  -0.020177  0  0.995628  -0.0766417  -0.0534015  0  0.422641  -0.0450944  0.77748  1  
0.0516818  -0.024248  0.99836  0  -0.0777844  -0.996756  -0.0201824  0  0.99563  -0.0766152  -0.0534013  0  0.422642  -0.0450856  0.777479  1  
0.0516798  -0.024252  0.99836  0  -0.0777577  -0.996758  -0.020188  0  0.995632  -0.0765883  -0.0533991  0  0.422642  -0.0450739  0.777479  1  
0.0516799  -0.0242547  0.998359  0  -0.0777296  -0.99676  -0.0201922  0  0.995634  -0.0765601  -0.0533988  0  0.422643  -0.0450626  0.77748  1  
0.0516792  -0.0242696  0.998359  0  -0.0777054  -0.996762  -0.0202085  0  0.995636  -0.076535  -0.0533987  0  0.422643  -0.0450546  0.77748  1  
0.0516791  -0.0242723  0.998359  0  -0.0776778  -0.996764  -0.0202126  0  0.995638  -0.0765072  -0.0533983  0  0.422644  -0.045043  0.777479  1  
0.0516921  -0.0242762  0.998358  0  -0.0776559  -0.996766  -0.0202166  0  0.995639  -0.0764848  -0.0534111  0  0.422648  -0.0450353  0.777474  1  
0.0516854  -0.0242786  0.998359  0  -0.0776258  -0.996768  -0.0202212  0  0.995642  -0.0764547  -0.053404  0  0.422646  -0.0450229  0.777478  1  
0.0516933  -0.0242892  0.998358  0  -0.0775964  -0.99677  -0.0202328  0  0.995644  -0.0764245  -0.0534121  0  0.422649  -0.0450114  0.777474  1  
0.0516979  -0.0242951  0.998358  0  -0.0775709  -0.996772  -0.0202396  0  0.995645  -0.0763986  -0.0534167  0  0.422652  -0.0450019  0.777471  1  
0.0516984  -0.0242993  0.998357  0  -0.0775462  -0.996774  -0.0202451  0  0.995647  -0.0763736  -0.0534169  0  0.422653  -0.0449922  0.77747  1  
0.0516998  -0.0243083  0.998357  0  -0.0775196  -0.996775  -0.0202554  0  0.995649  -0.0763466  -0.0534185  0  0.422654  -0.0449833  0.77747  1  
0.0517011  -0.0243178  0.998357  0  -0.0774895  -0.996778  -0.0202665  0  0.995652  -0.0763158  -0.0534199  0  0.422657  -0.0449709  0.777468  1  
0.0517063  -0.0243276  0.998356  0  -0.0774698  -0.996779  -0.0202769  0  0.995653  -0.0762955  -0.0534254  0  0.422658  -0.0449648  0.777466  1  
0.0517145  -0.0243247  0.998356  0  -0.0774416  -0.996781  -0.0202748  0  0.995655  -0.0762672  -0.0534328  0  0.422661  -0.0449527  0.777462  1  
0.0517095  -0.0243325  0.998356  0  -0.0774142  -0.996783  -0.0202845  0  0.995657  -0.0762395  -0.0534279  0  0.422661  -0.0449435  0.777463  1  
0.0517208  -0.024336  0.998355  0  -0.0773929  -0.996785  -0.0202883  0  0.995658  -0.0762177  -0.0534389  0  0.422665  -0.0449347  0.777458  1  
0.0517194  -0.0243399  0.998355  0  -0.0773666  -0.996786  -0.0202937  0  0.99566  -0.0761913  -0.0534373  0  0.422666  -0.0449243  0.777459  1  
0.0517207  -0.0243459  0.998355  0  -0.0773397  -0.996788  -0.020301  0  0.995662  -0.076164  -0.0534385  0  0.422667  -0.0449133  0.777459  1  
0.05173  -0.0243521  0.998355  0  -0.0773159  -0.99679  -0.0203078  0  0.995664  -0.0761396  -0.0534478  0  0.42267  -0.0449052  0.777453  1  
0.0517331  -0.0243632  0.998354  0  -0.0772929  -0.996792  -0.0203199  0  0.995665  -0.0761159  -0.0534512  0  0.422672  -0.0448972  0.777452  1  
0.0517399  -0.0243661  0.998354  0  -0.0772616  -0.996794  -0.0203239  0  0.995667  -0.0760843  -0.0534576  0  0.422676  -0.0448837  0.77745  1  
0.0517467  -0.0243775  0.998353  0  -0.0772374  -0.996796  -0.0203361  0  0.995669  -0.0760593  -0.0534648  0  0.422679  -0.0448754  0.777446  1  
0.0517487  -0.0243797  0.998353  0  -0.0772082  -0.996798  -0.0203397  0  0.995671  -0.0760299  -0.0534663  0  0.422681  -0.0448627  0.777445  1  
0.0517545  -0.024387  0.998352  0  -0.0771818  -0.9968  -0.020348  0  0.995673  -0.076003  -0.0534721  0  0.422684  -0.0448542  0.777442  1  
0.051758  -0.0243999  0.998352  0  -0.0771562  -0.996801  -0.0203619  0  0.995675  -0.0759766  -0.0534761  0  0.422685  -0.0448441  0.77744  1  
0.0517668  -0.0244083  0.998351  0  -0.0771267  -0.996804  -0.0203713  0  0.995676  -0.0759464  -0.0534848  0  0.422689  -0.0448327  0.777435  1  
0.0517784  -0.0244154  0.99835  0  -0.0770991  -0.996805  -0.0203789  0  0.995678  -0.0759182  -0.0534964  0  0.422694  -0.0448231  0.777429  1  
0.051787  -0.0244219  0.99835  0  -0.0770693  -0.996808  -0.0203863  0  0.99568  -0.0758878  -0.0535049  0  0.422697  -0.0448108  0.777425  1  
0.05179  -0.0244294  0.99835  0  -0.0770414  -0.99681  -0.0203951  0  0.995682  -0.0758595  -0.0535079  0  0.4227  -0.0447996  0.777422  1  
0.0517997  -0.0244389  0.998349  0  -0.0770137  -0.996812  -0.0204054  0  0.995683  -0.075831  -0.0535177  0  0.422705  -0.0447894  0.777418  1  
0.0518075  -0.0244445  0.998348  0  -0.0769843  -0.996814  -0.0204119  0  0.995685  -0.0758011  -0.0535253  0  0.422707  -0.044778  0.777414  1  
0.0518176  -0.0244529  0.998348  0  -0.0769549  -0.996816  -0.0204212  0  0.995687  -0.075771  -0.0535354  0  0.422712  -0.0447668  0.777408  1  
0.051831  -0.0244712  0.998346  0  -0.0769288  -0.996817  -0.0204398  0  0.995688  -0.0757436  -0.0535496  0  0.422716  -0.0447584  0.7774  1  
0.0518438  -0.0244804  0.998345  0  -0.0769007  -0.996819  -0.0204495  0  0.99569  -0.0757147  -0.0535625  0  0.422721  -0.0447468  0.777394  1  
0.0518515  -0.0244895  0.998345  0  -0.0768728  -0.996821  -0.0204596  0  0.995692  -0.0756862  -0.0535703  0  0.422724  -0.0447373  0.777389  1  
0.051868  -0.0244941  0.998344  0  -0.0768493  -0.996823  -0.0204641  0  0.995693  -0.075662  -0.0535866  0  0.422729  -0.0447291  0.77738  1  
0.0518809  -0.0245102  0.998343  0  -0.0768274  -0.996824  -0.0204805  0  0.995694  -0.075639  -0.0536002  0  0.422732  -0.0447242  0.777374  1  
0.0518979  -0.0245189  0.998342  0  -0.07679  -0.996827  -0.0204899  0  0.995696  -0.0756007  -0.0536171  0  0.422739  -0.0447086  0.777365  1  
0.051914  -0.0245238  0.998341  0  -0.0767659  -0.996829  -0.0204948  0  0.995697  -0.0755761  -0.053633  0  0.422745  -0.0447003  0.777356  1  
0.0519357  -0.0245286  0.99834  0  -0.076738  -0.996831  -0.0204995  0  0.995698  -0.0755474  -0.0536544  0  0.422752  -0.0446911  0.777346  1  
0.051953  -0.0245339  0.998338  0  -0.0767147  -0.996833  -0.0205047  0  0.995699  -0.0755234  -0.0536716  0  0.422756  -0.0446834  0.777337  1  
0.0519712  -0.0245448  0.998337  0  -0.0766887  -0.996834  -0.0205156  0  0.9957  -0.0754964  -0.05369  0  0.422763  -0.0446749  0.777328  1  
0.0519892  -0.0245529  0.998336  0  -0.0766618  -0.996836  -0.0205238  0  0.995701  -0.0754687  -0.053708  0  0.422769  -0.0446655  0.777317  1  
0.0520052  -0.0245594  0.998335  0  -0.0766348  -0.996838  -0.0205305  0  0.995702  -0.075441  -0.0537239  0  0.422775  -0.0446572  0.777309  1  
0.0520311  -0.0245702  0.998334  0  -0.0766127  -0.99684  -0.0205405  0  0.995702  -0.0754177  -0.0537501  0  0.422782  -0.0446515  0.777295  1  
0.0520526  -0.0245738  0.998332  0  -0.0765828  -0.996842  -0.0205441  0  0.995703  -0.0753872  -0.0537711  0  0.422789  -0.0446399  0.777284  1  
0.0520727  -0.0245882  0.998331  0  -0.0765624  -0.996843  -0.0205581  0  0.995704  -0.0753655  -0.0537918  0  0.422795  -0.0446354  0.777273  1  
0.0520901  -0.0245976  0.99833  0  -0.0765397  -0.996845  -0.0205674  0  0.995705  -0.0753419  -0.0538095  0  0.422801  -0.044628  0.777264  1  
0.0521227  -0.0246033  0.998328  0  -0.0765114  -0.996847  -0.0205722  0  0.995705  -0.0753126  -0.0538418  0  0.42281  -0.044619  0.777248  1  
0.0521397  -0.0246155  0.998327  0  -0.0764912  -0.996848  -0.0205841  0  0.995706  -0.0752914  -0.0538593  0  0.422816  -0.0446139  0.777238  1  
0.052171  -0.0246268  0.998325  0  -0.0764676  -0.99685  -0.0205944  0  0.995706  -0.0752666  -0.0538908  0  0.422826  -0.0446062  0.777221  1  
0.0521956  -0.0246371  0.998323  0  -0.0764434  -0.996851  -0.020604  0  0.995707  -0.0752412  -0.0539157  0  0.422834  -0.0446003  0.777208  1  
0.0522162  -0.0246466  0.998322  0  -0.0764209  -0.996853  -0.0206132  0  0.995707  -0.0752178  -0.0539364  0  0.422841  -0.0445935  0.777196  1  
0.0522399  -0.0246542  0.998321  0  -0.0763972  -0.996855  -0.0206203  0  0.995708  -0.0751932  -0.0539601  0  0.422848  -0.0445864  0.777184  1  
0.0522698  -0.0246625  0.998319  0  -0.0763724  -0.996856  -0.0206277  0  0.995708  -0.0751673  -0.05399  0  0.422858  -0.044578  0.777169  1  
0.0522941  -0.0246799  0.998317  0  -0.0763581  -0.996857  -0.020644  0  0.995708  -0.0751515  -0.0540153  0  0.422865  -0.0445761  0.777156  1  
0.0523236  -0.0246947  0.998315  0  -0.0763436  -0.996858  -0.0206573  0  0.995708  -0.0751356  -0.0540456  0  0.422875  -0.0445741  0.777139  1  
0.0523525  -0.0246884  0.998314  0  -0.076316  -0.99686  -0.0206504  0  0.995708  -0.0751077  -0.0540733  0  0.422883  -0.0445644  0.777125  1  
0.0523809  -0.0247013  0.998312  0  -0.0763004  -0.996861  -0.0206619  0  0.995708  -0.0750907  -0.0541022  0  0.422893  -0.0445611  0.77711  1  
0.0524132  -0.0247151  0.99831  0  -0.0762835  -0.996862  -0.0206743  0  0.995708  -0.0750724  -0.0541351  0  0.422902  -0.0445582  0.777092  1  
0.052443  -0.0247221  0.998308  0  -0.0762625  -0.996864  -0.0206801  0  0.995708  -0.0750504  -0.054165  0  0.42291  -0.0445514  0.777076  1  
0.0524705  -0.0247275  0.998307  0  -0.0762451  -0.996865  -0.0206844  0  0.995707  -0.0750321  -0.0541924  0  0.42292  -0.0445465  0.777062  1  
0.0525082  -0.0247365  0.998304  0  -0.076231  -0.996866  -0.0206913  0  0.995707  -0.0750167  -0.0542303  0  0.422931  -0.0445445  0.777042  1  
0.0525381  -0.024746  0.998303  0  -0.0762125  -0.996867  -0.0206995  0  0.995706  -0.0749971  -0.0542605  0  0.422939  -0.0445396  0.777026  1  
0.0525739  -0.0247617  0.9983  0  -0.0761972  -0.996868  -0.0207134  0  0.995706  -0.0749801  -0.0542971  0  0.42295  -0.0445367  0.777007  1  
0.0526078  -0.0247705  0.998298  0  -0.0761824  -0.996869  -0.0207204  0  0.995705  -0.0749642  -0.0543312  0  0.422961  -0.0445331  0.776988  1  
0.0526497  -0.0247826  0.998296  0  -0.0761674  -0.99687  -0.0207302  0  0.995704  -0.0749476  -0.0543736  0  0.422974  -0.0445302  0.776967  1  
0.0526803  -0.0247844  0.998294  0  -0.0761587  -0.996871  -0.0207301  0  0.995703  -0.0749382  -0.0544041  0  0.422983  -0.0445307  0.776949  1  
0.0527199  -0.0247939  0.998292  0  -0.0761459  -0.996871  -0.0207374  0  0.995702  -0.074924  -0.054444  0  0.422994  -0.0445275  0.77693  1  
0.052755  -0.0248074  0.99829  0  -0.076134  -0.996872  -0.0207489  0  0.995701  -0.0749106  -0.0544797  0  0.423005  -0.0445257  0.776911  1  
0.0527987  -0.024816  0.998287  0  -0.0761158  -0.996873  -0.0207551  0  0.9957  -0.074891  -0.0545235  0  0.423018  -0.0445201  0.776888  1  
0.0528363  -0.0248264  0.998285  0  -0.0761085  -0.996874  -0.0207631  0  0.995699  -0.0748824  -0.0545617  0  0.42303  -0.0445203  0.776867  1  
0.0528756  -0.0248392  0.998282  0  -0.0760994  -0.996874  -0.0207735  0  0.995697  -0.0748717  -0.0546016  0  0.423041  -0.0445198  0.776846  1  
0.0529168  -0.0248504  0.99828  0  -0.0760852  -0.996875  -0.0207823  0  0.995696  -0.074856  -0.0546433  0  0.423053  -0.0445167  0.776824  1  
0.0529632  -0.0248603  0.998277  0  -0.0760791  -0.996875  -0.020789  0  0.995694  -0.0748484  -0.0546901  0  0.423067  -0.0445165  0.7768  1  
0.0530024  -0.0248672  0.998275  0  -0.076066  -0.996876  -0.0207938  0  0.995693  -0.0748341  -0.0547294  0  0.423079  -0.0445144  0.77678  1  
0.0530444  -0.024874  0.998273  0  -0.0760568  -0.996877  -0.0207979  0  0.995691  -0.0748237  -0.0547716  0  0.423092  -0.0445122  0.776757  1  
0.0531003  -0.0248791  0.99827  0  -0.0760489  -0.996877  -0.0207992  0  0.995689  -0.0748143  -0.0548276  0  0.423108  -0.0445116  0.776729  1  
0.0531414  -0.024887  0.998267  0  -0.0760409  -0.996878  -0.0208044  0  0.995688  -0.074805  -0.054869  0  0.423122  -0.0445098  0.776706  1  
0.0531836  -0.0248966  0.998265  0  -0.0760311  -0.996879  -0.0208114  0  0.995686  -0.0747938  -0.0549116  0  0.423134  -0.0445086  0.776684  1  
0.0532347  -0.0249005  0.998262  0  -0.0760209  -0.996879  -0.020812  0  0.995684  -0.0747822  -0.0549626  0  0.423149  -0.0445058  0.776658  1  
0.0532791  -0.0249071  0.998259  0  -0.0760143  -0.99688  -0.0208157  0  0.995682  -0.0747744  -0.0550072  0  0.423163  -0.0445055  0.776634  1  
0.0533321  -0.0249226  0.998256  0  -0.076009  -0.99688  -0.0208274  0  0.99568  -0.0747671  -0.0550611  0  0.423178  -0.0445059  0.776605  1  
0.0533741  -0.0249404  0.998253  0  -0.076006  -0.99688  -0.0208422  0  0.995678  -0.0747622  -0.0551042  0  0.423189  -0.0445089  0.776582  1  
0.0534198  -0.0249455  0.998251  0  -0.0759953  -0.996881  -0.0208445  0  0.995676  -0.0747503  -0.05515  0  0.423203  -0.0445058  0.776558  1  
0.0534692  -0.0249506  0.998248  0  -0.075994  -0.996881  -0.020846  0  0.995674  -0.0747477  -0.0551995  0  0.423218  -0.0445083  0.776532  1  
0.0535215  -0.0249687  0.998245  0  -0.0759876  -0.996881  -0.0208604  0  0.995671  -0.0747392  -0.0552529  0  0.423232  -0.0445096  0.776504  1  
0.0535705  -0.0249834  0.998242  0  -0.0759852  -0.996881  -0.0208716  0  0.995669  -0.074735  -0.0553028  0  0.423246  -0.0445113  0.776478  1  
0.0536158  -0.0249929  0.998239  0  -0.0759763  -0.996881  -0.0208782  0  0.995667  -0.0747246  -0.0553486  0  0.423259  -0.04451  0.776454  1  
0.0536666  -0.0250026  0.998236  0  -0.0759734  -0.996881  -0.0208843  0  0.995664  -0.0747201  -0.0553999  0  0.423275  -0.0445113  0.776427  1  
0.0537174  -0.0250116  0.998233  0  -0.0759659  -0.996882  -0.0208899  0  0.995662  -0.074711  -0.055451  0  0.423289  -0.04451  0.7764  1  
0.0537696  -0.0250328  0.99823  0  -0.0759645  -0.996882  -0.0209072  0  0.99566  -0.0747073  -0.0555046  0  0.423306  -0.0445134  0.776372  1  
0.0538226  -0.0250406  0.998227  0  -0.0759614  -0.996882  -0.0209111  0  0.995657  -0.0747027  -0.0555579  0  0.423321  -0.0445144  0.776344  1  
0.053872  -0.0250504  0.998224  0  -0.0759574  -0.996882  -0.0209174  0  0.995655  -0.074697  -0.0556079  0  0.423335  -0.0445159  0.776318  1  
0.0539226  -0.0250594  0.998221  0  -0.0759493  -0.996882  -0.0209232  0  0.995652  -0.0746874  -0.0556588  0  0.423351  -0.0445159  0.776291  1  
0.0539778  -0.0250756  0.998218  0  -0.0759477  -0.996882  -0.0209352  0  0.99565  -0.0746838  -0.0557151  0  0.423367  -0.0445177  0.776262  1  
0.054039  -0.0250895  0.998214  0  -0.0759442  -0.996882  -0.0209447  0  0.995647  -0.0746782  -0.055777  0  0.423386  -0.0445196  0.776229  1  
0.0540952  -0.0251039  0.998211  0  -0.0759432  -0.996882  -0.020955  0  0.995644  -0.0746752  -0.0558341  0  0.423402  -0.0445226  0.7762  1  
0.0541529  -0.0251146  0.998207  0  -0.0759426  -0.996882  -0.0209614  0  0.995641  -0.0746728  -0.0558924  0  0.423419  -0.0445259  0.77617  1  
0.0542139  -0.0251284  0.998203  0  -0.0759405  -0.996882  -0.0209707  0  0.995637  -0.0746686  -0.0559542  0  0.423436  -0.0445276  0.776138  1  
0.0542677  -0.0251471  0.9982  0  -0.0759462  -0.996881  -0.020985  0  0.995634  -0.0746722  -0.0560093  0  0.423453  -0.0445347  0.776109  1  
0.054327  -0.0251545  0.998197  0  -0.0759329  -0.996882  -0.0209887  0  0.995632  -0.0746572  -0.0560688  0  0.423472  -0.04453  0.776078  1  
0.0543845  -0.0251714  0.998193  0  -0.0759385  -0.996882  -0.0210009  0  0.995628  -0.0746606  -0.0561275  0  0.423489  -0.044537  0.776048  1  
0.0544478  -0.025188  0.998189  0  -0.0759335  -0.996882  -0.0210131  0  0.995625  -0.0746534  -0.0561917  0  0.423507  -0.0445383  0.776013  1  
0.0544982  -0.0252012  0.998186  0  -0.0759353  -0.996881  -0.0210225  0  0.995622  -0.0746533  -0.0562429  0  0.423523  -0.0445424  0.775987  1  
0.0545664  -0.0252109  0.998182  0  -0.0759362  -0.996881  -0.0210269  0  0.995618  -0.0746522  -0.0563117  0  0.423544  -0.0445452  0.77595  1  
0.0546261  -0.0252225  0.998179  0  -0.0759381  -0.996881  -0.0210339  0  0.995615  -0.0746522  -0.0563721  0  0.423562  -0.044549  0.775919  1  
0.0546854  -0.0252331  0.998175  0  -0.075933  -0.996881  -0.0210404  0  0.995612  -0.0746453  -0.056432  0  0.423581  -0.0445498  0.775887  1  
0.0547438  -0.0252558  0.998171  0  -0.0759348  -0.996881  -0.0210585  0  0.995609  -0.0746446  -0.0564919  0  0.423598  -0.0445547  0.775856  1  
0.0548034  -0.0252686  0.998168  0  -0.075936  -0.99688  -0.0210668  0  0.995605  -0.0746438  -0.0565523  0  0.423615  -0.044558  0.775825  1  
0.0548681  -0.0252749  0.998164  0  -0.0759336  -0.996881  -0.0210685  0  0.995602  -0.0746396  -0.0566172  0  0.423635  -0.0445597  0.775792  1  
0.0549383  -0.025285  0.99816  0  -0.0759335  -0.996881  -0.0210733  0  0.995598  -0.0746374  -0.056688  0  0.423655  -0.0445632  0.775755  1  
0.0549962  -0.0252977  0.998156  0  -0.0759354  -0.99688  -0.0210815  0  0.995595  -0.0746374  -0.0567467  0  0.423673  -0.0445677  0.775725  1  
0.0550596  -0.0253155  0.998152  0  -0.0759412  -0.996879  -0.0210942  0  0.995591  -0.0746409  -0.0568114  0  0.423693  -0.044574  0.775692  1  
0.0551282  -0.0253258  0.998148  0  -0.0759404  -0.996879  -0.0210994  0  0.995587  -0.0746381  -0.0568805  0  0.423714  -0.0445767  0.775657  1  
0.0551981  -0.0253331  0.998144  0  -0.0759387  -0.99688  -0.0211015  0  0.995583  -0.0746345  -0.0569508  0  0.423735  -0.0445792  0.775621  1  
0.0552639  -0.0253425  0.99814  0  -0.0759393  -0.996879  -0.021106  0  0.99558  -0.0746331  -0.057017  0  0.423757  -0.044583  0.775587  1  
0.055339  -0.0253509  0.998136  0  -0.0759445  -0.996879  -0.0211084  0  0.995575  -0.0746363  -0.0570926  0  0.42378  -0.0445884  0.775548  1  
0.0554087  -0.0253651  0.998132  0  -0.0759433  -0.996879  -0.0211174  0  0.995571  -0.0746328  -0.0571632  0  0.423802  -0.0445907  0.775512  1  
0.0554739  -0.0253749  0.998128  0  -0.0759424  -0.996879  -0.0211225  0  0.995568  -0.07463  -0.0572289  0  0.423823  -0.0445929  0.775478  1  
0.0555551  -0.0253878  0.998123  0  -0.0759468  -0.996878  -0.021129  0  0.995563  -0.0746319  -0.0573109  0  0.423849  -0.0445984  0.775436  1  
0.0556217  -0.0253984  0.998119  0  -0.0759503  -0.996878  -0.0211343  0  0.995559  -0.0746334  -0.0573782  0  0.423871  -0.0446031  0.775401  1  
0.0556927  -0.0254126  0.998115  0  -0.075955  -0.996877  -0.021143  0  0.995555  -0.0746357  -0.0574501  0  0.423894  -0.0446097  0.775364  1  
0.0557681  -0.0254219  0.99811  0  -0.0759553  -0.996877  -0.0211466  0  0.99555  -0.0746339  -0.057526  0  0.423918  -0.0446118  0.775325  1  
0.0558396  -0.0254298  0.998106  0  -0.0759582  -0.996877  -0.021149  0  0.995546  -0.0746348  -0.0575979  0  0.423941  -0.0446159  0.775288  1  
0.0559166  -0.0254399  0.998102  0  -0.0759654  -0.996876  -0.0211528  0  0.995541  -0.0746399  -0.0576756  0  0.423964  -0.0446222  0.775249  1  
0.055996  -0.0254461  0.998097  0  -0.0759673  -0.996876  -0.021153  0  0.995537  -0.0746396  -0.0577553  0  0.423988  -0.0446259  0.77521  1  
0.0560734  -0.0254617  0.998092  0  -0.0759675  -0.996876  -0.0211628  0  0.995532  -0.0746374  -0.0578336  0  0.424014  -0.0446282  0.775171  1  
0.0561461  -0.02548  0.998088  0  -0.0759763  -0.996875  -0.0211751  0  0.995528  -0.0746435  -0.0579076  0  0.424037  -0.0446362  0.775133  1  
0.05622  -0.0254857  0.998083  0  -0.0759781  -0.996875  -0.0211752  0  0.995523  -0.0746435  -0.0579818  0  0.42406  -0.0446394  0.775095  1  
0.0563002  -0.0254975  0.998079  0  -0.0759854  -0.996874  -0.0211805  0  0.995518  -0.0746484  -0.0580628  0  0.424087  -0.0446465  0.775053  1  
0.0563757  -0.0255154  0.998074  0  -0.0759885  -0.996874  -0.0211925  0  0.995514  -0.0746489  -0.0581395  0  0.424112  -0.0446508  0.775014  1  
0.0564463  -0.0255192  0.99807  0  -0.0759948  -0.996873  -0.0211907  0  0.995509  -0.0746534  -0.0582103  0  0.424136  -0.044656  0.774977  1  
0.0565274  -0.0255336  0.998065  0  -0.0760007  -0.996873  -0.0211986  0  0.995504  -0.0746567  -0.0582923  0  0.424161  -0.0446618  0.774936  1  
0.0565954  -0.0255396  0.998061  0  -0.0760041  -0.996872  -0.0211994  0  0.9955  -0.0746584  -0.0583606  0  0.424182  -0.0446667  0.7749  1  
0.0566794  -0.0255572  0.998056  0  -0.0760108  -0.996872  -0.0212102  0  0.995495  -0.0746622  -0.0584458  0  0.42421  -0.0446724  0.774858  1  
0.0567563  -0.0255675  0.998051  0  -0.076017  -0.996871  -0.0212144  0  0.99549  -0.0746663  -0.0585234  0  0.424236  -0.0446786  0.774818  1  
0.0569155  -0.0255976  0.998041  0  -0.0760314  -0.99687  -0.0212317  0  0.99548  -0.0746755  -0.0586847  0  0.424287  -0.0446918  0.774737  1  
0.0569938  -0.0256077  0.998036  0  -0.0760387  -0.996869  -0.0212354  0  0.995475  -0.0746806  -0.0587637  0  0.424314  -0.044699  0.774697  1  
0.0570776  -0.0256222  0.998031  0  -0.0760517  -0.996868  -0.0212429  0  0.995469  -0.074691  -0.0588486  0  0.424341  -0.044709  0.774654  1  
0.0571565  -0.0256348  0.998026  0  -0.0760548  -0.996868  -0.0212494  0  0.995464  -0.0746916  -0.0589283  0  0.424369  -0.0447127  0.774614  1  
0.0572418  -0.0256481  0.998021  0  -0.0760628  -0.996867  -0.0212558  0  0.995459  -0.074697  -0.0590144  0  0.424397  -0.044719  0.77457  1  
0.0573284  -0.025654  0.998016  0  -0.076065  -0.996867  -0.0212551  0  0.995453  -0.074697  -0.0591013  0  0.424426  -0.0447231  0.774527  1  
0.0573972  -0.0256641  0.998012  0  -0.0760738  -0.996866  -0.0212595  0  0.995449  -0.0747037  -0.0591708  0  0.42445  -0.0447307  0.774491  1  
0.0574839  -0.0256822  0.998006  0  -0.0760849  -0.996865  -0.0212705  0  0.995443  -0.074712  -0.0592588  0  0.42448  -0.0447392  0.774446  1  
0.057565  -0.0256904  0.998002  0  -0.0760875  -0.996865  -0.0212724  0  0.995438  -0.0747123  -0.0593403  0  0.424507  -0.0447423  0.774404  1  
0.0576465  -0.0257012  0.997997  0  -0.0760957  -0.996864  -0.0212766  0  0.995433  -0.0747182  -0.0594226  0  0.424535  -0.0447495  0.774362  1  
0.0577274  -0.0257091  0.997992  0  -0.0760994  -0.996864  -0.0212782  0  0.995428  -0.0747197  -0.0595039  0  0.424563  -0.044754  0.774321  1  
0.0578106  -0.0257219  0.997987  0  -0.0761086  -0.996863  -0.0212841  0  0.995422  -0.0747264  -0.059588  0  0.424592  -0.0447612  0.774277  1  
0.0578927  -0.0257357  0.997981  0  -0.0761138  -0.996862  -0.0212915  0  0.995417  -0.074729  -0.059671  0  0.42462  -0.0447667  0.774235  1  
0.0579701  -0.0257442  0.997977  0  -0.0761194  -0.996862  -0.0212939  0  0.995412  -0.0747324  -0.0597489  0  0.424646  -0.0447723  0.774195  1  
0.0580521  -0.0257538  0.997972  0  -0.0761263  -0.996861  -0.0212968  0  0.995407  -0.074737  -0.0598316  0  0.424673  -0.0447786  0.774153  1  
0.0581371  -0.0257737  0.997966  0  -0.0761368  -0.99686  -0.0213098  0  0.995401  -0.0747445  -0.059918  0  0.424702  -0.0447871  0.77411  1  
0.0582327  -0.0257787  0.997961  0  -0.0761426  -0.99686  -0.0213072  0  0.995395  -0.074748  -0.0600138  0  0.424734  -0.0447926  0.774064  1  
0.058317  -0.0258  0.997955  0  -0.0761535  -0.996858  -0.0213215  0  0.995389  -0.0747558  -0.0600997  0  0.424762  -0.0448016  0.774023  1  
0.0584125  -0.0258104  0.997949  0  -0.0761576  -0.996858  -0.0213245  0  0.995383  -0.0747572  -0.0601958  0  0.424795  -0.0448057  0.773975  1  
0.0585056  -0.0258217  0.997943  0  -0.0761669  -0.996857  -0.0213282  0  0.995377  -0.0747639  -0.0602896  0  0.424827  -0.0448133  0.773929  1  
0.0586009  -0.0258379  0.997937  0  -0.0761762  -0.996856  -0.0213367  0  0.995371  -0.0747701  -0.060386  0  0.42486  -0.0448229  0.773881  1  
0.0586913  -0.0258514  0.997932  0  -0.0761857  -0.996856  -0.0213428  0  0.995365  -0.074777  -0.0604774  0  0.42489  -0.0448288  0.773836  1  
0.0587835  -0.0258648  0.997926  0  -0.076189  -0.996855  -0.0213491  0  0.995359  -0.0747775  -0.0605704  0  0.424922  -0.0448336  0.773791  1  
0.0588819  -0.0258755  0.99792  0  -0.0761928  -0.996855  -0.0213521  0  0.995353  -0.0747785  -0.0606694  0  0.424956  -0.0448389  0.773741  1  
0.0589689  -0.0258799  0.997915  0  -0.0761985  -0.996854  -0.0213497  0  0.995347  -0.074782  -0.0607566  0  0.424986  -0.0448446  0.773698  1  
0.0590576  -0.0259008  0.997909  0  -0.0762101  -0.996853  -0.0213632  0  0.995341  -0.0747905  -0.0608469  0  0.425017  -0.0448542  0.773652  1  
0.0591427  -0.0259173  0.997903  0  -0.0762173  -0.996852  -0.0213728  0  0.995336  -0.0747949  -0.0609331  0  0.425046  -0.0448612  0.773609  1  
0.0592345  -0.0259271  0.997898  0  -0.0762183  -0.996852  -0.0213757  0  0.99533  -0.0747933  -0.0610254  0  0.425078  -0.0448653  0.773563  1  
0.0593215  -0.0259397  0.997892  0  -0.0762298  -0.996851  -0.021381  0  0.995324  -0.0748022  -0.0611133  0  0.425108  -0.0448745  0.773519  1  
0.0594096  -0.0259463  0.997887  0  -0.0762365  -0.996851  -0.0213806  0  0.995318  -0.0748066  -0.0612017  0  0.42514  -0.0448797  0.773473  1  
0.059497  -0.0259595  0.997881  0  -0.0762438  -0.99685  -0.0213868  0  0.995312  -0.0748112  -0.06129  0  0.425171  -0.0448859  0.773428  1  
0.0595794  -0.0259714  0.997876  0  -0.0762454  -0.99685  -0.0213924  0  0.995307  -0.0748104  -0.0613731  0  0.425202  -0.0448898  0.773384  1  
0.0596721  -0.0259816  0.99787  0  -0.0762558  -0.996849  -0.021395  0  0.995301  -0.0748181  -0.0614665  0  0.425237  -0.0448977  0.773336  1  
0.0597561  -0.0259923  0.997865  0  -0.076262  -0.996849  -0.0213989  0  0.995296  -0.0748219  -0.0615512  0  0.425269  -0.0449042  0.773291  1  
0.0598447  -0.0260069  0.997859  0  -0.0762702  -0.996848  -0.0214064  0  0.99529  -0.0748273  -0.0616408  0  0.425301  -0.0449114  0.773246  1  
0.0599286  -0.0260132  0.997854  0  -0.0762776  -0.996847  -0.0214059  0  0.995284  -0.0748325  -0.0617251  0  0.425331  -0.0449171  0.773202  1  
0.0600157  -0.0260319  0.997848  0  -0.0762889  -0.996846  -0.0214174  0  0.995278  -0.0748409  -0.0618136  0  0.425363  -0.0449278  0.773157  1  
0.0601014  -0.0260447  0.997843  0  -0.0762951  -0.996845  -0.0214233  0  0.995272  -0.0748444  -0.0619  0  0.425396  -0.0449346  0.773111  1  
0.0601848  -0.0260601  0.997837  0  -0.0763065  -0.996844  -0.0214317  0  0.995266  -0.074853  -0.0619846  0  0.425428  -0.0449431  0.773067  1  
0.060266  -0.0260711  0.997832  0  -0.0763198  -0.996843  -0.0214357  0  0.99526  -0.0748639  -0.0620667  0  0.425459  -0.0449542  0.773024  1  
0.0603611  -0.0260843  0.997826  0  -0.0763225  -0.996843  -0.0214416  0  0.995254  -0.0748637  -0.0621625  0  0.425494  -0.0449582  0.772974  1  
0.0604428  -0.026094  0.997821  0  -0.0763257  -0.996843  -0.021445  0  0.995249  -0.0748646  -0.0622448  0  0.425528  -0.0449631  0.772931  1  
0.0605336  -0.0261039  0.997815  0  -0.0763361  -0.996842  -0.0214474  0  0.995243  -0.0748725  -0.0623363  0  0.425561  -0.044972  0.772884  1  
0.0606272  -0.0261196  0.997809  0  -0.0763468  -0.996841  -0.0214554  0  0.995236  -0.0748802  -0.0624311  0  0.425598  -0.0449808  0.772836  1  
0.06071  -0.0261368  0.997804  0  -0.0763572  -0.99684  -0.0214657  0  0.99523  -0.0748877  -0.0625151  0  0.42563  -0.0449883  0.772793  1  
0.0608077  -0.0261431  0.997797  0  -0.0763669  -0.996839  -0.0214641  0  0.995224  -0.0748949  -0.0626132  0  0.425667  -0.0449963  0.772741  1  
0.060898  -0.0261544  0.997792  0  -0.0763759  -0.996838  -0.021468  0  0.995218  -0.0749013  -0.0627043  0  0.425703  -0.0450047  0.772695  1  
0.0609911  -0.026171  0.997786  0  -0.0763832  -0.996838  -0.0214771  0  0.995211  -0.0749056  -0.0627985  0  0.425738  -0.0450122  0.772647  1  
0.0610881  -0.0261893  0.997779  0  -0.0763969  -0.996836  -0.0214872  0  0.995204  -0.0749161  -0.0628968  0  0.425774  -0.0450228  0.772598  1  
0.0611777  -0.0262031  0.997773  0  -0.0764058  -0.996835  -0.0214938  0  0.995198  -0.0749222  -0.0629874  0  0.425809  -0.0450307  0.772552  1  
0.0612751  -0.0262095  0.997767  0  -0.0764088  -0.996835  -0.0214926  0  0.995192  -0.0749226  -0.063085  0  0.425847  -0.0450359  0.772502  1  
0.0613638  -0.0262236  0.997761  0  -0.0764194  -0.996834  -0.0214994  0  0.995186  -0.0749304  -0.0631747  0  0.425881  -0.0450446  0.772457  1  
0.0614605  -0.0262453  0.997755  0  -0.0764339  -0.996833  -0.0215128  0  0.995179  -0.0749416  -0.0632731  0  0.425919  -0.0450557  0.772407  1  
0.061555  -0.0262557  0.997749  0  -0.0764367  -0.996833  -0.021516  0  0.995172  -0.0749416  -0.0633682  0  0.425955  -0.04506  0.772358  1  
0.0616547  -0.0262659  0.997742  0  -0.0764526  -0.996831  -0.0215176  0  0.995165  -0.0749547  -0.0634687  0  0.425992  -0.045072  0.772308  1  
0.0617532  -0.0262799  0.997736  0  -0.0764576  -0.996831  -0.0215239  0  0.995159  -0.0749567  -0.063568  0  0.426031  -0.0450779  0.772257  1  
0.0618549  -0.0262907  0.997729  0  -0.0764676  -0.99683  -0.0215263  0  0.995151  -0.0749639  -0.0636704  0  0.426069  -0.0450858  0.772204  1  
0.0619493  -0.0263083  0.997723  0  -0.0764799  -0.996829  -0.0215361  0  0.995145  -0.074973  -0.0637661  0  0.426106  -0.0450964  0.772156  1  
0.0620495  -0.0263271  0.997716  0  -0.0764889  -0.996828  -0.0215467  0  0.995138  -0.0749787  -0.0638676  0  0.426145  -0.0451055  0.772104  1  
0.0621433  -0.0263352  0.99771  0  -0.0764956  -0.996827  -0.0215473  0  0.995131  -0.0749828  -0.0639619  0  0.426182  -0.0451118  0.772056  1  
0.0622427  -0.0263497  0.997704  0  -0.07651  -0.996826  -0.0215534  0  0.995124  -0.0749942  -0.0640624  0  0.42622  -0.0451246  0.772005  1  
0.0623389  -0.026368  0.997697  0  -0.0765143  -0.996826  -0.0215641  0  0.995118  -0.0749953  -0.0641598  0  0.426257  -0.0451301  0.771956  1  
0.062435  -0.0263867  0.997691  0  -0.0765293  -0.996824  -0.0215746  0  0.995111  -0.075007  -0.0642573  0  0.426295  -0.0451428  0.771906  1  
0.0626338  -0.0264094  0.997677  0  -0.0765465  -0.996823  -0.0215812  0  0.995097  -0.0750185  -0.0644576  0  0.426372  -0.0451588  0.771805  1  
0.0627324  -0.0264322  0.997671  0  -0.0765637  -0.996821  -0.0215955  0  0.995089  -0.075032  -0.064558  0  0.426412  -0.045173  0.771753  1  
0.0628339  -0.0264487  0.997664  0  -0.0765688  -0.996821  -0.0216039  0  0.995082  -0.0750339  -0.0646606  0  0.426454  -0.0451785  0.771703  1  
0.0629347  -0.0264634  0.997657  0  -0.0765815  -0.996819  -0.0216102  0  0.995075  -0.0750435  -0.0647624  0  0.426493  -0.0451895  0.771652  1  
0.0630327  -0.0264703  0.997651  0  -0.0765878  -0.996819  -0.0216093  0  0.995068  -0.0750472  -0.0648608  0  0.426533  -0.0451963  0.771602  1  
0.0631333  -0.0264896  0.997644  0  -0.0765957  -0.996818  -0.0216205  0  0.995061  -0.0750517  -0.0649627  0  0.426572  -0.0452038  0.771551  1  
0.0632253  -0.0265011  0.997638  0  -0.0766061  -0.996817  -0.0216244  0  0.995055  -0.0750594  -0.0650554  0  0.426611  -0.0452121  0.771503  1  
0.0633335  -0.0265153  0.99763  0  -0.0766143  -0.996817  -0.0216299  0  0.995047  -0.0750644  -0.0651646  0  0.426652  -0.0452204  0.771449  1  
0.0634339  -0.0265244  0.997624  0  -0.0766245  -0.996816  -0.0216307  0  0.99504  -0.0750717  -0.0652656  0  0.426691  -0.0452281  0.771396  1  
0.0635324  -0.0265387  0.997617  0  -0.0766334  -0.996815  -0.021637  0  0.995033  -0.0750776  -0.065365  0  0.426732  -0.0452364  0.771347  1  
0.0636375  -0.0265624  0.99761  0  -0.0766449  -0.996814  -0.021652  0  0.995025  -0.0750853  -0.0654718  0  0.426773  -0.0452464  0.771294  1  
0.0637502  -0.0265677  0.997603  0  -0.0766536  -0.996813  -0.0216482  0  0.995018  -0.0750911  -0.0655848  0  0.426818  -0.0452538  0.771239  1  
0.0638605  -0.0265773  0.997595  0  -0.0766617  -0.996812  -0.021649  0  0.99501  -0.0750962  -0.0656957  0  0.42686  -0.0452617  0.771184  1  
0.063978  -0.0265917  0.997587  0  -0.0766738  -0.996811  -0.0216538  0  0.995001  -0.0751049  -0.0658141  0  0.426906  -0.0452719  0.771127  1  
0.064082  -0.0266094  0.99758  0  -0.0766857  -0.99681  -0.0216628  0  0.994994  -0.0751134  -0.0659194  0  0.426947  -0.0452814  0.771075  1  
0.0641876  -0.0266305  0.997573  0  -0.0766977  -0.996809  -0.0216751  0  0.994986  -0.0751217  -0.0660266  0  0.42699  -0.045292  0.771022  1  
0.0642916  -0.0266375  0.997566  0  -0.0767076  -0.996808  -0.0216735  0  0.994979  -0.0751289  -0.0661309  0  0.427032  -0.0452994  0.77097  1  
