0.0432322  -0.0480945  0.997897  0  -0.0791938  -0.995853  -0.044565  0  0.995921  -0.0771021  -0.0468626  0  0.416701  -0.0442213  0.779156  1  
0.0432365  -0.0480919  0.997897  0  -0.0791884  -0.995853  -0.0445623  0  0.995922  -0.0770966  -0.0468664  0  0.416702  -0.0442181  0.779155  1  
0.0432272  -0.0480917  0.997897  0  -0.079196  -0.995853  -0.0445626  0  0.995921  -0.0771047  -0.0468575  0  0.416698  -0.0442224  0.779159  1  
0.0432332  -0.0480858  0.997897  0  -0.0791915  -0.995853  -0.0445564  0  0.995921  -0.0771001  -0.0468629  0  0.416701  -0.0442196  0.779157  1  
0.0432366  -0.0480931  0.997897  0  -0.079198  -0.995853  -0.0445631  0  0.995921  -0.0771062  -0.046867  0  0.4167  -0.044225  0.779155  1  
0.0432322  -0.0480871  0.997897  0  -0.0791956  -0.995853  -0.0445576  0  0.995921  -0.0771042  -0.0468621  0  0.416699  -0.0442236  0.779156  1  
0.0432321  -0.0480807  0.997898  0  -0.079191  -0.995854  -0.0445514  0  0.995921  -0.0771  -0.0468613  0  0.416698  -0.0442211  0.779156  1  
0.0432391  -0.0480776  0.997898  0  -0.079185  -0.995854  -0.044548  0  0.995922  -0.0770937  -0.0468677  0  0.416701  -0.0442193  0.77915  1  
0.0432341  -0.0480701  0.997898  0  -0.079179  -0.995855  -0.0445413  0  0.995922  -0.0770883  -0.0468619  0  0.4167  -0.0442165  0.779151  1  
0.0432355  -0.0480788  0.997898  0  -0.0791738  -0.995855  -0.0445501  0  0.995923  -0.0770827  -0.0468638  0  0.416702  -0.0442153  0.779149  1  
0.043235  -0.0480713  0.997898  0  -0.0791698  -0.995856  -0.0445428  0  0.995923  -0.0770791  -0.0468625  0  0.416703  -0.0442137  0.779149  1  
0.043238  -0.0480675  0.997898  0  -0.079155  -0.995857  -0.0445395  0  0.995924  -0.0770643  -0.0468646  0  0.416705  -0.0442066  0.779147  1  
0.0432433  -0.0480766  0.997897  0  -0.0791536  -0.995857  -0.0445482  0  0.995924  -0.0770623  -0.0468705  0  0.416706  -0.0442088  0.779143  1  
0.0432464  -0.0480744  0.997897  0  -0.0791372  -0.995858  -0.0445465  0  0.995925  -0.0770459  -0.0468727  0  0.416706  -0.0442006  0.779142  1  
0.0432491  -0.0480799  0.997897  0  -0.0791301  -0.995859  -0.0445522  0  0.995926  -0.0770383  -0.0468755  0  0.416707  -0.0441999  0.77914  1  
0.0432604  -0.0480794  0.997897  0  -0.0791196  -0.995859  -0.0445513  0  0.995926  -0.0770273  -0.0468862  0  0.416709  -0.0441956  0.779137  1  
0.0432645  -0.0480814  0.997896  0  -0.0791044  -0.995861  -0.0445537  0  0.995927  -0.0770119  -0.0468897  0  0.416711  -0.0441895  0.779135  1  
0.0432636  -0.0480812  0.997896  0  -0.0790924  -0.995861  -0.0445541  0  0.995928  -0.077  -0.0468883  0  0.416711  -0.0441847  0.779135  1  
0.0432774  -0.0480755  0.997896  0  -0.0790809  -0.995863  -0.0445479  0  0.995928  -0.076988  -0.0469011  0  0.416715  -0.0441805  0.779129  1  
0.0432854  -0.0480705  0.997896  0  -0.0790678  -0.995864  -0.044543  0  0.995929  -0.0769748  -0.0469081  0  0.416717  -0.0441747  0.779126  1  
0.0432884  -0.0480649  0.997896  0  -0.0790481  -0.995866  -0.044538  0  0.99593  -0.0769553  -0.0469098  0  0.416718  -0.0441667  0.779124  1  
0.0432939  -0.0480653  0.997896  0  -0.07903  -0.995867  -0.0445388  0  0.995932  -0.0769369  -0.0469144  0  0.416721  -0.0441586  0.779122  1  
0.0433034  -0.0480645  0.997895  0  -0.0790117  -0.995869  -0.0445382  0  0.995933  -0.0769183  -0.0469231  0  0.416726  -0.0441521  0.779116  1  
0.0433052  -0.0480603  0.997896  0  -0.0789939  -0.99587  -0.0445347  0  0.995934  -0.0769006  -0.0469237  0  0.416726  -0.044144  0.779116  1  
0.0433031  -0.048057  0.997896  0  -0.0789751  -0.995872  -0.0445325  0  0.995936  -0.076882  -0.0469205  0  0.416727  -0.0441367  0.779117  1  
0.0433155  -0.048055  0.997895  0  -0.0789517  -0.995874  -0.0445306  0  0.995937  -0.0768581  -0.0469317  0  0.416733  -0.0441266  0.779113  1  
0.0433129  -0.0480623  0.997895  0  -0.078937  -0.995874  -0.0445388  0  0.995938  -0.0768432  -0.046929  0  0.416733  -0.0441219  0.779114  1  
0.0433242  -0.0480586  0.997895  0  -0.0789085  -0.995877  -0.0445356  0  0.99594  -0.0768144  -0.0469387  0  0.416738  -0.0441104  0.77911  1  
0.0433298  -0.048056  0.997895  0  -0.0788905  -0.995878  -0.0445334  0  0.995941  -0.0767963  -0.0469432  0  0.416741  -0.0441033  0.779108  1  
0.0433448  -0.0480643  0.997894  0  -0.0788723  -0.995879  -0.0445414  0  0.995942  -0.076777  -0.046958  0  0.416746  -0.0440979  0.779102  1  
0.043352  -0.04806  0.997894  0  -0.0788451  -0.995882  -0.0445378  0  0.995944  -0.0767496  -0.0469637  0  0.41675  -0.0440854  0.779099  1  
0.0433582  -0.0480581  0.997893  0  -0.0788169  -0.995884  -0.0445368  0  0.995946  -0.0767213  -0.0469684  0  0.416755  -0.0440744  0.779099  1  
0.0433697  -0.0480522  0.997893  0  -0.0787939  -0.995886  -0.0445311  0  0.995947  -0.076698  -0.0469784  0  0.416759  -0.0440653  0.779093  1  
0.0433749  -0.0480511  0.997893  0  -0.0787655  -0.995888  -0.0445309  0  0.995949  -0.0766695  -0.0469823  0  0.416763  -0.0440538  0.779091  1  
0.0433807  -0.0480532  0.997893  0  -0.0787391  -0.99589  -0.0445338  0  0.995951  -0.0766427  -0.046987  0  0.416769  -0.0440431  0.779089  1  
0.0433903  -0.0480537  0.997892  0  -0.078716  -0.995892  -0.0445347  0  0.995952  -0.0766192  -0.0469956  0  0.416773  -0.0440347  0.779085  1  
0.0434004  -0.048048  0.997892  0  -0.0786883  -0.995895  -0.0445295  0  0.995954  -0.0765913  -0.0470039  0  0.416779  -0.0440229  0.779081  1  
0.0434072  -0.0480518  0.997892  0  -0.0786624  -0.995896  -0.044534  0  0.995956  -0.0765649  -0.0470099  0  0.416783  -0.0440134  0.779078  1  
0.0434183  -0.0480465  0.997891  0  -0.078629  -0.995899  -0.0445294  0  0.995958  -0.0765313  -0.047019  0  0.416789  -0.0440003  0.779074  1  
0.0434302  -0.0480546  0.99789  0  -0.0786073  -0.995901  -0.0445377  0  0.995959  -0.0765086  -0.0470305  0  0.416795  -0.0439934  0.77907  1  
0.0434428  -0.0480507  0.99789  0  -0.0785794  -0.995903  -0.044534  0  0.995961  -0.0764804  -0.0470415  0  0.416801  -0.0439828  0.779065  1  
0.0434495  -0.048047  0.99789  0  -0.0785493  -0.995905  -0.0445313  0  0.995963  -0.0764501  -0.0470465  0  0.416805  -0.0439709  0.779063  1  
0.0434675  -0.0480499  0.997889  0  -0.0785177  -0.995908  -0.0445343  0  0.995965  -0.0764176  -0.0470633  0  0.416813  -0.0439588  0.779056  1  
0.0434788  -0.0480519  0.997888  0  -0.0784901  -0.99591  -0.0445367  0  0.995966  -0.0763895  -0.0470735  0  0.416819  -0.0439477  0.779052  1  
0.0434924  -0.0480533  0.997888  0  -0.0784625  -0.995912  -0.0445384  0  0.995968  -0.0763612  -0.0470859  0  0.416825  -0.0439379  0.779046  1  
0.0435067  -0.0480532  0.997887  0  -0.07843  -0.995915  -0.0445387  0  0.99597  -0.0763281  -0.0470986  0  0.416831  -0.0439255  0.779041  1  
0.043525  -0.0480592  0.997886  0  -0.0784063  -0.995916  -0.0445445  0  0.995971  -0.0763032  -0.0471163  0  0.416839  -0.043919  0.779033  1  
0.043534  -0.0480615  0.997886  0  -0.0783729  -0.995919  -0.0445477  0  0.995973  -0.0762693  -0.0471239  0  0.416845  -0.0439057  0.77903  1  
0.0435507  -0.0480648  0.997885  0  -0.0783439  -0.995921  -0.044551  0  0.995975  -0.0762394  -0.0471396  0  0.416853  -0.0438958  0.779022  1  
0.0435724  -0.0480652  0.997884  0  -0.0783154  -0.995923  -0.0445511  0  0.995976  -0.0762099  -0.04716  0  0.416862  -0.0438855  0.779014  1  
0.0435878  -0.0480619  0.997883  0  -0.0782837  -0.995926  -0.0445481  0  0.995978  -0.0761777  -0.0471735  0  0.416869  -0.0438733  0.779007  1  
0.0435981  -0.0480732  0.997882  0  -0.0782587  -0.995927  -0.0445599  0  0.995979  -0.0761517  -0.0471836  0  0.416875  -0.0438654  0.779004  1  
0.0436196  -0.0480733  0.997881  0  -0.0782201  -0.99593  -0.0445601  0  0.995981  -0.0761122  -0.0472033  0  0.416885  -0.0438501  0.778994  1  
0.0436411  -0.0480769  0.99788  0  -0.0781938  -0.995932  -0.0445634  0  0.995982  -0.0760847  -0.0472238  0  0.416894  -0.0438419  0.778985  1  
0.0436597  -0.0480797  0.997879  0  -0.0781664  -0.995934  -0.044566  0  0.995984  -0.0760563  -0.0472414  0  0.416902  -0.0438319  0.778977  1  
0.0436748  -0.0480851  0.997878  0  -0.0781343  -0.995936  -0.0445718  0  0.995986  -0.0760233  -0.0472553  0  0.41691  -0.0438207  0.778971  1  
0.0436959  -0.0480861  0.997877  0  -0.0781007  -0.995939  -0.0445727  0  0.995987  -0.0759887  -0.047275  0  0.416919  -0.0438081  0.778963  1  
0.0437216  -0.0480812  0.997876  0  -0.0780688  -0.995942  -0.0445674  0  0.995989  -0.075956  -0.0472987  0  0.41693  -0.043796  0.778951  1  
0.0437448  -0.0480881  0.997875  0  -0.0780378  -0.995944  -0.044574  0  0.99599  -0.0759236  -0.0473209  0  0.416941  -0.0437838  0.778944  1  
0.0437696  -0.048089  0.997874  0  -0.0780017  -0.995947  -0.0445747  0  0.995992  -0.0758863  -0.0473441  0  0.416953  -0.0437688  0.778933  1  
0.0437882  -0.0480873  0.997873  0  -0.0779717  -0.995949  -0.044573  0  0.995993  -0.0758556  -0.0473612  0  0.416962  -0.043758  0.778925  1  
0.0438112  -0.0480899  0.997872  0  -0.0779347  -0.995952  -0.0445757  0  0.995995  -0.0758174  -0.0473826  0  0.416972  -0.0437439  0.778915  1  
0.0438425  -0.0480901  0.997871  0  -0.0779047  -0.995954  -0.0445749  0  0.995996  -0.075786  -0.0474125  0  0.416986  -0.0437327  0.778901  1  
0.0438683  -0.0480896  0.99787  0  -0.0778728  -0.995957  -0.044574  0  0.995998  -0.0757529  -0.0474367  0  0.416997  -0.0437205  0.77889  1  
0.0438889  -0.0480931  0.997869  0  -0.0778406  -0.995959  -0.0445774  0  0.995999  -0.0757197  -0.047456  0  0.417007  -0.0437068  0.778882  1  
0.043919  -0.0480959  0.997867  0  -0.0778074  -0.995962  -0.0445795  0  0.996  -0.075685  -0.0474848  0  0.41702  -0.0436937  0.778868  1  
0.0439521  -0.0480917  0.997866  0  -0.0777741  -0.995964  -0.0445744  0  0.996002  -0.0756504  -0.0475159  0  0.417033  -0.0436808  0.778855  1  
0.043977  -0.04809  0.997865  0  -0.0777397  -0.995967  -0.0445725  0  0.996003  -0.075615  -0.047539  0  0.417045  -0.0436656  0.778844  1  
0.0440115  -0.048095  0.997863  0  -0.0777102  -0.995969  -0.0445763  0  0.996004  -0.0755837  -0.0475725  0  0.417059  -0.0436543  0.778829  1  
0.0440441  -0.0480945  0.997862  0  -0.0776774  -0.995972  -0.0445748  0  0.996005  -0.0755495  -0.0476034  0  0.417073  -0.0436416  0.778815  1  
0.0440734  -0.0480954  0.99786  0  -0.0776463  -0.995974  -0.044575  0  0.996006  -0.075517  -0.0476313  0  0.417086  -0.0436299  0.778803  1  
0.044108  -0.0480983  0.997859  0  -0.0776176  -0.995976  -0.0445767  0  0.996007  -0.0754866  -0.0476648  0  0.417101  -0.0436193  0.778788  1  
0.0441392  -0.0481033  0.997857  0  -0.0775859  -0.995979  -0.0445808  0  0.996008  -0.0754533  -0.0476948  0  0.417114  -0.0436065  0.778774  1  
0.0441708  -0.0481085  0.997855  0  -0.0775576  -0.995981  -0.044585  0  0.996009  -0.0754234  -0.0477253  0  0.417127  -0.0435962  0.778761  1  
0.0442071  -0.0481042  0.997854  0  -0.0775261  -0.995983  -0.0445794  0  0.99601  -0.0753904  -0.0477598  0  0.417143  -0.0435834  0.778746  1  
0.0442406  -0.0481059  0.997852  0  -0.0774998  -0.995986  -0.0445799  0  0.99601  -0.0753626  -0.0477922  0  0.417156  -0.0435733  0.778731  1  
0.0442759  -0.0481102  0.997851  0  -0.0774705  -0.995988  -0.044583  0  0.996011  -0.0753314  -0.0478263  0  0.417172  -0.0435617  0.778715  1  
0.0443164  -0.0481102  0.997849  0  -0.0774441  -0.99599  -0.0445811  0  0.996011  -0.0753032  -0.0478654  0  0.417188  -0.0435516  0.778698  1  
0.0443496  -0.0481151  0.997847  0  -0.0774167  -0.995992  -0.0445849  0  0.996012  -0.0752742  -0.0478977  0  0.417201  -0.0435417  0.778683  1  
0.0443822  -0.0481168  0.997846  0  -0.0773836  -0.995994  -0.0445857  0  0.996013  -0.0752395  -0.0479288  0  0.417216  -0.0435287  0.77867  1  
0.0444226  -0.0481219  0.997844  0  -0.077357  -0.995996  -0.0445889  0  0.996013  -0.0752109  -0.0479683  0  0.417232  -0.0435186  0.778652  1  
0.0444589  -0.0481253  0.997842  0  -0.0773248  -0.995999  -0.0445912  0  0.996014  -0.0751769  -0.0480032  0  0.417249  -0.0435059  0.778637  1  
0.0445014  -0.0481291  0.99784  0  -0.0772996  -0.996  -0.044593  0  0.996014  -0.0751496  -0.0480447  0  0.417266  -0.0434968  0.778618  1  
0.0445303  -0.0481293  0.997838  0  -0.0772711  -0.996003  -0.0445924  0  0.996015  -0.0751198  -0.0480722  0  0.41728  -0.0434872  0.778606  1  
0.0445732  -0.0481372  0.997836  0  -0.077242  -0.996005  -0.0445985  0  0.996015  -0.0750884  -0.0481143  0  0.417297  -0.0434759  0.778586  1  
0.0446153  -0.0481448  0.997834  0  -0.0772161  -0.996006  -0.0446041  0  0.996016  -0.0750602  -0.0481556  0  0.417315  -0.0434672  0.778568  1  
0.0446578  -0.0481449  0.997832  0  -0.0771865  -0.996009  -0.0446025  0  0.996016  -0.0750287  -0.0481966  0  0.417333  -0.0434561  0.778549  1  
0.0447066  -0.0481439  0.99783  0  -0.0771585  -0.996011  -0.0445991  0  0.996016  -0.0749986  -0.0482439  0  0.417353  -0.0434448  0.778528  1  
0.0447457  -0.048156  0.997827  0  -0.0771397  -0.996012  -0.0446092  0  0.996016  -0.0749775  -0.048283  0  0.417369  -0.0434401  0.77851  1  
0.0447929  -0.0481603  0.997825  0  -0.0771131  -0.996014  -0.0446112  0  0.996016  -0.0749486  -0.0483291  0  0.417389  -0.0434305  0.77849  1  
0.0448331  -0.0481628  0.997823  0  -0.0770859  -0.996016  -0.0446121  0  0.996016  -0.0749194  -0.0483681  0  0.417406  -0.0434208  0.778472  1  
0.0448767  -0.0481634  0.997821  0  -0.077059  -0.996018  -0.0446107  0  0.996016  -0.0748905  -0.0484103  0  0.417425  -0.0434112  0.778454  1  
0.0449318  -0.0481716  0.997818  0  -0.0770311  -0.99602  -0.044616  0  0.996016  -0.0748598  -0.0484646  0  0.417446  -0.0434003  0.778429  1  
0.0449835  -0.0481838  0.997815  0  -0.0770069  -0.996022  -0.0446256  0  0.996015  -0.0748327  -0.048516  0  0.417468  -0.0433931  0.778406  1  
0.0450271  -0.0481869  0.997813  0  -0.0769817  -0.996024  -0.0446266  0  0.996015  -0.0748054  -0.0485585  0  0.417486  -0.0433847  0.778387  1  
0.0450888  -0.048185  0.997811  0  -0.0769571  -0.996026  -0.0446213  0  0.996014  -0.0747782  -0.0486187  0  0.417511  -0.0433749  0.778359  1  
0.0451386  -0.048195  0.997808  0  -0.0769371  -0.996027  -0.0446285  0  0.996014  -0.0747554  -0.0486681  0  0.417531  -0.0433714  0.778337  1  
0.0451953  -0.0482058  0.997805  0  -0.0769083  -0.996029  -0.0446365  0  0.996013  -0.0747236  -0.0487242  0  0.417554  -0.0433596  0.778311  1  
0.0452459  -0.0482123  0.997802  0  -0.076888  -0.99603  -0.0446401  0  0.996012  -0.0747007  -0.0487742  0  0.417575  -0.0433538  0.778288  1  
0.0452951  -0.048222  0.997799  0  -0.0768701  -0.996031  -0.0446471  0  0.996012  -0.07468  -0.0488231  0  0.417594  -0.0433499  0.778266  1  
0.0453506  -0.048222  0.997797  0  -0.0768455  -0.996033  -0.0446441  0  0.996011  -0.074653  -0.0488773  0  0.417617  -0.0433406  0.778241  1  
0.0455268  -0.0482453  0.997788  0  -0.0767777  -0.996038  -0.0446575  0  0.996008  -0.0745762  -0.0490515  0  0.417687  -0.0433205  0.778162  1  
0.0455763  -0.0482509  0.997785  0  -0.076755  -0.99604  -0.0446605  0  0.996008  -0.074551  -0.0491002  0  0.417708  -0.0433121  0.77814  1  
0.0456412  -0.0482632  0.997782  0  -0.0767293  -0.996041  -0.0446692  0  0.996007  -0.0745218  -0.0491647  0  0.417732  -0.0433049  0.778111  1  
0.0456989  -0.0482668  0.997779  0  -0.0767047  -0.996043  -0.0446698  0  0.996006  -0.0744944  -0.0492213  0  0.417757  -0.0432963  0.778085  1  
0.045763  -0.0482729  0.997776  0  -0.0766825  -0.996045  -0.0446721  0  0.996005  -0.074469  -0.0492846  0  0.41778  -0.0432893  0.778055  1  
0.0458205  -0.0482834  0.997772  0  -0.0766564  -0.996046  -0.0446796  0  0.996004  -0.0744398  -0.0493415  0  0.417804  -0.0432811  0.77803  1  
0.0458781  -0.048298  0.997769  0  -0.0766312  -0.996048  -0.0446911  0  0.996003  -0.0744113  -0.0493989  0  0.417827  -0.0432742  0.778003  1  
0.0459382  -0.0483055  0.997766  0  -0.0766088  -0.996049  -0.0446952  0  0.996002  -0.0743858  -0.0494583  0  0.41785  -0.0432676  0.777976  1  
0.0460014  -0.0483093  0.997763  0  -0.0765843  -0.996051  -0.0446955  0  0.996001  -0.0743584  -0.0495204  0  0.417876  -0.0432594  0.777948  1  
0.0460691  -0.0483148  0.99776  0  -0.0765604  -0.996053  -0.0446971  0  0.996  -0.0743311  -0.0495872  0  0.417903  -0.0432534  0.777917  1  
0.0461247  -0.0483253  0.997756  0  -0.0765391  -0.996054  -0.0447046  0  0.995999  -0.0743068  -0.0496425  0  0.417926  -0.0432466  0.777891  1  
0.046194  -0.048336  0.997753  0  -0.0765129  -0.996056  -0.0447114  0  0.995998  -0.074277  -0.0497111  0  0.417954  -0.0432383  0.77786  1  
0.0462574  -0.04834  0.99775  0  -0.0764903  -0.996058  -0.0447118  0  0.995997  -0.0742514  -0.0497736  0  0.417979  -0.043232  0.777832  1  
0.0463235  -0.048348  0.997746  0  -0.0764705  -0.996059  -0.0447159  0  0.995995  -0.0742282  -0.0498391  0  0.418004  -0.0432272  0.777802  1  
0.0463819  -0.0483614  0.997743  0  -0.0764473  -0.99606  -0.0447261  0  0.995994  -0.0742017  -0.0498973  0  0.418029  -0.0432213  0.777775  1  
0.0464562  -0.0483713  0.997739  0  -0.076427  -0.996062  -0.0447315  0  0.995992  -0.0741775  -0.049971  0  0.418058  -0.0432156  0.777741  1  
0.0465193  -0.0483799  0.997735  0  -0.0764048  -0.996063  -0.0447364  0  0.995991  -0.0741521  -0.0500336  0  0.418083  -0.0432085  0.777712  1  
0.0465904  -0.0483851  0.997732  0  -0.0763851  -0.996065  -0.0447373  0  0.995989  -0.0741289  -0.0501039  0  0.41811  -0.0432039  0.77768  1  
0.0466584  -0.0484014  0.997728  0  -0.0763598  -0.996066  -0.0447498  0  0.995988  -0.0740997  -0.0501717  0  0.418138  -0.0431964  0.777649  1  
0.0467219  -0.048411  0.997725  0  -0.0763407  -0.996067  -0.0447557  0  0.995986  -0.0740774  -0.0502348  0  0.418164  -0.0431914  0.777621  1  
0.0467993  -0.0484186  0.997721  0  -0.0763279  -0.996068  -0.0447581  0  0.995984  -0.0740607  -0.050312  0  0.418193  -0.0431897  0.777585  1  
0.0468694  -0.0484248  0.997717  0  -0.0763064  -0.99607  -0.0447602  0  0.995982  -0.0740357  -0.0503813  0  0.418221  -0.0431841  0.777553  1  
0.0469394  -0.0484416  0.997713  0  -0.0762848  -0.996071  -0.0447729  0  0.995981  -0.0740101  -0.0504513  0  0.418248  -0.043179  0.777521  1  
0.047008  -0.0484514  0.997709  0  -0.0762682  -0.996072  -0.0447785  0  0.995979  -0.0739899  -0.0505196  0  0.418276  -0.0431742  0.777489  1  
0.0470778  -0.0484561  0.997706  0  -0.0762474  -0.996073  -0.044779  0  0.995977  -0.0739658  -0.0505885  0  0.418302  -0.0431698  0.777458  1  
0.0471521  -0.0484701  0.997701  0  -0.0762327  -0.996074  -0.0447883  0  0.995974  -0.0739471  -0.0506629  0  0.418333  -0.0431674  0.777423  1  
0.0472236  -0.0484838  0.997697  0  -0.0762174  -0.996075  -0.0447974  0  0.995972  -0.0739278  -0.0507345  0  0.41836  -0.0431648  0.77739  1  
0.0472988  -0.0484895  0.997694  0  -0.0761974  -0.996076  -0.0447985  0  0.99597  -0.0739041  -0.050809  0  0.41839  -0.0431598  0.777355  1  
0.0473689  -0.0485065  0.997689  0  -0.076186  -0.996077  -0.0448109  0  0.995968  -0.0738887  -0.0508795  0  0.418418  -0.0431593  0.777323  1  
0.0474555  -0.0485089  0.997685  0  -0.0761649  -0.996078  -0.044808  0  0.995965  -0.0738636  -0.0509651  0  0.418451  -0.043153  0.777283  1  
0.0475254  -0.0485211  0.997681  0  -0.0761547  -0.996079  -0.0448154  0  0.995963  -0.0738496  -0.0510351  0  0.418479  -0.043153  0.77725  1  
0.0476006  -0.0485433  0.997677  0  -0.0761359  -0.996079  -0.044833  0  0.995961  -0.0738264  -0.0511109  0  0.418509  -0.0431491  0.777215  1  
0.0476791  -0.0485513  0.997672  0  -0.0761204  -0.99608  -0.044836  0  0.995958  -0.0738069  -0.051189  0  0.418539  -0.043145  0.777178  1  
0.0477599  -0.0485555  0.997668  0  -0.0761027  -0.996082  -0.0448351  0  0.995955  -0.0737854  -0.0512689  0  0.418572  -0.0431415  0.777141  1  
0.047841  -0.0485676  0.997664  0  -0.0760895  -0.996083  -0.0448419  0  0.995953  -0.0737679  -0.05135  0  0.418603  -0.0431385  0.777104  1  
0.047921  -0.0485791  0.997659  0  -0.0760739  -0.996083  -0.0448482  0  0.99595  -0.0737481  -0.0514299  0  0.418633  -0.043135  0.777067  1  
0.0479966  -0.0485897  0.997655  0  -0.0760633  -0.996084  -0.0448538  0  0.995947  -0.0737335  -0.0515056  0  0.418663  -0.0431347  0.777031  1  
0.0480808  -0.0485976  0.997651  0  -0.0760514  -0.996085  -0.0448561  0  0.995944  -0.0737175  -0.0515895  0  0.418695  -0.0431337  0.776993  1  
0.0481638  -0.048604  0.997647  0  -0.0760339  -0.996086  -0.0448573  0  0.995941  -0.0736958  -0.0516719  0  0.418728  -0.0431275  0.776954  1  
0.0482493  -0.0486246  0.997641  0  -0.0760244  -0.996086  -0.044872  0  0.995938  -0.0736815  -0.0517581  0  0.418762  -0.0431277  0.776914  1  
0.0483335  -0.0486315  0.997637  0  -0.0760118  -0.996087  -0.0448733  0  0.995935  -0.0736647  -0.0518419  0  0.418794  -0.0431255  0.776874  1  
0.0484168  -0.0486444  0.997632  0  -0.0760063  -0.996087  -0.0448804  0  0.995931  -0.0736548  -0.0519256  0  0.418826  -0.0431273  0.776836  1  
0.0485036  -0.0486582  0.997627  0  -0.0759959  -0.996088  -0.0448883  0  0.995928  -0.0736398  -0.0520126  0  0.418859  -0.0431273  0.776795  1  
0.0485924  -0.0486681  0.997623  0  -0.0759908  -0.996088  -0.0448918  0  0.995924  -0.0736302  -0.0521016  0  0.418894  -0.0431284  0.776753  1  
0.0486765  -0.048683  0.997618  0  -0.0759812  -0.996088  -0.044901  0  0.99592  -0.073616  -0.0521861  0  0.418926  -0.0431272  0.776713  1  
0.0487675  -0.0486923  0.997613  0  -0.0759712  -0.996089  -0.0449041  0  0.995917  -0.0736014  -0.0522769  0  0.418961  -0.0431261  0.776672  1  
0.0488555  -0.0487091  0.997608  0  -0.0759662  -0.996089  -0.0449147  0  0.995913  -0.0735915  -0.0523656  0  0.418994  -0.0431289  0.77663  1  
0.048941  -0.0487172  0.997603  0  -0.0759598  -0.996089  -0.0449167  0  0.995909  -0.0735809  -0.0524511  0  0.419027  -0.0431285  0.776591  1  
0.0490283  -0.0487381  0.997598  0  -0.075958  -0.996089  -0.0449313  0  0.995905  -0.073574  -0.0525396  0  0.419062  -0.0431333  0.776549  1  
0.0491158  -0.0487458  0.997593  0  -0.0759504  -0.996089  -0.0449329  0  0.995901  -0.0735621  -0.052627  0  0.419095  -0.0431325  0.776508  1  
0.0491988  -0.0487534  0.997589  0  -0.0759448  -0.996089  -0.0449347  0  0.995897  -0.0735524  -0.05271  0  0.419128  -0.0431334  0.77647  1  
0.0492881  -0.0487652  0.997584  0  -0.0759424  -0.996089  -0.0449401  0  0.995893  -0.0735453  -0.0527997  0  0.419161  -0.0431351  0.776427  1  
0.0493744  -0.048785  0.997579  0  -0.0759394  -0.996089  -0.0449536  0  0.995889  -0.0735373  -0.052887  0  0.419196  -0.0431383  0.776386  1  
0.0494652  -0.0487908  0.997574  0  -0.0759363  -0.996089  -0.0449529  0  0.995885  -0.0735299  -0.0529778  0  0.419232  -0.0431392  0.776344  1  
0.0495535  -0.0487953  0.997569  0  -0.0759331  -0.99609  -0.044951  0  0.995881  -0.0735224  -0.0530659  0  0.419266  -0.0431411  0.776303  1  
0.0496419  -0.0488067  0.997564  0  -0.0759274  -0.99609  -0.0449561  0  0.995877  -0.0735122  -0.0531545  0  0.419299  -0.0431415  0.776261  1  
0.0497267  -0.0488223  0.997559  0  -0.0759273  -0.996089  -0.0449655  0  0.995873  -0.0735074  -0.0532402  0  0.419333  -0.0431443  0.776221  1  
0.0498169  -0.0488292  0.997554  0  -0.0759271  -0.996089  -0.0449658  0  0.995868  -0.0735028  -0.0533306  0  0.419369  -0.0431467  0.776179  1  
0.0499119  -0.048841  0.997549  0  -0.075923  -0.996089  -0.0449707  0  0.995864  -0.0734938  -0.0534259  0  0.419404  -0.0431486  0.776133  1  
0.0499988  -0.0488547  0.997544  0  -0.0759255  -0.996089  -0.044978  0  0.995859  -0.0734916  -0.0535136  0  0.419438  -0.0431528  0.776093  1  
0.0500909  -0.0488713  0.997539  0  -0.0759237  -0.996089  -0.0449878  0  0.995855  -0.0734848  -0.0536064  0  0.419473  -0.0431555  0.77605  1  
0.0501856  -0.0488833  0.997533  0  -0.0759274  -0.996088  -0.0449926  0  0.99585  -0.0734835  -0.0537019  0  0.419509  -0.04316  0.776006  1  
0.0502754  -0.0488911  0.997528  0  -0.0759255  -0.996088  -0.0449939  0  0.995845  -0.0734771  -0.0537918  0  0.419543  -0.0431617  0.775965  1  
0.0503769  -0.0489044  0.997523  0  -0.0759275  -0.996088  -0.0449996  0  0.99584  -0.0734739  -0.0538941  0  0.419583  -0.0431664  0.775917  1  
0.0504716  -0.0489164  0.997517  0  -0.0759292  -0.996087  -0.0450045  0  0.995835  -0.0734707  -0.0539893  0  0.419619  -0.0431696  0.775873  1  
0.0505669  -0.0489256  0.997512  0  -0.0759269  -0.996087  -0.0450068  0  0.99583  -0.0734636  -0.0540848  0  0.419656  -0.0431696  0.775829  1  
0.0506604  -0.0489356  0.997507  0  -0.0759274  -0.996087  -0.0450098  0  0.995825  -0.0734593  -0.0541788  0  0.419694  -0.0431729  0.775785  1  
0.050862  -0.0489597  0.997495  0  -0.0759358  -0.996086  -0.0450186  0  0.995815  -0.0734573  -0.0543817  0  0.41977  -0.0431821  0.77569  1  
0.0509543  -0.0489754  0.99749  0  -0.0759404  -0.996086  -0.0450272  0  0.995809  -0.0734568  -0.0544751  0  0.419807  -0.0431877  0.775647  1  
0.0510491  -0.0489803  0.997485  0  -0.0759412  -0.996086  -0.0450251  0  0.995805  -0.0734531  -0.0545699  0  0.419844  -0.0431898  0.775603  1  
0.0511498  -0.0489926  0.997479  0  -0.0759417  -0.996085  -0.04503  0  0.995799  -0.0734484  -0.0546712  0  0.419883  -0.0431925  0.775555  1  
0.0512477  -0.0490046  0.997473  0  -0.0759472  -0.996085  -0.0450344  0  0.995794  -0.0734488  -0.0547699  0  0.419921  -0.0431979  0.775507  1  
0.0513375  -0.0490146  0.997468  0  -0.0759483  -0.996084  -0.0450377  0  0.995789  -0.0734453  -0.0548601  0  0.419957  -0.0432007  0.775465  1  
0.0514354  -0.0490285  0.997462  0  -0.0759528  -0.996084  -0.0450441  0  0.995784  -0.0734446  -0.0549589  0  0.419996  -0.0432059  0.775418  1  
0.0515352  -0.0490319  0.997457  0  -0.075954  -0.996084  -0.0450401  0  0.995779  -0.0734412  -0.0550586  0  0.420034  -0.0432077  0.775372  1  
0.0516403  -0.0490471  0.997451  0  -0.0759564  -0.996083  -0.0450475  0  0.995773  -0.0734379  -0.0551645  0  0.420075  -0.0432121  0.775322  1  
0.0517327  -0.0490588  0.997446  0  -0.07596  -0.996083  -0.0450521  0  0.995768  -0.0734367  -0.0552576  0  0.420112  -0.0432153  0.775277  1  
0.0518339  -0.0490681  0.99744  0  -0.0759686  -0.996082  -0.0450535  0  0.995762  -0.0734402  -0.0553595  0  0.420151  -0.0432218  0.77523  1  
0.0519324  -0.0490715  0.997435  0  -0.0759744  -0.996082  -0.0450493  0  0.995756  -0.0734414  -0.0554581  0  0.42019  -0.0432269  0.775183  1  
0.0520314  -0.0490857  0.997429  0  -0.0759775  -0.996081  -0.0450559  0  0.995751  -0.0734393  -0.0555579  0  0.420229  -0.0432301  0.775136  1  
0.0521282  -0.0490959  0.997423  0  -0.0759826  -0.996081  -0.0450588  0  0.995746  -0.0734394  -0.0556554  0  0.420268  -0.0432358  0.775089  1  
0.0522258  -0.0491095  0.997417  0  -0.0759898  -0.99608  -0.0450647  0  0.99574  -0.0734415  -0.055754  0  0.420307  -0.0432414  0.775042  1  
0.0523234  -0.0491229  0.997412  0  -0.0759988  -0.996079  -0.0450704  0  0.995734  -0.0734453  -0.0558526  0  0.420344  -0.0432489  0.774996  1  
0.0524236  -0.049126  0.997406  0  -0.0760011  -0.996079  -0.045066  0  0.995729  -0.0734429  -0.0559527  0  0.420384  -0.0432512  0.774948  1  
0.052521  -0.0491428  0.9974  0  -0.0760104  -0.996078  -0.0450751  0  0.995723  -0.0734468  -0.0560515  0  0.420423  -0.0432583  0.774901  1  
0.0526215  -0.049155  0.997394  0  -0.0760206  -0.996077  -0.0450793  0  0.995717  -0.0734518  -0.0561529  0  0.420463  -0.0432652  0.774853  1  
0.0527225  -0.0491702  0.997388  0  -0.0760295  -0.996076  -0.0450865  0  0.995711  -0.0734553  -0.0562551  0  0.420503  -0.0432714  0.774805  1  
0.0528234  -0.0491731  0.997383  0  -0.0760355  -0.996076  -0.0450816  0  0.995705  -0.0734565  -0.0563561  0  0.420544  -0.0432776  0.774758  1  
0.0529275  -0.0491882  0.997377  0  -0.0760464  -0.996075  -0.0450885  0  0.995698  -0.0734619  -0.0564614  0  0.420586  -0.0432856  0.774706  1  
0.0530239  -0.049204  0.997371  0  -0.0760586  -0.996073  -0.0450964  0  0.995692  -0.0734688  -0.0565592  0  0.420625  -0.0432928  0.774661  1  
0.0531219  -0.0492216  0.997365  0  -0.0760647  -0.996072  -0.0451064  0  0.995687  -0.0734695  -0.0566584  0  0.420664  -0.0432982  0.774614  1  
0.0532171  -0.0492202  0.99736  0  -0.076073  -0.996072  -0.0450975  0  0.995681  -0.0734736  -0.0567535  0  0.420703  -0.0433029  0.774569  1  
0.0533202  -0.0492347  0.997353  0  -0.0760884  -0.996071  -0.0451035  0  0.995674  -0.0734835  -0.056858  0  0.420743  -0.0433131  0.77452  1  
0.0534322  -0.0492434  0.997347  0  -0.0760957  -0.99607  -0.0451036  0  0.995668  -0.0734853  -0.0569706  0  0.420787  -0.0433176  0.774467  1  
0.0535397  -0.049259  0.99734  0  -0.0761103  -0.996069  -0.0451104  0  0.995661  -0.0734941  -0.0570794  0  0.420829  -0.043326  0.774416  1  
0.0536402  -0.0492634  0.997335  0  -0.0761151  -0.996069  -0.0451071  0  0.995655  -0.0734941  -0.0571801  0  0.42087  -0.0433296  0.774369  1  
0.0537446  -0.0492741  0.997329  0  -0.0761282  -0.996067  -0.0451094  0  0.995648  -0.0735019  -0.0572855  0  0.420912  -0.0433379  0.774319  1  
0.0538524  -0.0492914  0.997322  0  -0.0761399  -0.996066  -0.045118  0  0.995642  -0.0735077  -0.0573947  0  0.420954  -0.0433454  0.774269  1  
0.0539621  -0.0493011  0.997316  0  -0.0761477  -0.996066  -0.0451192  0  0.995635  -0.07351  -0.0575051  0  0.420998  -0.0433507  0.774218  1  
0.054069  -0.0493134  0.997309  0  -0.0761622  -0.996064  -0.0451227  0  0.995628  -0.073519  -0.0576131  0  0.421041  -0.043359  0.774168  1  
0.054171  -0.0493206  0.997303  0  -0.0761739  -0.996063  -0.0451218  0  0.995622  -0.0735256  -0.0577158  0  0.421081  -0.0433665  0.77412  1  
0.0542836  -0.0493317  0.997297  0  -0.0761808  -0.996063  -0.0451241  0  0.995615  -0.0735268  -0.0578291  0  0.421127  -0.0433703  0.774068  1  
0.0543949  -0.0493433  0.99729  0  -0.0761915  -0.996062  -0.0451268  0  0.995608  -0.0735317  -0.0579414  0  0.421171  -0.0433776  0.774016  1  
0.0545049  -0.0493553  0.997283  0  -0.0762028  -0.996061  -0.0451301  0  0.995601  -0.0735374  -0.0580523  0  0.421215  -0.0433844  0.773964  1  
0.0546094  -0.0493694  0.997277  0  -0.0762133  -0.99606  -0.0451358  0  0.995595  -0.0735424  -0.0581579  0  0.421258  -0.0433913  0.773915  1  
0.0547175  -0.0493782  0.997271  0  -0.0762218  -0.996059  -0.0451362  0  0.995588  -0.0735455  -0.0582666  0  0.421302  -0.0433979  0.773864  1  
0.0548217  -0.0493883  0.997264  0  -0.0762336  -0.996058  -0.0451379  0  0.995582  -0.0735519  -0.0583718  0  0.421345  -0.0434055  0.773814  1  
0.0549248  -0.0494055  0.997258  0  -0.0762436  -0.996057  -0.0451468  0  0.995575  -0.0735562  -0.0584762  0  0.42139  -0.0434129  0.773764  1  
0.0550296  -0.0494124  0.997252  0  -0.07625  -0.996057  -0.0451456  0  0.995569  -0.0735575  -0.0585814  0  0.421434  -0.0434165  0.773714  1  
0.0551303  -0.0494211  0.997246  0  -0.0762604  -0.996056  -0.0451462  0  0.995563  -0.0735628  -0.0586829  0  0.421478  -0.0434241  0.773665  1  
0.055227  -0.0494269  0.99724  0  -0.0762676  -0.996055  -0.0451445  0  0.995557  -0.0735653  -0.0587799  0  0.421519  -0.0434302  0.77362  1  
0.0553374  -0.0494478  0.997233  0  -0.0762758  -0.996054  -0.0451567  0  0.99555  -0.0735673  -0.0588919  0  0.421565  -0.0434365  0.773566  1  
0.0554465  -0.0494609  0.997226  0  -0.076285  -0.996053  -0.0451612  0  0.995543  -0.0735708  -0.059002  0  0.421612  -0.0434436  0.773515  1  
0.0555444  -0.0494647  0.997221  0  -0.0762927  -0.996053  -0.0451573  0  0.995537  -0.0735739  -0.0591001  0  0.421654  -0.043449  0.773468  1  
0.0556459  -0.0494758  0.997214  0  -0.0763018  -0.996052  -0.0451604  0  0.995531  -0.0735777  -0.0592025  0  0.421699  -0.0434563  0.773421  1  
0.0557572  -0.049492  0.997207  0  -0.0763107  -0.996051  -0.0451678  0  0.995524  -0.0735806  -0.0593149  0  0.421745  -0.0434621  0.77337  1  
0.0558601  -0.0495069  0.997201  0  -0.0763191  -0.99605  -0.0451746  0  0.995517  -0.0735834  -0.0594189  0  0.421789  -0.0434693  0.773321  1  
0.0559671  -0.0495182  0.997194  0  -0.0763299  -0.996049  -0.0451774  0  0.995511  -0.0735887  -0.0595269  0  0.421834  -0.0434774  0.773272  1  
0.0560714  -0.049522  0.997188  0  -0.0763357  -0.996049  -0.0451731  0  0.995504  -0.0735896  -0.0596313  0  0.421878  -0.0434814  0.773224  1  
0.0561895  -0.049539  0.997181  0  -0.0763443  -0.996048  -0.0451809  0  0.995497  -0.0735918  -0.0597506  0  0.421928  -0.0434885  0.773169  1  
0.0563039  -0.0495561  0.997173  0  -0.0763554  -0.996046  -0.0451888  0  0.99549  -0.0735967  -0.0598663  0  0.421976  -0.0434961  0.773115  1  
0.0564137  -0.0495681  0.997167  0  -0.0763677  -0.996045  -0.0451919  0  0.995482  -0.0736033  -0.0599772  0  0.422023  -0.0435045  0.773065  1  
0.0565329  -0.0495758  0.997159  0  -0.0763729  -0.996045  -0.0451906  0  0.995475  -0.0736026  -0.0600968  0  0.422072  -0.0435086  0.773011  1  
0.0566529  -0.0495842  0.997152  0  -0.0763874  -0.996044  -0.0451892  0  0.995467  -0.0736112  -0.0602176  0  0.422122  -0.043518  0.772956  1  
0.056755  -0.0496032  0.997145  0  -0.076397  -0.996043  -0.0452  0  0.995461  -0.073615  -0.0603211  0  0.422167  -0.0435253  0.772909  1  
0.0568729  -0.049611  0.997138  0  -0.0764056  -0.996042  -0.0451986  0  0.995453  -0.0736178  -0.0604396  0  0.422216  -0.0435313  0.772856  1  
0.056993  -0.0496239  0.997131  0  -0.0764137  -0.996041  -0.0452021  0  0.995446  -0.0736196  -0.0605605  0  0.422265  -0.0435372  0.7728  1  
0.0571092  -0.0496338  0.997124  0  -0.0764257  -0.99604  -0.0452026  0  0.995438  -0.0736258  -0.0606775  0  0.422316  -0.043545  0.772748  1  
0.0572315  -0.0496468  0.997116  0  -0.0764341  -0.99604  -0.0452061  0  0.995431  -0.0736279  -0.0608008  0  0.422367  -0.043551  0.772692  1  
0.0573509  -0.0496635  0.997108  0  -0.0764407  -0.996039  -0.0452136  0  0.995423  -0.073628  -0.0609212  0  0.422418  -0.043557  0.772638  1  
0.0574776  -0.0496777  0.9971  0  -0.0764563  -0.996037  -0.0452175  0  0.995415  -0.073637  -0.0610492  0  0.42247  -0.0435664  0.77258  1  
0.0575897  -0.049686  0.997094  0  -0.0764686  -0.996037  -0.0452166  0  0.995407  -0.0736437  -0.0611621  0  0.422517  -0.0435747  0.77253  1  
0.0577011  -0.0496995  0.997086  0  -0.0764784  -0.996036  -0.0452213  0  0.9954  -0.0736477  -0.0612745  0  0.422564  -0.0435813  0.77248  1  
0.0578257  -0.0497106  0.997079  0  -0.0764886  -0.996035  -0.0452226  0  0.995392  -0.0736515  -0.0613999  0  0.422615  -0.0435882  0.772424  1  
0.0579413  -0.0497261  0.997071  0  -0.0765011  -0.996033  -0.0452287  0  0.995384  -0.0736578  -0.0615167  0  0.422665  -0.0435965  0.772371  1  
0.0580668  -0.0497269  0.997064  0  -0.0765117  -0.996033  -0.0452196  0  0.995376  -0.0736627  -0.0616424  0  0.422717  -0.0436037  0.772316  1  
0.0581831  -0.0497421  0.997056  0  -0.076523  -0.996032  -0.0452255  0  0.995369  -0.0736678  -0.0617599  0  0.422768  -0.0436111  0.772263  1  
0.0583051  -0.049753  0.997049  0  -0.0765368  -0.996031  -0.0452265  0  0.99536  -0.0736754  -0.0618829  0  0.422819  -0.0436204  0.772207  1  
0.0584234  -0.0497749  0.997041  0  -0.0765523  -0.996029  -0.0452387  0  0.995352  -0.0736841  -0.0620029  0  0.422869  -0.0436302  0.772154  1  
0.0585337  -0.0497812  0.997034  0  -0.0765608  -0.996029  -0.0452363  0  0.995345  -0.0736873  -0.0621137  0  0.422917  -0.0436362  0.772104  1  
0.0586579  -0.0497906  0.997026  0  -0.076572  -0.996028  -0.0452358  0  0.995337  -0.0736923  -0.0622387  0  0.422969  -0.0436432  0.772048  1  
0.058774  -0.049803  0.997019  0  -0.0765812  -0.996027  -0.045239  0  0.995329  -0.0736954  -0.0623557  0  0.42302  -0.0436496  0.771996  1  
0.0588938  -0.049817  0.997011  0  -0.0765948  -0.996026  -0.0452433  0  0.995321  -0.0737027  -0.0624766  0  0.423072  -0.0436574  0.771942  1  
0.0590106  -0.0498312  0.997003  0  -0.0766055  -0.996025  -0.0452482  0  0.995314  -0.0737073  -0.0625946  0  0.423124  -0.0436655  0.771889  1  
0.0591291  -0.0498416  0.996996  0  -0.0766197  -0.996023  -0.0452489  0  0.995305  -0.0737154  -0.062714  0  0.423176  -0.0436748  0.771835  1  
0.0592479  -0.0498503  0.996988  0  -0.0766314  -0.996023  -0.045248  0  0.995298  -0.0737212  -0.0628336  0  0.423229  -0.0436824  0.771781  1  
0.0593597  -0.0498647  0.996981  0  -0.0766423  -0.996021  -0.0452534  0  0.99529  -0.0737261  -0.0629465  0  0.423281  -0.0436892  0.771729  1  
0.0594732  -0.0498838  0.996973  0  -0.0766553  -0.99602  -0.0452633  0  0.995282  -0.0737328  -0.0630616  0  0.423334  -0.0436988  0.771676  1  
0.0595879  -0.0498894  0.996966  0  -0.0766615  -0.99602  -0.0452601  0  0.995275  -0.0737334  -0.0631765  0  0.423388  -0.0437039  0.771624  1  
0.0597049  -0.0498983  0.996958  0  -0.0766753  -0.996019  -0.0452594  0  0.995267  -0.0737413  -0.0632944  0  0.423442  -0.043713  0.77157  1  
0.0598262  -0.0499087  0.996951  0  -0.0766848  -0.996018  -0.0452602  0  0.995259  -0.0737446  -0.0634165  0  0.423498  -0.04372  0.771514  1  
0.0599428  -0.04993  0.996943  0  -0.0766979  -0.996016  -0.045272  0  0.995251  -0.0737511  -0.0635348  0  0.423554  -0.0437293  0.771461  1  
0.0600639  -0.0499386  0.996935  0  -0.0767069  -0.996016  -0.0452711  0  0.995243  -0.073754  -0.0636565  0  0.423609  -0.0437366  0.771406  1  
0.0601774  -0.0499532  0.996927  0  -0.0767187  -0.996015  -0.0452765  0  0.995235  -0.0737597  -0.0637711  0  0.423662  -0.0437455  0.771355  1  
0.060301  -0.0499651  0.996919  0  -0.0767321  -0.996013  -0.0452784  0  0.995227  -0.0737668  -0.0638958  0  0.423719  -0.0437542  0.771299  1  
0.0604238  -0.04998  0.996911  0  -0.0767411  -0.996013  -0.0452836  0  0.995218  -0.0737693  -0.0640196  0  0.423775  -0.0437612  0.771243  1  
0.0605445  -0.0499893  0.996903  0  -0.0767524  -0.996012  -0.0452832  0  0.99521  -0.0737745  -0.0641411  0  0.423833  -0.0437686  0.771189  1  
0.0606691  -0.0500021  0.996895  0  -0.0767684  -0.99601  -0.0452857  0  0.995201  -0.073784  -0.0642669  0  0.423891  -0.0437796  0.771133  1  
0.0607966  -0.05002  0.996886  0  -0.0767766  -0.996009  -0.0452937  0  0.995193  -0.0737852  -0.0643956  0  0.42395  -0.0437863  0.771076  1  
0.0609207  -0.0500342  0.996878  0  -0.0767884  -0.996008  -0.0452979  0  0.995184  -0.0737905  -0.0645208  0  0.424008  -0.0437956  0.77102  1  
0.061041  -0.0500456  0.99687  0  -0.0767981  -0.996007  -0.0452998  0  0.995176  -0.073794  -0.0646419  0  0.424064  -0.0438038  0.770966  1  
0.0611654  -0.0500599  0.996862  0  -0.0768107  -0.996006  -0.0453039  0  0.995168  -0.0738001  -0.0647675  0  0.424123  -0.0438121  0.77091  1  
0.0612931  -0.0500711  0.996853  0  -0.07682  -0.996005  -0.0453051  0  0.995159  -0.0738028  -0.064896  0  0.424184  -0.0438193  0.770853  1  
0.0614245  -0.050079  0.996845  0  -0.0768346  -0.996004  -0.0453023  0  0.99515  -0.0738109  -0.0650281  0  0.424244  -0.0438291  0.770795  1  
0.0615417  -0.0500923  0.996837  0  -0.0768462  -0.996003  -0.0453062  0  0.995142  -0.0738163  -0.0651464  0  0.424302  -0.0438371  0.770742  1  
0.0616597  -0.0501116  0.996829  0  -0.0768633  -0.996002  -0.0453156  0  0.995133  -0.0738268  -0.0652661  0  0.424359  -0.0438493  0.770688  1  
0.0617761  -0.0501266  0.996821  0  -0.0768757  -0.996  -0.0453211  0  0.995125  -0.073833  -0.0653838  0  0.424417  -0.0438593  0.770635  1  
0.0618965  -0.0501319  0.996813  0  -0.0768825  -0.996  -0.0453171  0  0.995117  -0.0738339  -0.0655044  0  0.424474  -0.043865  0.77058  1  
0.0620168  -0.050148  0.996805  0  -0.0768984  -0.995999  -0.0453232  0  0.995108  -0.0738433  -0.0656262  0  0.424533  -0.0438761  0.770525  1  
0.0621343  -0.0501644  0.996797  0  -0.0769165  -0.995997  -0.0453297  0  0.995099  -0.073855  -0.0657453  0  0.42459  -0.0438879  0.770472  1  
0.0622421  -0.0501785  0.996789  0  -0.0769257  -0.995996  -0.0453351  0  0.995092  -0.0738584  -0.0658542  0  0.424644  -0.0438945  0.770422  1  
0.0623609  -0.0501921  0.996781  0  -0.0769396  -0.995995  -0.045339  0  0.995084  -0.073866  -0.0659742  0  0.424702  -0.0439052  0.770367  1  
0.0624791  -0.0501963  0.996774  0  -0.0769496  -0.995994  -0.0453337  0  0.995075  -0.0738704  -0.0660926  0  0.424761  -0.0439127  0.770313  1  
