-0.00199807  -0.0310841  0.999505  0  -0.0508002  -0.998213  -0.0311455  0  0.998707  -0.0508382  0.000415432  0  0.400795  -0.0430483  0.776071  1  
-0.00200147  -0.0310872  0.999505  0  -0.0507997  -0.998213  -0.0311487  0  0.998707  -0.0508379  0.000418681  0  0.400793  -0.0430479  0.776072  1  
-0.00199633  -0.0310828  0.999505  0  -0.0508018  -0.998213  -0.0311441  0  0.998707  -0.0508398  0.000413708  0  0.400795  -0.0430478  0.77607  1  
-0.00200291  -0.0310881  0.999505  0  -0.0508028  -0.998213  -0.0311497  0  0.998707  -0.050841  0.000419984  0  0.400793  -0.0430487  0.776072  1  
-0.00199696  -0.0310854  0.999505  0  -0.0508039  -0.998213  -0.0311467  0  0.998707  -0.0508419  0.000414147  0  0.400794  -0.0430498  0.776068  1  
-0.00199513  -0.0310819  0.999505  0  -0.0508015  -0.998213  -0.0311431  0  0.998707  -0.0508395  0.00041257  0  0.400794  -0.0430481  0.776068  1  
-0.00199565  -0.0310857  0.999505  0  -0.050802  -0.998213  -0.0311469  0  0.998707  -0.05084  0.00041288  0  0.400792  -0.0430492  0.776066  1  
-0.00198988  -0.0310892  0.999505  0  -0.0508022  -0.998213  -0.0311501  0  0.998707  -0.05084  0.000406936  0  0.400791  -0.0430504  0.776062  1  
-0.00197635  -0.0310922  0.999505  0  -0.0507994  -0.998213  -0.0311524  0  0.998707  -0.0508368  0.00039336  0  0.400792  -0.0430496  0.776057  1  
-0.00196165  -0.031091  0.999505  0  -0.0507993  -0.998213  -0.0311505  0  0.998707  -0.0508362  0.000378752  0  0.400795  -0.0430494  0.776051  1  
-0.00193874  -0.0310965  0.999505  0  -0.0507979  -0.998213  -0.0311548  0  0.998707  -0.0508342  0.000355641  0  0.4008  -0.0430494  0.776042  1  
-0.0019063  -0.0310938  0.999505  0  -0.050788  -0.998214  -0.0311504  0  0.998708  -0.0508233  0.000323715  0  0.400811  -0.043046  0.77603  1  
-0.00186622  -0.0310916  0.999505  0  -0.0507766  -0.998215  -0.0311463  0  0.998708  -0.0508106  0.00028417  0  0.400824  -0.0430412  0.776014  1  
-0.00182523  -0.0310984  0.999505  0  -0.0507721  -0.998215  -0.031151  0  0.998709  -0.0508048  0.000243045  0  0.400838  -0.0430395  0.776  1  
-0.00177456  -0.0310996  0.999505  0  -0.0507659  -0.998215  -0.0311496  0  0.998709  -0.050797  0.000192594  0  0.400855  -0.0430371  0.775981  1  
-0.00171603  -0.0311044  0.999505  0  -0.0507606  -0.998215  -0.0311515  0  0.998709  -0.0507899  0.000134093  0  0.400873  -0.0430356  0.775961  1  
-0.00166055  -0.031107  0.999505  0  -0.0507514  -0.998216  -0.0311512  0  0.99871  -0.050779  7.88646e-05  0  0.40089  -0.0430316  0.775941  1  
-0.00160156  -0.0311107  0.999505  0  -0.0507424  -0.998216  -0.0311519  0  0.99871  -0.0507682  2.00745e-05  0  0.400906  -0.043028  0.775922  1  
-0.00154639  -0.0311143  0.999505  0  -0.050733  -0.998217  -0.0311527  0  0.998711  -0.0507571  -3.48901e-05  0  0.400922  -0.0430246  0.775902  1  
-0.00149553  -0.0311078  0.999505  0  -0.0507242  -0.998217  -0.0311436  0  0.998712  -0.0507467  -8.5058e-05  0  0.400937  -0.0430207  0.775885  1  
-0.0014584  -0.0311077  0.999505  0  -0.0507167  -0.998218  -0.0311416  0  0.998712  -0.050738  -0.000121877  0  0.400948  -0.0430172  0.775871  1  
-0.00141142  -0.0311048  0.999506  0  -0.0507046  -0.998219  -0.0311364  0  0.998713  -0.0507244  -0.000168251  0  0.400961  -0.0430113  0.775854  1  
-0.00137128  -0.0311094  0.999505  0  -0.0506951  -0.998219  -0.0311389  0  0.998713  -0.0507137  -0.000208263  0  0.400972  -0.0430075  0.775838  1  
-0.00132936  -0.0311085  0.999505  0  -0.0506837  -0.99822  -0.0311359  0  0.998714  -0.050701  -0.000249711  0  0.400985  -0.0430017  0.775822  1  
-0.00129964  -0.0311102  0.999505  0  -0.050672  -0.99822  -0.031136  0  0.998714  -0.0506884  -0.000279093  0  0.400995  -0.0429958  0.77581  1  
-0.00126626  -0.0311148  0.999505  0  -0.0506623  -0.998221  -0.031139  0  0.998715  -0.0506776  -0.000312348  0  0.401006  -0.0429917  0.775798  1  
-0.00124597  -0.0311091  0.999506  0  -0.0506514  -0.998221  -0.0311323  0  0.998716  -0.0506661  -0.000331972  0  0.401012  -0.0429862  0.77579  1  
-0.00121238  -0.0311085  0.999506  0  -0.0506416  -0.998222  -0.03113  0  0.998716  -0.0506553  -0.000365161  0  0.401023  -0.0429825  0.775776  1  
-0.0011782  -0.03111  0.999506  0  -0.0506338  -0.998222  -0.0311298  0  0.998717  -0.0506464  -0.000399124  0  0.401035  -0.04298  0.775763  1  
-0.00115065  -0.0311084  0.999506  0  -0.0506209  -0.998223  -0.0311267  0  0.998717  -0.0506327  -0.000426136  0  0.401046  -0.0429748  0.775753  1  
-0.00111582  -0.0311044  0.999506  0  -0.0506124  -0.998224  -0.031121  0  0.998718  -0.0506231  -0.000460439  0  0.401057  -0.0429701  0.77574  1  
-0.00108358  -0.0311078  0.999506  0  -0.0505958  -0.998225  -0.0311228  0  0.998719  -0.0506055  -0.000492278  0  0.40107  -0.0429639  0.775729  1  
-0.00105274  -0.0311  0.999506  0  -0.0505826  -0.998225  -0.0311134  0  0.998719  -0.0505914  -0.000522258  0  0.401081  -0.0429573  0.775718  1  
-0.00102355  -0.0311133  0.999506  0  -0.0505755  -0.998225  -0.0311252  0  0.99872  -0.0505833  -0.000551845  0  0.401093  -0.0429559  0.775707  1  
-0.000990582  -0.0311081  0.999506  0  -0.0505635  -0.998226  -0.0311184  0  0.99872  -0.0505704  -0.000584125  0  0.401106  -0.0429497  0.775696  1  
-0.000955072  -0.0311092  0.999506  0  -0.0505494  -0.998227  -0.0311177  0  0.998721  -0.0505551  -0.000619183  0  0.40112  -0.0429431  0.775684  1  
-0.000904041  -0.0311122  0.999506  0  -0.0505423  -0.998227  -0.0311181  0  0.998721  -0.0505464  -0.000670056  0  0.401138  -0.0429415  0.775666  1  
-0.000857772  -0.031114  0.999506  0  -0.0505317  -0.998228  -0.0311176  0  0.998722  -0.0505344  -0.000716006  0  0.401155  -0.0429376  0.77565  1  
-0.000805345  -0.0311167  0.999506  0  -0.050522  -0.998228  -0.0311177  0  0.998723  -0.0505231  -0.000768176  0  0.401174  -0.0429336  0.775631  1  
-0.000746261  -0.0311202  0.999506  0  -0.0505128  -0.998229  -0.0311182  0  0.998723  -0.0505121  -0.000827049  0  0.401196  -0.042931  0.775609  1  
-0.00068602  -0.0311159  0.999506  0  -0.0505075  -0.998229  -0.0311108  0  0.998723  -0.0505049  -0.0008868  0  0.401218  -0.0429279  0.775588  1  
-0.000627017  -0.0311156  0.999506  0  -0.0504922  -0.99823  -0.0311076  0  0.998724  -0.0504878  -0.000945209  0  0.401242  -0.0429209  0.775567  1  
-0.000562837  -0.0311184  0.999506  0  -0.0504835  -0.998231  -0.0311071  0  0.998725  -0.0504771  -0.00100915  0  0.401266  -0.0429165  0.775544  1  
-0.000484702  -0.0311154  0.999506  0  -0.0504717  -0.998232  -0.0311002  0  0.998725  -0.0504628  -0.00108662  0  0.401295  -0.0429097  0.775515  1  
-0.000409155  -0.0311217  0.999506  0  -0.0504611  -0.998232  -0.0311027  0  0.998726  -0.0504498  -0.00116202  0  0.401323  -0.0429063  0.775488  1  
-0.000338921  -0.0311231  0.999506  0  -0.0504544  -0.998232  -0.0311006  0  0.998726  -0.050441  -0.001232  0  0.401349  -0.0429018  0.775463  1  
-0.000261823  -0.0311257  0.999506  0  -0.0504446  -0.998233  -0.0310992  0  0.998727  -0.0504287  -0.00130879  0  0.401376  -0.0428975  0.775434  1  
-0.000186572  -0.0311203  0.999506  0  -0.050436  -0.998234  -0.0310901  0  0.998727  -0.0504179  -0.00138337  0  0.401404  -0.0428929  0.775405  1  
-0.000121029  -0.0311199  0.999506  0  -0.0504308  -0.998234  -0.0310864  0  0.998728  -0.0504106  -0.00144862  0  0.401431  -0.0428907  0.77538  1  
-5.23143e-05  -0.0311178  0.999506  0  -0.0504194  -0.998235  -0.0310808  0  0.998728  -0.0503971  -0.00151675  0  0.401458  -0.0428849  0.775353  1  
1.96326e-05  -0.0311244  0.999506  0  -0.0504131  -0.998235  -0.0310839  0  0.998728  -0.0503886  -0.00158871  0  0.401486  -0.042883  0.775323  1  
8.60288e-05  -0.0311239  0.999506  0  -0.0503998  -0.998236  -0.03108  0  0.998729  -0.0503732  -0.00165455  0  0.401513  -0.0428754  0.775296  1  
0.000160287  -0.0311255  0.999506  0  -0.0503899  -0.998236  -0.0310779  0  0.99873  -0.050361  -0.00172845  0  0.401543  -0.0428709  0.775265  1  
0.000223596  -0.0311284  0.999506  0  -0.0503877  -0.998236  -0.0310776  0  0.99873  -0.0503568  -0.00179172  0  0.401568  -0.0428705  0.775238  1  
0.000287943  -0.0311287  0.999506  0  -0.0503727  -0.998237  -0.0310746  0  0.99873  -0.0503398  -0.00185551  0  0.401596  -0.0428631  0.775211  1  
0.000359061  -0.0311214  0.999506  0  -0.0503657  -0.998238  -0.0310638  0  0.998731  -0.0503306  -0.00192592  0  0.401625  -0.0428587  0.775182  1  
0.000424181  -0.0311257  0.999506  0  -0.0503511  -0.998239  -0.0310649  0  0.998731  -0.050314  -0.00199069  0  0.401653  -0.0428514  0.775154  1  
0.000488938  -0.0311217  0.999506  0  -0.0503396  -0.998239  -0.0310576  0  0.998732  -0.0503006  -0.00205477  0  0.40168  -0.0428456  0.775128  1  
0.000555445  -0.0311218  0.999506  0  -0.0503308  -0.99824  -0.0310544  0  0.998732  -0.0502897  -0.00212089  0  0.401709  -0.0428417  0.7751  1  
0.000616672  -0.031125  0.999506  0  -0.0503222  -0.99824  -0.0310545  0  0.998733  -0.0502791  -0.00218191  0  0.401736  -0.0428386  0.775075  1  
0.000678114  -0.0311253  0.999506  0  -0.0503109  -0.998241  -0.0310518  0  0.998733  -0.0502659  -0.0022429  0  0.401764  -0.0428329  0.77505  1  
0.000752707  -0.0311285  0.999505  0  -0.0503015  -0.998242  -0.0310513  0  0.998734  -0.0502543  -0.00231724  0  0.401797  -0.0428281  0.77502  1  
0.000824459  -0.0311256  0.999506  0  -0.0502893  -0.998242  -0.0310448  0  0.998734  -0.0502398  -0.00238834  0  0.401827  -0.0428225  0.774992  1  
0.000898051  -0.0311196  0.999506  0  -0.0502775  -0.998243  -0.0310351  0  0.998735  -0.0502257  -0.00246114  0  0.40186  -0.0428161  0.774962  1  
0.000959393  -0.0311275  0.999505  0  -0.0502698  -0.998244  -0.0310399  0  0.998735  -0.0502161  -0.00252253  0  0.401888  -0.0428133  0.774937  1  
0.00102538  -0.0311213  0.999505  0  -0.0502604  -0.998244  -0.0310304  0  0.998736  -0.0502047  -0.0025878  0  0.401919  -0.0428085  0.774911  1  
0.00109413  -0.0311231  0.999505  0  -0.0502478  -0.998245  -0.0310289  0  0.998736  -0.05019  -0.00265613  0  0.40195  -0.0428019  0.774883  1  
0.0011684  -0.0311254  0.999505  0  -0.0502386  -0.998246  -0.0310274  0  0.998737  -0.0501784  -0.0027301  0  0.401984  -0.042798  0.774853  1  
0.00124077  -0.0311218  0.999505  0  -0.0502273  -0.998246  -0.0310202  0  0.998737  -0.050165  -0.00280181  0  0.402016  -0.0427934  0.774825  1  
0.00131727  -0.0311305  0.999505  0  -0.0502152  -0.998247  -0.0310252  0  0.998738  -0.0501504  -0.00287824  0  0.402052  -0.0427874  0.774794  1  
0.00139073  -0.0311246  0.999505  0  -0.0502052  -0.998248  -0.0310156  0  0.998738  -0.0501382  -0.00295097  0  0.402086  -0.0427825  0.774766  1  
0.00148208  -0.0311277  0.999505  0  -0.0501984  -0.998248  -0.0310142  0  0.998738  -0.0501285  -0.0030421  0  0.402126  -0.042781  0.774728  1  
0.00156294  -0.0311256  0.999505  0  -0.0501848  -0.998249  -0.031008  0  0.998739  -0.0501124  -0.00312229  0  0.402163  -0.0427728  0.774697  1  
0.00164848  -0.0311315  0.999504  0  -0.0501719  -0.998249  -0.0310097  0  0.998739  -0.0500969  -0.00320759  0  0.402201  -0.0427675  0.774663  1  
0.00173789  -0.0311311  0.999504  0  -0.0501668  -0.99825  -0.0310048  0  0.998739  -0.050089  -0.00329666  0  0.40224  -0.0427653  0.774626  1  
0.00182338  -0.0311305  0.999504  0  -0.0501521  -0.998251  -0.031  0  0.99874  -0.0500717  -0.00338151  0  0.402279  -0.0427583  0.774593  1  
0.00191479  -0.0311319  0.999504  0  -0.050147  -0.998251  -0.0309968  0  0.99874  -0.0500637  -0.00347268  0  0.40232  -0.042756  0.774557  1  
0.00201199  -0.0311293  0.999504  0  -0.0501336  -0.998252  -0.0309894  0  0.99874  -0.0500474  -0.00356917  0  0.402362  -0.0427477  0.774518  1  
0.00210718  -0.0311338  0.999503  0  -0.050123  -0.998253  -0.0309891  0  0.998741  -0.0500337  -0.00366408  0  0.402404  -0.0427432  0.774479  1  
0.00220256  -0.0311382  0.999503  0  -0.0501149  -0.998253  -0.0309888  0  0.998741  -0.0500227  -0.00375927  0  0.402447  -0.04274  0.77444  1  
0.00230095  -0.0311309  0.999503  0  -0.050105  -0.998254  -0.0309766  0  0.998741  -0.0500098  -0.00385682  0  0.40249  -0.0427332  0.7744  1  
0.0024037  -0.0311315  0.999503  0  -0.0500973  -0.998254  -0.0309721  0  0.998741  -0.0499989  -0.00395919  0  0.402535  -0.0427297  0.77436  1  
0.00250603  -0.0311291  0.999503  0  -0.0500931  -0.998255  -0.0309646  0  0.998741  -0.0499915  -0.00406109  0  0.40258  -0.0427277  0.774318  1  
0.00261364  -0.0311337  0.999502  0  -0.0500798  -0.998255  -0.0309639  0  0.998742  -0.0499749  -0.00416833  0  0.402626  -0.0427212  0.774273  1  
0.0027078  -0.0311371  0.999502  0  -0.0500726  -0.998256  -0.0309626  0  0.998742  -0.0499648  -0.00426227  0  0.402668  -0.0427175  0.774235  1  
0.00281357  -0.0311414  0.999501  0  -0.0500639  -0.998256  -0.0309617  0  0.998742  -0.0499527  -0.00436781  0  0.402714  -0.0427134  0.774192  1  
0.00291359  -0.0311357  0.999501  0  -0.0500576  -0.998257  -0.030951  0  0.998742  -0.0499435  -0.00446718  0  0.402759  -0.0427083  0.774151  1  
0.00302563  -0.0311346  0.999501  0  -0.0500439  -0.998258  -0.0309444  0  0.998742  -0.0499263  -0.00457854  0  0.402806  -0.042701  0.774104  1  
0.00313148  -0.0311343  0.999501  0  -0.0500387  -0.998258  -0.0309388  0  0.998742  -0.0499178  -0.00468403  0  0.402854  -0.042699  0.774061  1  
0.00323209  -0.0311372  0.9995  0  -0.0500326  -0.998259  -0.0309367  0  0.998742  -0.0499086  -0.00478444  0  0.402899  -0.0426964  0.77402  1  
0.00334101  -0.0311321  0.9995  0  -0.0500223  -0.99826  -0.0309263  0  0.998742  -0.049895  -0.00489259  0  0.402946  -0.0426894  0.773976  1  
0.00344949  -0.0311417  0.999499  0  -0.0500149  -0.99826  -0.0309305  0  0.998742  -0.0498842  -0.00500113  0  0.402994  -0.0426866  0.77393  1  
0.0035484  -0.0311369  0.999499  0  -0.0500066  -0.99826  -0.0309208  0  0.998743  -0.0498728  -0.00509938  0  0.403039  -0.0426813  0.773892  1  
0.00366168  -0.0311481  0.999498  0  -0.05  -0.998261  -0.0309263  0  0.998742  -0.0498627  -0.00521282  0  0.403087  -0.0426792  0.773845  1  
0.00377147  -0.0311437  0.999498  0  -0.049992  -0.998261  -0.0309165  0  0.998742  -0.0498513  -0.00532195  0  0.403136  -0.0426744  0.7738  1  
0.00387582  -0.0311426  0.999498  0  -0.0499877  -0.998262  -0.0309103  0  0.998742  -0.0498438  -0.00542594  0  0.403183  -0.0426726  0.773758  1  
0.00398474  -0.0311416  0.999497  0  -0.0499801  -0.998262  -0.0309039  0  0.998742  -0.0498328  -0.00553438  0  0.403231  -0.0426686  0.773713  1  
0.00410246  -0.0311464  0.999497  0  -0.0499734  -0.998263  -0.0309028  0  0.998742  -0.0498225  -0.00565193  0  0.403283  -0.0426658  0.773665  1  
0.00420334  -0.0311502  0.999496  0  -0.0499673  -0.998263  -0.0309016  0  0.998742  -0.0498132  -0.00575264  0  0.403329  -0.0426623  0.773624  1  
0.00431394  -0.0311541  0.999496  0  -0.0499623  -0.998263  -0.0309  0  0.998742  -0.0498048  -0.00586309  0  0.403379  -0.04266  0.77358  1  
0.00443674  -0.0311496  0.999495  0  -0.0499519  -0.998264  -0.0308895  0  0.998742  -0.0497906  -0.00598513  0  0.403432  -0.0426539  0.77353  1  
0.00454221  -0.0311591  0.999494  0  -0.0499509  -0.998264  -0.0308937  0  0.998741  -0.0497862  -0.00609087  0  0.403479  -0.0426536  0.773488  1  
0.00466605  -0.0311553  0.999494  0  -0.0499479  -0.998265  -0.0308838  0  0.998741  -0.0497795  -0.00621422  0  0.403533  -0.0426516  0.773437  1  
0.00478015  -0.0311568  0.999493  0  -0.0499385  -0.998265  -0.0308797  0  0.998741  -0.0497666  -0.00632791  0  0.403584  -0.0426473  0.773392  1  
0.00488575  -0.0311578  0.999493  0  -0.0499365  -0.998265  -0.0308754  0  0.99874  -0.0497613  -0.00643331  0  0.403633  -0.0426463  0.773349  1  
0.00500515  -0.0311573  0.999492  0  -0.0499324  -0.998266  -0.030869  0  0.99874  -0.0497535  -0.00655235  0  0.403687  -0.0426432  0.7733  1  
0.00512484  -0.0311631  0.999492  0  -0.0499301  -0.998266  -0.0308689  0  0.99874  -0.0497475  -0.00667206  0  0.40374  -0.0426419  0.77325  1  
0.00523797  -0.0311658  0.999491  0  -0.0499192  -0.998267  -0.030866  0  0.998739  -0.0497331  -0.00678479  0  0.403791  -0.0426363  0.773204  1  
0.00535268  -0.0311651  0.99949  0  -0.0499189  -0.998267  -0.0308596  0  0.998739  -0.0497292  -0.00689926  0  0.403845  -0.0426357  0.773156  1  
0.00547707  -0.0311641  0.99949  0  -0.0499162  -0.998267  -0.0308524  0  0.998738  -0.0497227  -0.00702331  0  0.4039  -0.0426339  0.773105  1  
0.0055926  -0.0311697  0.999489  0  -0.0499119  -0.998267  -0.0308523  0  0.998738  -0.0497148  -0.00713879  0  0.403953  -0.0426324  0.773058  1  
0.00571079  -0.0311679  0.999488  0  -0.0499134  -0.998268  -0.0308447  0  0.998737  -0.0497126  -0.00725673  0  0.404007  -0.0426321  0.77301  1  
0.00583592  -0.031177  0.999487  0  -0.0499129  -0.998267  -0.0308475  0  0.998737  -0.0497082  -0.00738209  0  0.404065  -0.0426308  0.772958  1  
0.00595694  -0.0311743  0.999487  0  -0.0499082  -0.998268  -0.0308388  0  0.998736  -0.0496999  -0.00750262  0  0.404121  -0.0426275  0.772908  1  
0.00607297  -0.031175  0.999486  0  -0.0499096  -0.998268  -0.0308338  0  0.998735  -0.0496977  -0.00761853  0  0.404174  -0.0426287  0.77286  1  
0.0062004  -0.0311768  0.999485  0  -0.0499069  -0.998268  -0.0308292  0  0.998735  -0.049691  -0.00774574  0  0.404231  -0.0426261  0.772807  1  
0.00633052  -0.0311791  0.999484  0  -0.0499075  -0.998268  -0.0308251  0  0.998734  -0.0496876  -0.00787578  0  0.40429  -0.0426265  0.772754  1  
0.00645311  -0.0311806  0.999483  0  -0.0499068  -0.998269  -0.0308205  0  0.998733  -0.0496831  -0.00799821  0  0.404347  -0.0426255  0.772703  1  
0.00658362  -0.0311858  0.999482  0  -0.0499028  -0.998269  -0.0308193  0  0.998732  -0.049675  -0.00812864  0  0.404406  -0.0426224  0.77265  1  
0.00670992  -0.0311866  0.999481  0  -0.0499088  -0.998269  -0.0308137  0  0.998731  -0.0496771  -0.00825495  0  0.404462  -0.042625  0.772598  1  
0.00683283  -0.0311879  0.999481  0  -0.0499058  -0.998269  -0.0308089  0  0.998731  -0.0496703  -0.00837762  0  0.404518  -0.0426222  0.772548  1  
0.00695777  -0.0311889  0.99948  0  -0.0499063  -0.998269  -0.0308037  0  0.99873  -0.0496669  -0.00850241  0  0.404576  -0.042622  0.772497  1  
0.00708702  -0.0311916  0.999479  0  -0.0499133  -0.998269  -0.0307999  0  0.998728  -0.0496699  -0.0086318  0  0.404634  -0.0426252  0.772443  1  
0.00720898  -0.0311865  0.999478  0  -0.0499087  -0.998269  -0.0307888  0  0.998728  -0.0496616  -0.00875315  0  0.404691  -0.0426211  0.772393  1  
0.00734067  -0.0312022  0.999477  0  -0.0499129  -0.998269  -0.0307979  0  0.998727  -0.0496616  -0.00888553  0  0.404752  -0.0426243  0.772337  1  
0.00745471  -0.0311985  0.999476  0  -0.0499182  -0.998269  -0.0307886  0  0.998725  -0.0496635  -0.00899936  0  0.404806  -0.0426245  0.77229  1  
0.00757474  -0.0312026  0.999475  0  -0.0499236  -0.998269  -0.0307866  0  0.998724  -0.0496651  -0.00911955  0  0.404864  -0.0426265  0.772239  1  
0.00769937  -0.0312017  0.999474  0  -0.0499212  -0.998269  -0.0307795  0  0.998723  -0.0496589  -0.00924385  0  0.404923  -0.0426249  0.772186  1  
0.00782431  -0.0311988  0.999473  0  -0.0499266  -0.998269  -0.0307704  0  0.998722  -0.0496605  -0.0093686  0  0.404982  -0.0426262  0.772133  1  
0.00794306  -0.0312035  0.999472  0  -0.0499269  -0.998269  -0.0307692  0  0.998721  -0.0496571  -0.00948739  0  0.405039  -0.0426257  0.772082  1  
0.00806653  -0.0312018  0.999471  0  -0.0499317  -0.998269  -0.0307613  0  0.99872  -0.0496581  -0.00961071  0  0.405098  -0.0426269  0.77203  1  
0.00819395  -0.0312068  0.99947  0  -0.0499341  -0.998269  -0.0307599  0  0.998719  -0.0496565  -0.00973824  0  0.405159  -0.042627  0.771976  1  
0.00831767  -0.0312145  0.999468  0  -0.0499392  -0.998269  -0.0307614  0  0.998718  -0.0496578  -0.00986229  0  0.405217  -0.0426287  0.771923  1  
0.0084448  -0.0312125  0.999467  0  -0.0499395  -0.998269  -0.0307531  0  0.998717  -0.0496541  -0.00998911  0  0.405278  -0.0426274  0.771869  1  
0.00857357  -0.0312128  0.999466  0  -0.0499439  -0.998269  -0.030747  0  0.998715  -0.0496546  -0.0101178  0  0.40534  -0.0426284  0.771814  1  
0.00869617  -0.031216  0.999465  0  -0.0499468  -0.998269  -0.0307441  0  0.998714  -0.0496537  -0.0102405  0  0.405399  -0.0426291  0.771762  1  
0.00883714  -0.0312137  0.999464  0  -0.0499527  -0.998269  -0.0307347  0  0.998712  -0.0496553  -0.0103813  0  0.405465  -0.0426307  0.771703  1  
0.00896472  -0.0312219  0.999463  0  -0.0499567  -0.998269  -0.0307365  0  0.998711  -0.0496552  -0.0105091  0  0.405525  -0.0426323  0.771648  1  
0.00910159  -0.0312145  0.999462  0  -0.0499606  -0.998269  -0.0307222  0  0.99871  -0.0496551  -0.0106455  0  0.405588  -0.0426321  0.77159  1  
0.0092376  -0.0312236  0.99946  0  -0.0499682  -0.998268  -0.0307245  0  0.998708  -0.0496584  -0.010782  0  0.405653  -0.0426362  0.771532  1  
0.00937083  -0.0312267  0.999459  0  -0.0499732  -0.998268  -0.030721  0  0.998707  -0.0496592  -0.0109153  0  0.405717  -0.0426375  0.771475  1  
0.00951434  -0.0312347  0.999457  0  -0.0499772  -0.998268  -0.0307218  0  0.998705  -0.0496587  -0.0110591  0  0.405784  -0.0426385  0.771415  1  
0.00965712  -0.0312299  0.999456  0  -0.0499799  -0.998268  -0.0307099  0  0.998704  -0.0496571  -0.0112015  0  0.405852  -0.0426371  0.771355  1  
0.00980479  -0.0312335  0.999454  0  -0.0499852  -0.998268  -0.030706  0  0.998702  -0.0496578  -0.0113492  0  0.405919  -0.0426391  0.771293  1  
0.00996131  -0.0312353  0.999453  0  -0.0499965  -0.998268  -0.0307  0  0.9987  -0.0496643  -0.0115059  0  0.40599  -0.0426433  0.771226  1  
0.0101077  -0.0312343  0.999451  0  -0.0500017  -0.998268  -0.0306917  0  0.998698  -0.049665  -0.0116521  0  0.40606  -0.0426449  0.771165  1  
0.0102619  -0.0312324  0.99945  0  -0.0500067  -0.998268  -0.030682  0  0.998696  -0.0496653  -0.0118062  0  0.406132  -0.0426443  0.771101  1  
0.0104094  -0.0312449  0.999448  0  -0.0500148  -0.998267  -0.030687  0  0.998694  -0.0496687  -0.0119543  0  0.406201  -0.0426487  0.771038  1  
0.0105632  -0.0312384  0.999447  0  -0.0500181  -0.998268  -0.0306729  0  0.998692  -0.0496674  -0.0121076  0  0.406273  -0.0426469  0.770974  1  
0.0107097  -0.0312432  0.999445  0  -0.050029  -0.998267  -0.0306703  0  0.99869  -0.0496737  -0.0122545  0  0.406343  -0.0426515  0.770911  1  
0.0108631  -0.0312403  0.999443  0  -0.050035  -0.998267  -0.0306597  0  0.998688  -0.049675  -0.0124076  0  0.406416  -0.0426528  0.770847  1  
0.0110071  -0.0312493  0.999441  0  -0.0500437  -0.998267  -0.0306614  0  0.998686  -0.0496792  -0.0125521  0  0.406486  -0.0426565  0.770783  1  
0.0111501  -0.0312451  0.99944  0  -0.0500514  -0.998267  -0.03065  0  0.998684  -0.0496825  -0.0126949  0  0.406556  -0.0426581  0.77072  1  
0.0112843  -0.0312512  0.999438  0  -0.0500589  -0.998266  -0.0306494  0  0.998682  -0.0496858  -0.0128294  0  0.406625  -0.0426603  0.770661  1  
0.0114209  -0.0312507  0.999437  0  -0.0500628  -0.998266  -0.0306421  0  0.998681  -0.0496856  -0.0129659  0  0.406696  -0.0426604  0.770598  1  
0.0115469  -0.0312491  0.999435  0  -0.0500708  -0.998266  -0.0306341  0  0.998679  -0.0496898  -0.0130918  0  0.406763  -0.0426622  0.770541  1  
0.0116823  -0.0312507  0.999434  0  -0.0500776  -0.998266  -0.0306288  0  0.998677  -0.0496924  -0.0132273  0  0.406834  -0.0426647  0.770479  1  
0.0118191  -0.0312539  0.999432  0  -0.0500862  -0.998266  -0.0306251  0  0.998675  -0.0496967  -0.0133642  0  0.406906  -0.0426668  0.770416  1  
0.0119429  -0.0312567  0.99943  0  -0.0500961  -0.998265  -0.0306216  0  0.998673  -0.0497028  -0.0134882  0  0.406973  -0.0426711  0.770359  1  
0.0120746  -0.0312501  0.999429  0  -0.0500985  -0.998265  -0.0306084  0  0.998671  -0.0497013  -0.0136195  0  0.407043  -0.0426693  0.770298  1  
0.012198  -0.0312577  0.999427  0  -0.0501059  -0.998265  -0.0306098  0  0.998669  -0.0497048  -0.0137433  0  0.40711  -0.0426718  0.770241  1  
0.0123243  -0.0312582  0.999426  0  -0.0501163  -0.998265  -0.0306039  0  0.998667  -0.0497113  -0.0138697  0  0.407179  -0.0426759  0.770183  1  
0.0124476  -0.031259  0.999424  0  -0.0501195  -0.998265  -0.0305985  0  0.998666  -0.0497107  -0.0139929  0  0.407247  -0.0426761  0.770125  1  
0.0125684  -0.0312623  0.999423  0  -0.0501293  -0.998264  -0.0305957  0  0.998664  -0.0497168  -0.014114  0  0.407313  -0.0426805  0.770069  1  
0.0126882  -0.0312581  0.999421  0  -0.0501351  -0.998264  -0.0305854  0  0.998662  -0.0497189  -0.0142336  0  0.40738  -0.0426815  0.770014  1  
0.0128141  -0.0312611  0.999419  0  -0.0501437  -0.998264  -0.0305821  0  0.99866  -0.0497236  -0.0143597  0  0.407448  -0.0426855  0.769955  1  
0.0129442  -0.0312619  0.999418  0  -0.0501512  -0.998264  -0.0305763  0  0.998658  -0.0497271  -0.0144898  0  0.407519  -0.0426877  0.769896  1  
0.0130763  -0.0312658  0.999416  0  -0.0501618  -0.998263  -0.0305734  0  0.998655  -0.0497337  -0.0146222  0  0.40759  -0.042691  0.769835  1  
0.0132018  -0.0312733  0.999414  0  -0.0501676  -0.998263  -0.0305746  0  0.998654  -0.0497355  -0.014748  0  0.407659  -0.0426937  0.769777  1  
0.0133392  -0.0312664  0.999412  0  -0.0501747  -0.998263  -0.0305608  0  0.998651  -0.0497385  -0.0148851  0  0.407732  -0.0426943  0.769715  1  
0.0134772  -0.0312725  0.99941  0  -0.0501845  -0.998263  -0.0305598  0  0.998649  -0.049744  -0.0150235  0  0.407806  -0.0426985  0.769653  1  
0.013615  -0.0312724  0.999409  0  -0.0501942  -0.998262  -0.0305527  0  0.998647  -0.0497494  -0.0151614  0  0.407878  -0.0427029  0.769592  1  
0.0137575  -0.0312808  0.999406  0  -0.0502005  -0.998262  -0.030554  0  0.998644  -0.0497513  -0.0153042  0  0.407952  -0.0427061  0.769528  1  
0.0139029  -0.0312808  0.999404  0  -0.0502112  -0.998262  -0.0305466  0  0.998642  -0.0497576  -0.0154497  0  0.408027  -0.0427101  0.769464  1  
0.014046  -0.0312877  0.999402  0  -0.0502233  -0.998261  -0.0305461  0  0.998639  -0.0497652  -0.0155932  0  0.408101  -0.0427153  0.7694  1  
0.0141971  -0.0312867  0.9994  0  -0.0502265  -0.998261  -0.0305376  0  0.998637  -0.0497637  -0.0157442  0  0.408178  -0.042715  0.769333  1  
0.0143318  -0.031288  0.999398  0  -0.0502363  -0.998261  -0.030532  0  0.998634  -0.0497694  -0.015879  0  0.40825  -0.0427193  0.769273  1  
0.0144699  -0.0312967  0.999396  0  -0.0502432  -0.998261  -0.0305337  0  0.998632  -0.049772  -0.0160175  0  0.408322  -0.0427222  0.769212  1  
0.0146113  -0.0313023  0.999394  0  -0.0502503  -0.99826  -0.0305321  0  0.99863  -0.0497747  -0.0161591  0  0.408393  -0.042725  0.769149  1  
0.0147512  -0.0312989  0.999392  0  -0.0502623  -0.99826  -0.0305216  0  0.998627  -0.0497824  -0.016299  0  0.408467  -0.0427303  0.769087  1  
0.0148947  -0.0313034  0.999389  0  -0.0502709  -0.99826  -0.0305188  0  0.998625  -0.0497866  -0.0164427  0  0.408541  -0.0427342  0.769022  1  
0.015029  -0.0313083  0.999387  0  -0.0502821  -0.998259  -0.0305168  0  0.998622  -0.0497936  -0.0165774  0  0.408611  -0.0427392  0.768962  1  
0.0151542  -0.0313103  0.999385  0  -0.0502864  -0.998259  -0.0305125  0  0.99862  -0.0497941  -0.0167027  0  0.408681  -0.0427404  0.768905  1  
0.01529  -0.0313083  0.999383  0  -0.0502972  -0.998259  -0.0305036  0  0.998617  -0.0498008  -0.0168384  0  0.408753  -0.0427435  0.768843  1  
0.0154188  -0.0313151  0.999381  0  -0.0503072  -0.998258  -0.0305038  0  0.998615  -0.0498067  -0.0169676  0  0.408824  -0.0427498  0.768785  1  
0.0155542  -0.0313203  0.999379  0  -0.0503192  -0.998258  -0.030502  0  0.998612  -0.0498145  -0.0171035  0  0.408897  -0.0427544  0.768722  1  
0.0156717  -0.031319  0.999377  0  -0.0503236  -0.998258  -0.0304948  0  0.99861  -0.0498153  -0.0172208  0  0.408963  -0.0427546  0.768668  1  
0.0157988  -0.0313199  0.999375  0  -0.0503353  -0.998257  -0.0304891  0  0.998607  -0.0498231  -0.0173481  0  0.409032  -0.0427589  0.768609  1  
0.0159182  -0.0313266  0.999373  0  -0.050349  -0.998257  -0.0304896  0  0.998605  -0.0498331  -0.017468  0  0.4091  -0.0427663  0.768555  1  
0.0160437  -0.0313343  0.999371  0  -0.0503555  -0.998256  -0.030491  0  0.998602  -0.0498356  -0.0175939  0  0.409168  -0.0427685  0.768497  1  
0.0161583  -0.0313347  0.999369  0  -0.0503662  -0.998256  -0.0304855  0  0.9986  -0.0498427  -0.0177087  0  0.409235  -0.0427736  0.768444  1  
0.016278  -0.0313326  0.999367  0  -0.0503711  -0.998256  -0.0304773  0  0.998598  -0.0498441  -0.0178282  0  0.409304  -0.0427746  0.768389  1  
0.0164016  -0.0313325  0.999365  0  -0.0503824  -0.998255  -0.0304708  0  0.998595  -0.0498516  -0.0179519  0  0.409372  -0.0427794  0.768334  1  
0.0165282  -0.0313363  0.999363  0  -0.0503943  -0.998255  -0.0304681  0  0.998593  -0.0498596  -0.0180789  0  0.409442  -0.0427849  0.768275  1  
0.0166566  -0.031337  0.99936  0  -0.050405  -0.998255  -0.0304623  0  0.99859  -0.0498664  -0.0182074  0  0.409512  -0.0427884  0.768218  1  
0.0167787  -0.0313438  0.999358  0  -0.0504145  -0.998254  -0.0304627  0  0.998587  -0.049872  -0.0183299  0  0.409582  -0.0427939  0.768163  1  
0.016906  -0.0313508  0.999356  0  -0.050422  -0.998254  -0.0304633  0  0.998585  -0.0498755  -0.0184576  0  0.409651  -0.0427965  0.768105  1  
0.0170368  -0.0313538  0.999354  0  -0.050434  -0.998253  -0.0304595  0  0.998582  -0.0498835  -0.0185887  0  0.409723  -0.0428016  0.768048  1  
0.0171801  -0.0313514  0.999351  0  -0.0504399  -0.998253  -0.0304498  0  0.998579  -0.049885  -0.0187318  0  0.409798  -0.0428026  0.767985  1  
0.0173141  -0.0313545  0.999349  0  -0.0504506  -0.998253  -0.0304461  0  0.998576  -0.0498916  -0.0188661  0  0.409871  -0.042808  0.767925  1  
0.0174443  -0.0313554  0.999346  0  -0.0504596  -0.998252  -0.0304402  0  0.998574  -0.0498966  -0.0189963  0  0.409942  -0.0428116  0.767868  1  
0.0175766  -0.0313607  0.999344  0  -0.0504767  -0.998252  -0.0304387  0  0.998571  -0.0499095  -0.0191293  0  0.410013  -0.0428197  0.767809  1  
0.0177126  -0.0313661  0.999341  0  -0.0504872  -0.998251  -0.030437  0  0.998568  -0.0499158  -0.0192656  0  0.410085  -0.0428243  0.76775  1  
0.0178507  -0.0313779  0.999339  0  -0.0504966  -0.998251  -0.0304418  0  0.998565  -0.0499208  -0.0194043  0  0.410159  -0.0428291  0.767688  1  
0.0179886  -0.031376  0.999336  0  -0.0505008  -0.998251  -0.0304329  0  0.998562  -0.0499208  -0.0195421  0  0.410231  -0.0428301  0.767626  1  
0.0181269  -0.0313768  0.999334  0  -0.0505093  -0.99825  -0.0304266  0  0.998559  -0.0499251  -0.0196804  0  0.410305  -0.0428332  0.767565  1  
0.0182581  -0.031379  0.999331  0  -0.0505185  -0.99825  -0.0304221  0  0.998556  -0.0499302  -0.0198118  0  0.410377  -0.0428373  0.767506  1  
0.0184015  -0.0313816  0.999328  0  -0.0505301  -0.99825  -0.0304173  0  0.998553  -0.0499374  -0.0199554  0  0.410452  -0.0428424  0.767441  1  
0.0185435  -0.0313793  0.999326  0  -0.0505381  -0.998249  -0.0304077  0  0.99855  -0.0499411  -0.0200973  0  0.410527  -0.0428447  0.767378  1  
0.0186836  -0.0313791  0.999323  0  -0.0505426  -0.998249  -0.0304005  0  0.998547  -0.0499414  -0.0202373  0  0.410601  -0.042845  0.767317  1  
0.0188228  -0.0313881  0.99932  0  -0.0505522  -0.998249  -0.0304023  0  0.998544  -0.0499465  -0.020377  0  0.410676  -0.0428499  0.767255  1  
0.0189759  -0.0313914  0.999317  0  -0.0505614  -0.998249  -0.0303977  0  0.998541  -0.049951  -0.0205303  0  0.410753  -0.0428541  0.767188  1  
0.0191184  -0.0314003  0.999314  0  -0.0505761  -0.998248  -0.0303992  0  0.998537  -0.0499612  -0.0206734  0  0.410828  -0.04286  0.767124  1  
0.019253  -0.0314009  0.999312  0  -0.0505853  -0.998248  -0.0303928  0  0.998534  -0.0499663  -0.0208081  0  0.410902  -0.042864  0.767064  1  
0.0193974  -0.0314011  0.999309  0  -0.0505924  -0.998247  -0.0303857  0  0.998531  -0.049969  -0.0209525  0  0.410978  -0.0428664  0.767  1  
0.0195355  -0.0314071  0.999306  0  -0.050606  -0.998247  -0.0303845  0  0.998528  -0.0499782  -0.021091  0  0.411052  -0.0428733  0.766938  1  
0.0196799  -0.0314104  0.999303  0  -0.050613  -0.998247  -0.0303804  0  0.998524  -0.0499808  -0.0212356  0  0.411129  -0.0428765  0.766873  1  
0.0198127  -0.031414  0.9993  0  -0.0506253  -0.998246  -0.0303771  0  0.998521  -0.049989  -0.0213687  0  0.411202  -0.0428817  0.766811  1  
0.0199563  -0.0314181  0.999297  0  -0.0506351  -0.998246  -0.0303738  0  0.998518  -0.0499943  -0.0215125  0  0.41128  -0.0428856  0.766746  1  
0.0200848  -0.0314243  0.999295  0  -0.0506501  -0.998245  -0.0303733  0  0.998514  -0.0500053  -0.0216416  0  0.411354  -0.0428933  0.766687  1  
0.0202221  -0.0314262  0.999292  0  -0.0506599  -0.998245  -0.0303681  0  0.998511  -0.0500108  -0.0217791  0  0.41143  -0.0428974  0.766623  1  
0.0203615  -0.0314329  0.999289  0  -0.0506699  -0.998244  -0.0303676  0  0.998508  -0.0500165  -0.0219189  0  0.411508  -0.0429013  0.76656  1  
0.020509  -0.0314303  0.999286  0  -0.05068  -0.998244  -0.0303574  0  0.998504  -0.0500221  -0.0220663  0  0.411589  -0.0429061  0.766493  1  
0.0206572  -0.0314328  0.999283  0  -0.0506898  -0.998243  -0.0303523  0  0.998501  -0.0500274  -0.0222147  0  0.411672  -0.0429096  0.766424  1  
0.0207979  -0.0314325  0.99928  0  -0.0507015  -0.998243  -0.0303446  0  0.998497  -0.0500349  -0.0223555  0  0.411752  -0.0429138  0.76636  1  
0.0209343  -0.0314445  0.999277  0  -0.0507112  -0.998242  -0.0303496  0  0.998494  -0.0500402  -0.0224926  0  0.411831  -0.0429192  0.766297  1  
0.0210941  -0.0314406  0.999273  0  -0.0507254  -0.998242  -0.0303373  0  0.99849  -0.0500496  -0.0226523  0  0.411918  -0.0429236  0.766225  1  
0.0212289  -0.0314459  0.99927  0  -0.050728  -0.998242  -0.0303359  0  0.998487  -0.050048  -0.0227872  0  0.411997  -0.0429245  0.766163  1  
0.0213762  -0.0314425  0.999267  0  -0.0507409  -0.998242  -0.0303248  0  0.998483  -0.0500565  -0.0229345  0  0.412078  -0.0429291  0.766096  1  
0.0215243  -0.0314469  0.999264  0  -0.0507525  -0.998241  -0.0303215  0  0.998479  -0.0500635  -0.0230829  0  0.412163  -0.0429342  0.766029  1  
0.0216756  -0.031453  0.999261  0  -0.0507668  -0.998241  -0.0303196  0  0.998475  -0.050073  -0.0232346  0  0.412247  -0.0429408  0.765958  1  
0.0218213  -0.0314571  0.999257  0  -0.050777  -0.99824  -0.0303162  0  0.998472  -0.0500787  -0.0233807  0  0.412331  -0.0429442  0.765889  1  
0.0219666  -0.0314648  0.999254  0  -0.0507924  -0.998239  -0.0303163  0  0.998468  -0.0500895  -0.0235266  0  0.412414  -0.0429523  0.76582  1  
0.0221097  -0.0314656  0.999251  0  -0.0508005  -0.998239  -0.0303097  0  0.998464  -0.0500933  -0.0236697  0  0.412499  -0.0429547  0.765752  1  
0.0222549  -0.0314656  0.999247  0  -0.0508169  -0.998239  -0.030302  0  0.99846  -0.0501052  -0.0238152  0  0.412584  -0.0429619  0.765683  1  
0.0224066  -0.0314661  0.999244  0  -0.0508212  -0.998239  -0.0302949  0  0.998456  -0.0501049  -0.0239667  0  0.412669  -0.0429634  0.765611  1  
0.0225448  -0.031468  0.999241  0  -0.0508404  -0.998238  -0.0302893  0  0.998452  -0.0501199  -0.0241054  0  0.412751  -0.0429728  0.765544  1  
0.0226956  -0.0314724  0.999237  0  -0.0508488  -0.998237  -0.030286  0  0.998448  -0.0501236  -0.0242564  0  0.412839  -0.0429756  0.765472  1  
0.0228336  -0.0314766  0.999234  0  -0.0508631  -0.998237  -0.0302829  0  0.998445  -0.0501336  -0.0243948  0  0.412923  -0.0429828  0.765405  1  
0.0229868  -0.0314881  0.99923  0  -0.0508754  -0.998236  -0.0302864  0  0.99844  -0.050141  -0.0245487  0  0.41301  -0.0429883  0.765331  1  
0.0231312  -0.0314891  0.999227  0  -0.0508904  -0.998235  -0.0302798  0  0.998436  -0.0501516  -0.0246934  0  0.413096  -0.0429949  0.765261  1  
0.023281  -0.0314985  0.999223  0  -0.050905  -0.998235  -0.0302813  0  0.998432  -0.0501614  -0.0248438  0  0.413184  -0.0430026  0.765189  1  
0.0234239  -0.0314982  0.99922  0  -0.0509189  -0.998234  -0.0302735  0  0.998428  -0.050171  -0.0249869  0  0.413271  -0.0430081  0.765119  1  
0.0235766  -0.0314993  0.999216  0  -0.0509315  -0.998234  -0.0302666  0  0.998424  -0.0501789  -0.0251398  0  0.41336  -0.0430144  0.765045  1  
0.0237206  -0.0315015  0.999213  0  -0.0509408  -0.998233  -0.0302614  0  0.99842  -0.0501839  -0.0252839  0  0.413448  -0.0430176  0.764974  1  
0.0238691  -0.0315054  0.999209  0  -0.0509583  -0.998233  -0.0302573  0  0.998415  -0.0501967  -0.0254329  0  0.413538  -0.0430257  0.764901  1  
0.0240184  -0.0315095  0.999205  0  -0.0509698  -0.998232  -0.0302537  0  0.998411  -0.0502037  -0.0255825  0  0.413628  -0.0430305  0.764827  1  
0.024166  -0.0315162  0.999201  0  -0.0509824  -0.998232  -0.0302526  0  0.998407  -0.0502116  -0.0257305  0  0.413718  -0.0430364  0.764754  1  
0.0243077  -0.0315215  0.999198  0  -0.0509957  -0.998231  -0.0302504  0  0.998403  -0.0502204  -0.0258726  0  0.413806  -0.0430426  0.764683  1  
0.0244574  -0.0315236  0.999194  0  -0.0510106  -0.99823  -0.0302446  0  0.998399  -0.0502307  -0.0260227  0  0.413896  -0.0430489  0.764609  1  
0.0245892  -0.0315284  0.999191  0  -0.0510283  -0.99823  -0.0302423  0  0.998394  -0.0502443  -0.026155  0  0.413981  -0.0430571  0.764542  1  
0.0247402  -0.0315274  0.999187  0  -0.0510381  -0.998229  -0.0302335  0  0.99839  -0.0502496  -0.026306  0  0.414073  -0.0430607  0.764467  1  
0.0248755  -0.0315249  0.999184  0  -0.0510467  -0.998229  -0.0302239  0  0.998386  -0.0502541  -0.0264412  0  0.41416  -0.043063  0.764397  1  
0.0250112  -0.03153  0.99918  0  -0.051066  -0.998228  -0.0302216  0  0.998382  -0.0502693  -0.0265775  0  0.414248  -0.0430725  0.764327  1  
0.0251483  -0.0315361  0.999177  0  -0.0510768  -0.998228  -0.0302206  0  0.998378  -0.0502757  -0.0267151  0  0.414336  -0.0430769  0.764256  1  
0.0252821  -0.0315414  0.999173  0  -0.0510908  -0.998227  -0.0302188  0  0.998374  -0.0502855  -0.0268493  0  0.414424  -0.0430832  0.764188  1  
0.0254166  -0.0315403  0.99917  0  -0.0511013  -0.998227  -0.0302107  0  0.99837  -0.0502919  -0.0269838  0  0.414512  -0.0430873  0.764117  1  
0.0255508  -0.0315447  0.999166  0  -0.0511131  -0.998226  -0.0302079  0  0.998366  -0.0502996  -0.0271184  0  0.414599  -0.043092  0.764048  1  
0.0256822  -0.0315394  0.999163  0  -0.0511216  -0.998226  -0.0301958  0  0.998362  -0.0503043  -0.0272495  0  0.414686  -0.0430937  0.763979  1  
0.0258165  -0.0315437  0.999159  0  -0.0511383  -0.998225  -0.0301929  0  0.998358  -0.0503168  -0.0273843  0  0.414775  -0.0431016  0.763909  1  
0.0259526  -0.0315453  0.999156  0  -0.0511497  -0.998225  -0.0301873  0  0.998354  -0.0503241  -0.0275206  0  0.414866  -0.0431059  0.763837  1  
0.0260793  -0.0315504  0.999152  0  -0.0511643  -0.998224  -0.0301856  0  0.99835  -0.0503347  -0.0276478  0  0.414953  -0.0431127  0.763768  1  
0.0261999  -0.0315505  0.999149  0  -0.0511764  -0.998224  -0.0301793  0  0.998346  -0.0503431  -0.0277685  0  0.415042  -0.0431171  0.763703  1  
0.0263346  -0.0315565  0.999145  0  -0.0511937  -0.998223  -0.030178  0  0.998341  -0.0503562  -0.0279038  0  0.415132  -0.0431254  0.76363  1  
0.0264692  -0.0315497  0.999142  0  -0.0512027  -0.998223  -0.0301642  0  0.998337  -0.0503613  -0.0280382  0  0.415223  -0.0431284  0.763558  1  
0.0265967  -0.0315582  0.999138  0  -0.0512213  -0.998222  -0.0301658  0  0.998333  -0.0503758  -0.0281664  0  0.415312  -0.0431381  0.763488  1  
0.0267281  -0.0315557  0.999135  0  -0.051228  -0.998222  -0.0301565  0  0.998329  -0.0503786  -0.0282976  0  0.415404  -0.0431399  0.763418  1  
0.0268642  -0.031559  0.999131  0  -0.0512429  -0.998221  -0.0301524  0  0.998325  -0.0503894  -0.0284342  0  0.415498  -0.0431456  0.763344  1  
0.0269891  -0.0315669  0.999128  0  -0.051261  -0.99822  -0.0301536  0  0.998321  -0.0504035  -0.0285597  0  0.415588  -0.0431552  0.763274  1  
0.0271172  -0.0315698  0.999124  0  -0.0512742  -0.99822  -0.0301496  0  0.998316  -0.0504127  -0.0286882  0  0.415681  -0.0431611  0.763204  1  
0.0272515  -0.0315775  0.99912  0  -0.0512902  -0.998219  -0.0301501  0  0.998312  -0.0504244  -0.0288231  0  0.415775  -0.0431685  0.76313  1  
