-0.00212519  -0.0310499  0.999506  0  -0.0504751  -0.998231  -0.0311176  0  0.998723  -0.0505173  0.000554198  0  0.400773  -0.042921  0.776013  1  
-0.00212531  -0.0310486  0.999506  0  -0.0504719  -0.998231  -0.0311163  0  0.998723  -0.050514  0.000554484  0  0.400773  -0.0429199  0.776014  1  
-0.00212707  -0.031052  0.999506  0  -0.0504762  -0.998231  -0.0311198  0  0.998723  -0.0505184  0.000555933  0  0.400773  -0.042922  0.776012  1  
-0.00212545  -0.0310532  0.999506  0  -0.0504766  -0.998231  -0.0311209  0  0.998723  -0.0505188  0.000554246  0  0.400772  -0.0429217  0.776012  1  
-0.00212233  -0.0310585  0.999506  0  -0.0504752  -0.998231  -0.0311261  0  0.998723  -0.0505173  0.000550901  0  0.400773  -0.0429219  0.77601  1  
-0.00212349  -0.0310613  0.999506  0  -0.0504785  -0.99823  -0.0311289  0  0.998723  -0.0505206  0.000551818  0  0.400773  -0.0429234  0.776009  1  
-0.00211936  -0.0310625  0.999506  0  -0.0504766  -0.99823  -0.0311299  0  0.998723  -0.0505186  0.00054769  0  0.400773  -0.0429238  0.776006  1  
-0.0021208  -0.0310539  0.999506  0  -0.0504743  -0.998231  -0.0311213  0  0.998723  -0.0505163  0.000549638  0  0.400771  -0.0429219  0.776005  1  
-0.00212009  -0.0310513  0.999506  0  -0.0504756  -0.998231  -0.0311187  0  0.998723  -0.0505176  0.000549016  0  0.400771  -0.0429226  0.776005  1  
-0.00211172  -0.0310583  0.999506  0  -0.0504741  -0.998231  -0.0311254  0  0.998723  -0.0505158  0.00054035  0  0.400772  -0.0429228  0.776  1  
-0.0021083  -0.0310524  0.999506  0  -0.0504704  -0.998231  -0.0311193  0  0.998723  -0.050512  0.000537351  0  0.400773  -0.0429207  0.775997  1  
-0.00209702  -0.0310619  0.999506  0  -0.0504703  -0.998231  -0.0311282  0  0.998723  -0.0505116  0.000525615  0  0.400778  -0.0429202  0.77599  1  
-0.00208659  -0.0310584  0.999506  0  -0.0504679  -0.998231  -0.0311242  0  0.998723  -0.0505089  0.000515454  0  0.400782  -0.0429193  0.775985  1  
-0.00206696  -0.0310629  0.999506  0  -0.0504671  -0.998231  -0.0311277  0  0.998724  -0.0505074  0.000495657  0  0.40079  -0.0429188  0.775976  1  
-0.00205241  -0.0310522  0.999506  0  -0.050467  -0.998231  -0.0311162  0  0.998724  -0.0505069  0.000481675  0  0.400797  -0.0429186  0.77597  1  
-0.00203329  -0.0310682  0.999506  0  -0.0504623  -0.998231  -0.0311313  0  0.998724  -0.0505017  0.000461931  0  0.400803  -0.0429177  0.775961  1  
-0.00201015  -0.0310592  0.999506  0  -0.0504614  -0.998231  -0.031121  0  0.998724  -0.0505  0.00043931  0  0.400811  -0.0429168  0.775952  1  
-0.00198688  -0.0310642  0.999506  0  -0.0504557  -0.998232  -0.0311249  0  0.998724  -0.0504936  0.000416006  0  0.400819  -0.0429131  0.775941  1  
-0.00196336  -0.0310632  0.999506  0  -0.0504573  -0.998232  -0.0311227  0  0.998724  -0.0504944  0.000392529  0  0.400827  -0.0429152  0.775931  1  
-0.00195211  -0.031062  0.999506  0  -0.0504485  -0.998232  -0.031121  0  0.998725  -0.0504853  0.000381629  0  0.400832  -0.0429096  0.775925  1  
-0.00192988  -0.0310603  0.999506  0  -0.0504479  -0.998232  -0.0311182  0  0.998725  -0.050484  0.000359549  0  0.400839  -0.0429108  0.775915  1  
-0.00191249  -0.0310676  0.999506  0  -0.0504418  -0.998232  -0.0311245  0  0.998725  -0.0504774  0.00034201  0  0.400845  -0.0429082  0.775907  1  
-0.00189651  -0.0310657  0.999506  0  -0.0504401  -0.998232  -0.0311218  0  0.998725  -0.0504752  0.000326208  0  0.40085  -0.0429083  0.775898  1  
-0.0018819  -0.031067  0.999506  0  -0.050434  -0.998233  -0.0311224  0  0.998726  -0.0504687  0.000311746  0  0.400855  -0.0429054  0.775892  1  
-0.00186698  -0.0310608  0.999506  0  -0.0504212  -0.998234  -0.0311155  0  0.998726  -0.0504554  0.000297559  0  0.40086  -0.0428983  0.775884  1  
-0.0018481  -0.0310727  0.999506  0  -0.0504196  -0.998233  -0.0311264  0  0.998726  -0.0504532  0.000278163  0  0.400866  -0.0429006  0.775875  1  
-0.00183818  -0.0310663  0.999506  0  -0.050413  -0.998234  -0.0311195  0  0.998727  -0.0504463  0.000268796  0  0.40087  -0.042897  0.77587  1  
-0.00182472  -0.0310742  0.999506  0  -0.0504062  -0.998234  -0.0311267  0  0.998727  -0.050439  0.000255167  0  0.400876  -0.0428955  0.775864  1  
-0.00181073  -0.0310713  0.999506  0  -0.0504015  -0.998234  -0.0311231  0  0.998727  -0.0504339  0.000241499  0  0.40088  -0.042893  0.775858  1  
-0.00179218  -0.0310757  0.999506  0  -0.0503898  -0.998235  -0.0311265  0  0.998728  -0.0504217  0.000223128  0  0.400888  -0.0428882  0.77585  1  
-0.00177702  -0.0310719  0.999506  0  -0.0503861  -0.998235  -0.0311219  0  0.998728  -0.0504175  0.000208293  0  0.400892  -0.0428871  0.775842  1  
-0.00176106  -0.0310776  0.999506  0  -0.050382  -0.998235  -0.0311269  0  0.998728  -0.0504129  0.000192201  0  0.400899  -0.0428851  0.775835  1  
-0.00173889  -0.0310718  0.999506  0  -0.050368  -0.998236  -0.03112  0  0.998729  -0.0503982  0.0001708  0  0.400908  -0.042878  0.775825  1  
-0.00172829  -0.0310762  0.999506  0  -0.0503575  -0.998237  -0.0311239  0  0.99873  -0.0503874  0.000160319  0  0.400913  -0.042874  0.775821  1  
-0.00171047  -0.0310706  0.999506  0  -0.0503505  -0.998237  -0.0311173  0  0.99873  -0.0503798  0.000143046  0  0.40092  -0.0428712  0.775812  1  
-0.00168475  -0.0310773  0.999506  0  -0.0503413  -0.998237  -0.0311227  0  0.998731  -0.0503698  0.000117314  0  0.400928  -0.0428675  0.775801  1  
-0.0016622  -0.0310765  0.999506  0  -0.0503284  -0.998238  -0.0311208  0  0.998731  -0.0503562  9.52427e-05  0  0.400937  -0.0428621  0.77579  1  
-0.00164654  -0.0310742  0.999506  0  -0.0503214  -0.998239  -0.0311177  0  0.998732  -0.0503488  7.99407e-05  0  0.400944  -0.0428594  0.775784  1  
-0.00161579  -0.0310785  0.999506  0  -0.0503093  -0.998239  -0.0311204  0  0.998732  -0.0503357  4.94056e-05  0  0.400956  -0.0428553  0.775771  1  
-0.00159191  -0.0310808  0.999506  0  -0.0503021  -0.998239  -0.0311215  0  0.998733  -0.0503278  2.56746e-05  0  0.400965  -0.0428525  0.775759  1  
-0.00156222  -0.0310829  0.999506  0  -0.0502864  -0.99824  -0.0311222  0  0.998734  -0.0503111  -3.57649e-06  0  0.400976  -0.0428457  0.775746  1  
-0.00153845  -0.031085  0.999506  0  -0.0502747  -0.998241  -0.031123  0  0.998734  -0.0502987  -2.70405e-05  0  0.400986  -0.0428408  0.775736  1  
-0.00150125  -0.0310752  0.999506  0  -0.0502617  -0.998242  -0.0311114  0  0.998735  -0.0502846  -6.3286e-05  0  0.400999  -0.0428335  0.775719  1  
-0.00147581  -0.0310817  0.999506  0  -0.0502495  -0.998242  -0.0311166  0  0.998736  -0.0502715  -8.86273e-05  0  0.40101  -0.0428287  0.775708  1  
-0.00143127  -0.0310796  0.999506  0  -0.0502401  -0.998243  -0.0311122  0  0.998736  -0.0502608  -0.000132686  0  0.401026  -0.0428245  0.775687  1  
-0.00140238  -0.0310783  0.999506  0  -0.0502246  -0.998244  -0.0311095  0  0.998737  -0.0502444  -0.000160976  0  0.401038  -0.0428165  0.775675  1  
-0.00136751  -0.0310792  0.999506  0  -0.0502134  -0.998244  -0.0311086  0  0.998738  -0.0502322  -0.000195489  0  0.401052  -0.0428121  0.775659  1  
-0.00133301  -0.0310808  0.999506  0  -0.0502012  -0.998245  -0.0311085  0  0.998738  -0.0502188  -0.000229631  0  0.401064  -0.0428068  0.775643  1  
-0.00129677  -0.0310867  0.999506  0  -0.0501874  -0.998245  -0.0311126  0  0.998739  -0.0502039  -0.000265667  0  0.401078  -0.0428024  0.775627  1  
-0.00125476  -0.0310803  0.999506  0  -0.0501752  -0.998246  -0.0311041  0  0.99874  -0.0501904  -0.000306902  0  0.401094  -0.0427963  0.775609  1  
-0.00121598  -0.031083  0.999506  0  -0.0501586  -0.998247  -0.0311049  0  0.998741  -0.0501726  -0.000345242  0  0.401108  -0.0427885  0.77559  1  
-0.00117163  -0.0310867  0.999506  0  -0.050145  -0.998248  -0.0311063  0  0.998741  -0.0501577  -0.000389273  0  0.401124  -0.0427846  0.775571  1  
-0.00113516  -0.031082  0.999507  0  -0.0501315  -0.998249  -0.0310998  0  0.998742  -0.0501431  -0.000425028  0  0.401139  -0.0427776  0.775555  1  
-0.00109949  -0.0310856  0.999506  0  -0.0501122  -0.99825  -0.0311017  0  0.998743  -0.0501226  -0.000460218  0  0.401153  -0.0427696  0.775538  1  
-0.00104932  -0.0310879  0.999506  0  -0.0501004  -0.99825  -0.0311014  0  0.998744  -0.0501093  -0.000510045  0  0.401171  -0.0427642  0.775515  1  
-0.00101707  -0.0310905  0.999506  0  -0.0500822  -0.998251  -0.0311024  0  0.998745  -0.05009  -0.000541803  0  0.401184  -0.042756  0.775501  1  
-0.000974983  -0.0310882  0.999507  0  -0.0500692  -0.998252  -0.0310981  0  0.998745  -0.0500758  -0.000583296  0  0.401199  -0.042751  0.775482  1  
-0.000930385  -0.0310915  0.999506  0  -0.0500542  -0.998253  -0.0310991  0  0.998746  -0.0500594  -0.000627515  0  0.401216  -0.0427452  0.775462  1  
-0.000887706  -0.0310899  0.999507  0  -0.0500335  -0.998254  -0.0310954  0  0.998747  -0.0500374  -0.000669396  0  0.401231  -0.042735  0.775442  1  
-0.000855203  -0.0310949  0.999506  0  -0.0500155  -0.998255  -0.0310987  0  0.998748  -0.0500184  -0.00070153  0  0.401245  -0.042728  0.775427  1  
-0.00081099  -0.0310904  0.999507  0  -0.050001  -0.998255  -0.031092  0  0.998749  -0.0500025  -0.000744989  0  0.40126  -0.0427228  0.775408  1  
-0.000770001  -0.0310913  0.999507  0  -0.0499826  -0.998256  -0.031091  0  0.99875  -0.0499829  -0.000785383  0  0.401276  -0.042714  0.77539  1  
-0.00072702  -0.0310938  0.999507  0  -0.0499632  -0.998257  -0.0310912  0  0.998751  -0.0499622  -0.000827808  0  0.401293  -0.0427059  0.77537  1  
-0.000687731  -0.0310935  0.999507  0  -0.0499423  -0.998258  -0.0310891  0  0.998752  -0.04994  -0.000866365  0  0.401309  -0.0426962  0.775352  1  
-0.00064589  -0.0310907  0.999507  0  -0.0499273  -0.998259  -0.0310842  0  0.998753  -0.0499237  -0.000907527  0  0.401325  -0.0426903  0.775333  1  
-0.00059742  -0.0310956  0.999507  0  -0.0499096  -0.99826  -0.0310867  0  0.998754  -0.0499045  -0.000955606  0  0.401343  -0.0426829  0.775312  1  
-0.000552434  -0.0310913  0.999507  0  -0.0498843  -0.998262  -0.0310801  0  0.998755  -0.0498778  -0.000999512  0  0.401359  -0.0426715  0.775292  1  
-0.000510338  -0.0310962  0.999507  0  -0.0498691  -0.998262  -0.0310829  0  0.998756  -0.0498613  -0.00104131  0  0.401377  -0.0426637  0.775273  1  
-0.00046649  -0.0310891  0.999507  0  -0.049848  -0.998264  -0.0310737  0  0.998757  -0.0498388  -0.00108407  0  0.401394  -0.042655  0.775253  1  
-0.000412466  -0.0310932  0.999507  0  -0.0498275  -0.998265  -0.0310751  0  0.998758  -0.0498167  -0.00113757  0  0.401415  -0.0426457  0.77523  1  
-0.000361362  -0.0310933  0.999507  0  -0.0498117  -0.998266  -0.0310727  0  0.998759  -0.0497993  -0.0011881  0  0.401433  -0.0426405  0.775206  1  
-0.000313604  -0.0310974  0.999507  0  -0.049785  -0.998267  -0.0310745  0  0.99876  -0.0497711  -0.00123515  0  0.401452  -0.0426275  0.775186  1  
-0.000258681  -0.0311007  0.999507  0  -0.0497709  -0.998267  -0.0310751  0  0.998761  -0.0497554  -0.00128971  0  0.401474  -0.0426231  0.77516  1  
-0.000209812  -0.0311021  0.999507  0  -0.049746  -0.998269  -0.031074  0  0.998762  -0.0497289  -0.00133778  0  0.401493  -0.042611  0.775139  1  
-0.000158443  -0.0310996  0.999507  0  -0.0497252  -0.99827  -0.031069  0  0.998763  -0.0497065  -0.00138829  0  0.401513  -0.0426024  0.775115  1  
-0.00010555  -0.0310999  0.999507  0  -0.0497049  -0.998271  -0.0310667  0  0.998764  -0.0496846  -0.00144047  0  0.401534  -0.0425923  0.775092  1  
-4.16061e-05  -0.0310935  0.999507  0  -0.0496785  -0.998273  -0.0310572  0  0.998765  -0.0496562  -0.00150317  0  0.401557  -0.0425812  0.775063  1  
1.24166e-05  -0.0311035  0.999507  0  -0.0496616  -0.998273  -0.0310645  0  0.998766  -0.0496377  -0.00155708  0  0.401578  -0.0425743  0.775039  1  
7.40677e-05  -0.0310956  0.999507  0  -0.0496362  -0.998275  -0.0310536  0  0.998767  -0.0496104  -0.00161744  0  0.401602  -0.0425635  0.775012  1  
0.000129003  -0.0311023  0.999507  0  -0.0496093  -0.998276  -0.0310576  0  0.998769  -0.0495817  -0.00167177  0  0.401624  -0.0425516  0.774987  1  
0.000192182  -0.0310988  0.999507  0  -0.0495879  -0.998277  -0.031051  0  0.99877  -0.0495584  -0.00173401  0  0.401648  -0.0425428  0.77496  1  
0.000255083  -0.0311034  0.999507  0  -0.0495687  -0.998278  -0.0310526  0  0.998771  -0.0495372  -0.00179643  0  0.401672  -0.0425337  0.774932  1  
0.000318225  -0.0310991  0.999507  0  -0.0495391  -0.99828  -0.0310452  0  0.998772  -0.0495058  -0.00185834  0  0.401695  -0.0425209  0.774903  1  
0.00038098  -0.0311114  0.999506  0  -0.0495217  -0.998281  -0.0310543  0  0.998773  -0.0494863  -0.00192105  0  0.40172  -0.0425135  0.774876  1  
0.000445152  -0.031101  0.999507  0  -0.0494935  -0.998282  -0.0310409  0  0.998774  -0.0494562  -0.00198372  0  0.401744  -0.0425006  0.774847  1  
0.000511965  -0.0311038  0.999506  0  -0.0494715  -0.998283  -0.0310404  0  0.998775  -0.0494322  -0.00204988  0  0.40177  -0.0424911  0.774818  1  
0.000569166  -0.0311051  0.999506  0  -0.0494527  -0.998284  -0.0310389  0  0.998776  -0.0494115  -0.00210646  0  0.401791  -0.0424832  0.77479  1  
0.000635603  -0.0311016  0.999506  0  -0.0494292  -0.998286  -0.0310322  0  0.998777  -0.049386  -0.00217188  0  0.401817  -0.0424707  0.774762  1  
0.000702715  -0.0311082  0.999506  0  -0.0494036  -0.998287  -0.0310355  0  0.998779  -0.0493584  -0.00223841  0  0.401843  -0.0424601  0.774731  1  
0.000767491  -0.0311081  0.999506  0  -0.049379  -0.998288  -0.0310323  0  0.99878  -0.0493318  -0.00230231  0  0.401867  -0.0424492  0.774703  1  
0.000835428  -0.0311068  0.999506  0  -0.0493598  -0.998289  -0.0310277  0  0.998781  -0.0493104  -0.00236947  0  0.401894  -0.0424409  0.774673  1  
0.000904347  -0.0311142  0.999506  0  -0.0493403  -0.99829  -0.0310317  0  0.998782  -0.0492888  -0.00243803  0  0.40192  -0.0424336  0.774641  1  
0.000973742  -0.0311051  0.999506  0  -0.0493138  -0.998292  -0.0310193  0  0.998783  -0.0492602  -0.00250604  0  0.401946  -0.0424206  0.77461  1  
0.00103669  -0.0311065  0.999506  0  -0.0492856  -0.998293  -0.0310176  0  0.998784  -0.04923  -0.00256807  0  0.401972  -0.0424072  0.774581  1  
0.00111135  -0.0311152  0.999506  0  -0.0492645  -0.998294  -0.0310227  0  0.998785  -0.0492067  -0.00264238  0  0.402  -0.042398  0.774548  1  
0.00118045  -0.0311078  0.999506  0  -0.0492409  -0.998296  -0.031012  0  0.998786  -0.0491809  -0.00271027  0  0.402027  -0.0423874  0.774517  1  
0.00125189  -0.0311109  0.999506  0  -0.0492123  -0.998297  -0.0310117  0  0.998788  -0.04915  -0.00278086  0  0.402055  -0.0423743  0.774486  1  
0.00132293  -0.0311084  0.999506  0  -0.0491876  -0.998299  -0.0310057  0  0.998789  -0.0491232  -0.00285088  0  0.402082  -0.0423633  0.774453  1  
0.00138861  -0.0311119  0.999505  0  -0.0491657  -0.9983  -0.0310061  0  0.99879  -0.0490992  -0.00291594  0  0.402108  -0.0423532  0.774424  1  
0.00146506  -0.0311053  0.999505  0  -0.0491406  -0.998301  -0.0309958  0  0.998791  -0.0490719  -0.00299116  0  0.402136  -0.0423418  0.77439  1  
0.00153781  -0.0311113  0.999505  0  -0.0491148  -0.998302  -0.0309983  0  0.998792  -0.0490438  -0.00306329  0  0.402164  -0.0423314  0.774357  1  
0.00160821  -0.0311109  0.999505  0  -0.0490903  -0.998304  -0.0309945  0  0.998793  -0.0490171  -0.00313278  0  0.402191  -0.0423209  0.774325  1  
0.0016884  -0.0311154  0.999505  0  -0.0490697  -0.998305  -0.0309952  0  0.998794  -0.048994  -0.00321243  0  0.40222  -0.0423116  0.77429  1  
0.00176167  -0.0311104  0.999505  0  -0.0490428  -0.998306  -0.0309867  0  0.998795  -0.0489649  -0.00328449  0  0.402249  -0.0422995  0.774256  1  
0.00183985  -0.0311133  0.999505  0  -0.0490193  -0.998307  -0.0309858  0  0.998796  -0.048939  -0.00336195  0  0.40228  -0.0422895  0.774221  1  
0.00191685  -0.0311134  0.999504  0  -0.0489891  -0.998309  -0.0309822  0  0.998797  -0.0489063  -0.00343789  0  0.402309  -0.0422748  0.774187  1  
0.00199807  -0.031122  0.999504  0  -0.0489614  -0.99831  -0.0309869  0  0.998799  -0.0488762  -0.00351854  0  0.402341  -0.0422636  0.774151  1  
0.00207296  -0.0311207  0.999504  0  -0.0489426  -0.998311  -0.030982  0  0.998799  -0.0488551  -0.00359265  0  0.402369  -0.0422556  0.774118  1  
0.00215765  -0.0311177  0.999504  0  -0.0489157  -0.998313  -0.030975  0  0.998801  -0.0488256  -0.00367622  0  0.4024  -0.0422423  0.774079  1  
0.00223241  -0.0311156  0.999504  0  -0.0488926  -0.998314  -0.0309693  0  0.998802  -0.0488001  -0.00375004  0  0.402429  -0.0422327  0.774046  1  
0.00231222  -0.0311198  0.999503  0  -0.0488657  -0.998315  -0.0309698  0  0.998803  -0.0487708  -0.00382909  0  0.402459  -0.0422211  0.77401  1  
0.00239302  -0.0311244  0.999503  0  -0.0488431  -0.998317  -0.0309705  0  0.998804  -0.0487457  -0.00390927  0  0.402489  -0.0422114  0.773973  1  
0.00247092  -0.0311302  0.999503  0  -0.0488211  -0.998318  -0.0309725  0  0.998804  -0.0487212  -0.00398664  0  0.402519  -0.0422023  0.773937  1  
0.00254824  -0.0311277  0.999503  0  -0.0487917  -0.998319  -0.0309664  0  0.998806  -0.0486894  -0.00406281  0  0.402548  -0.0421891  0.773903  1  
0.00262629  -0.0311325  0.999502  0  -0.0487672  -0.99832  -0.0309676  0  0.998807  -0.0486625  -0.0041402  0  0.402577  -0.0421793  0.773867  1  
0.00270202  -0.0311252  0.999502  0  -0.0487392  -0.998322  -0.0309567  0  0.998808  -0.0486322  -0.00421458  0  0.402605  -0.0421657  0.773833  1  
0.00278807  -0.0311296  0.999502  0  -0.0487164  -0.998323  -0.030957  0  0.998809  -0.0486067  -0.0043  0  0.402638  -0.0421559  0.773795  1  
0.00286487  -0.0311332  0.999502  0  -0.0486908  -0.998324  -0.030957  0  0.99881  -0.0485788  -0.00437605  0  0.402667  -0.042145  0.773759  1  
0.00295081  -0.0311411  0.999501  0  -0.0486673  -0.998325  -0.0309608  0  0.998811  -0.0485526  -0.00446151  0  0.4027  -0.0421345  0.773719  1  
0.00303694  -0.0311314  0.999501  0  -0.0486442  -0.998327  -0.0309471  0  0.998812  -0.0485269  -0.00454631  0  0.402733  -0.0421251  0.773681  1  
0.00312428  -0.0311344  0.999501  0  -0.0486159  -0.998328  -0.0309459  0  0.998813  -0.0484958  -0.00463277  0  0.402766  -0.042112  0.773641  1  
0.00320272  -0.0311307  0.999501  0  -0.0485837  -0.99833  -0.0309386  0  0.998814  -0.0484612  -0.0047099  0  0.402797  -0.0420987  0.773606  1  
0.00329162  -0.0311416  0.9995  0  -0.0485576  -0.998331  -0.0309453  0  0.998815  -0.0484324  -0.00479839  0  0.40283  -0.0420863  0.773565  1  
0.0033721  -0.0311477  0.999499  0  -0.0485304  -0.998333  -0.0309476  0  0.998816  -0.0484026  -0.00487818  0  0.402861  -0.0420763  0.773528  1  
0.0034607  -0.0311467  0.999499  0  -0.0484984  -0.998334  -0.0309424  0  0.998817  -0.048368  -0.00496559  0  0.402894  -0.0420619  0.773488  1  
0.00354981  -0.0311476  0.999499  0  -0.0484711  -0.998336  -0.0309392  0  0.998818  -0.0483379  -0.00505375  0  0.402927  -0.04205  0.773448  1  
0.00363624  -0.0311479  0.999499  0  -0.0484394  -0.998337  -0.0309355  0  0.998819  -0.0483035  -0.00513908  0  0.40296  -0.0420353  0.773409  1  
0.00372254  -0.0311493  0.999498  0  -0.0484087  -0.998339  -0.0309329  0  0.998821  -0.0482702  -0.00522436  0  0.402993  -0.042023  0.77337  1  
0.00381282  -0.0311551  0.999498  0  -0.0483772  -0.99834  -0.0309344  0  0.998822  -0.0482359  -0.00531379  0  0.403026  -0.0420099  0.773329  1  
0.00389591  -0.0311538  0.999497  0  -0.0483414  -0.998342  -0.0309293  0  0.998823  -0.0481975  -0.00539557  0  0.403059  -0.0419942  0.773291  1  
0.00398654  -0.0311543  0.999497  0  -0.0483108  -0.998344  -0.0309256  0  0.998824  -0.0481642  -0.00548513  0  0.403094  -0.041981  0.77325  1  
0.00408509  -0.0311578  0.999496  0  -0.0482815  -0.998345  -0.0309246  0  0.998825  -0.0481318  -0.00558279  0  0.403131  -0.0419688  0.773204  1  
0.00417335  -0.0311532  0.999496  0  -0.0482433  -0.998347  -0.030916  0  0.998827  -0.0480909  -0.00566949  0  0.403166  -0.0419515  0.773165  1  
0.00426596  -0.0311512  0.999496  0  -0.0482105  -0.998349  -0.0309097  0  0.998828  -0.0480553  -0.00576084  0  0.403201  -0.0419373  0.773124  1  
0.00435908  -0.0311598  0.999495  0  -0.0481762  -0.998351  -0.030914  0  0.998829  -0.048018  -0.00585316  0  0.403236  -0.0419226  0.773081  1  
0.00445927  -0.0311625  0.999495  0  -0.0481373  -0.998353  -0.0309121  0  0.998831  -0.047976  -0.00595211  0  0.403273  -0.0419059  0.773036  1  
0.00455464  -0.0311621  0.999494  0  -0.0481067  -0.998354  -0.0309073  0  0.998832  -0.0479426  -0.00604636  0  0.40331  -0.0418933  0.772993  1  
0.00465093  -0.0311637  0.999494  0  -0.0480687  -0.998356  -0.0309046  0  0.998833  -0.0479016  -0.0061414  0  0.403348  -0.0418766  0.77295  1  
0.00474902  -0.0311697  0.999493  0  -0.0480274  -0.998358  -0.0309061  0  0.998835  -0.0478572  -0.00623834  0  0.403384  -0.0418596  0.772905  1  
0.00484203  -0.031173  0.999493  0  -0.0479957  -0.99836  -0.0309052  0  0.998836  -0.0478227  -0.00633039  0  0.403419  -0.0418473  0.772864  1  
0.00493831  -0.0311724  0.999492  0  -0.0479552  -0.998362  -0.0309002  0  0.998837  -0.0477792  -0.00642523  0  0.403455  -0.0418286  0.772819  1  
0.00503476  -0.0311743  0.999492  0  -0.0479183  -0.998364  -0.0308977  0  0.998839  -0.0477393  -0.00652046  0  0.403492  -0.0418132  0.772776  1  
0.00512827  -0.0311785  0.999491  0  -0.04788  -0.998365  -0.0308977  0  0.99884  -0.0476981  -0.00661284  0  0.403529  -0.0417974  0.772734  1  
0.00522307  -0.0311842  0.99949  0  -0.0478456  -0.998367  -0.0308991  0  0.998841  -0.0476607  -0.00670669  0  0.403565  -0.0417836  0.77269  1  
0.00532088  -0.0311795  0.99949  0  -0.0478005  -0.998369  -0.0308901  0  0.998843  -0.0476127  -0.00680273  0  0.403602  -0.041763  0.772646  1  
0.00542534  -0.0311825  0.999489  0  -0.0477613  -0.998371  -0.0308884  0  0.998844  -0.0475703  -0.00690595  0  0.403642  -0.0417469  0.772599  1  
0.0055196  -0.0311925  0.999489  0  -0.0477199  -0.998373  -0.0308941  0  0.998845  -0.0475259  -0.00699926  0  0.403677  -0.0417305  0.772556  1  
0.00561848  -0.0311956  0.999488  0  -0.0476733  -0.998376  -0.0308929  0  0.998847  -0.0474762  -0.00709668  0  0.403715  -0.0417105  0.77251  1  
0.00572317  -0.0311946  0.999487  0  -0.0476304  -0.998378  -0.0308872  0  0.998849  -0.0474302  -0.00719984  0  0.403754  -0.0416925  0.772463  1  
0.00582189  -0.0311971  0.999487  0  -0.0475918  -0.99838  -0.0308853  0  0.99885  -0.0473885  -0.00729732  0  0.403791  -0.0416767  0.772419  1  
0.00592137  -0.0312014  0.999486  0  -0.0475425  -0.998382  -0.0308853  0  0.998852  -0.0473361  -0.00739533  0  0.403829  -0.041656  0.772373  1  
0.00601133  -0.0312011  0.999485  0  -0.047496  -0.998384  -0.0308811  0  0.998853  -0.0472868  -0.00748369  0  0.403863  -0.041636  0.772333  1  
0.00611362  -0.0311985  0.999485  0  -0.0474475  -0.998387  -0.030874  0  0.998855  -0.0472352  -0.00758419  0  0.403902  -0.0416157  0.772287  1  
0.00620978  -0.0312022  0.999484  0  -0.0474009  -0.998389  -0.0308735  0  0.998857  -0.0471856  -0.00767893  0  0.40394  -0.0415957  0.772243  1  
0.00631114  -0.0312071  0.999483  0  -0.0473532  -0.998391  -0.030874  0  0.998858  -0.0471348  -0.0077789  0  0.403979  -0.0415761  0.772197  1  
0.00641452  -0.0312098  0.999483  0  -0.0473041  -0.998394  -0.0308722  0  0.99886  -0.0470825  -0.00788072  0  0.404018  -0.0415556  0.772151  1  
0.00651449  -0.0312099  0.999482  0  -0.047259  -0.998396  -0.030868  0  0.998861  -0.0470344  -0.00797914  0  0.404056  -0.041537  0.772105  1  
0.00661815  -0.0312154  0.999481  0  -0.0472084  -0.998398  -0.0308689  0  0.998863  -0.0469805  -0.00808133  0  0.404097  -0.0415154  0.772058  1  
0.00671861  -0.031211  0.999481  0  -0.0471574  -0.998401  -0.0308603  0  0.998865  -0.0469265  -0.00817985  0  0.404135  -0.0414925  0.772012  1  
0.00682206  -0.0312178  0.99948  0  -0.0471038  -0.998403  -0.0308626  0  0.998867  -0.0468697  -0.0082818  0  0.404176  -0.0414698  0.771966  1  
0.00692622  -0.0312153  0.999479  0  -0.0470608  -0.998406  -0.0308556  0  0.998868  -0.0468234  -0.00838435  0  0.404216  -0.0414519  0.771919  1  
0.0070266  -0.0312197  0.999478  0  -0.0470103  -0.998408  -0.0308557  0  0.99887  -0.0467699  -0.00848322  0  0.404255  -0.0414305  0.771873  1  
0.00712809  -0.0312183  0.999478  0  -0.046962  -0.998411  -0.0308501  0  0.998871  -0.0467184  -0.008583  0  0.404295  -0.0414098  0.771827  1  
0.00723265  -0.0312244  0.999477  0  -0.0469079  -0.998413  -0.0308518  0  0.998873  -0.0466612  -0.00868601  0  0.404335  -0.0413867  0.77178  1  
0.0073366  -0.0312165  0.999476  0  -0.0468586  -0.998416  -0.0308394  0  0.998875  -0.0466087  -0.00878791  0  0.404377  -0.0413645  0.771734  1  
0.00744611  -0.031223  0.999475  0  -0.0468027  -0.998418  -0.0308413  0  0.998876  -0.0465494  -0.00889582  0  0.404418  -0.0413398  0.771683  1  
0.00754892  -0.0312192  0.999474  0  -0.0467514  -0.998421  -0.0308332  0  0.998878  -0.046495  -0.00899671  0  0.40446  -0.0413184  0.771637  1  
0.00766032  -0.0312236  0.999473  0  -0.0467046  -0.998423  -0.0308328  0  0.998879  -0.0464447  -0.00910671  0  0.404503  -0.0412976  0.771587  1  
0.00776727  -0.0312182  0.999473  0  -0.0466452  -0.998426  -0.030823  0  0.998881  -0.0463821  -0.0092114  0  0.404546  -0.0412707  0.771538  1  
0.00787191  -0.0312223  0.999472  0  -0.0465997  -0.998428  -0.0308227  0  0.998883  -0.0463334  -0.00931467  0  0.404587  -0.041251  0.771491  1  
0.00797975  -0.0312199  0.999471  0  -0.0465439  -0.998431  -0.0308158  0  0.998884  -0.0462743  -0.00942051  0  0.40463  -0.0412265  0.771442  1  
0.00808712  -0.0312241  0.99947  0  -0.0464929  -0.998434  -0.0308155  0  0.998886  -0.0462199  -0.00952634  0  0.404672  -0.041204  0.771392  1  
0.00819412  -0.0312196  0.999469  0  -0.046444  -0.998436  -0.0308066  0  0.998887  -0.0461678  -0.00963145  0  0.404714  -0.0411828  0.771344  1  
0.0082979  -0.0312248  0.999468  0  -0.0463906  -0.998439  -0.0308074  0  0.998889  -0.0461112  -0.00973366  0  0.404755  -0.04116  0.771296  1  
0.00839241  -0.0312208  0.999468  0  -0.046338  -0.998441  -0.0307996  0  0.998891  -0.0460557  -0.00982622  0  0.404794  -0.0411368  0.771252  1  
0.00849377  -0.0312196  0.999467  0  -0.0462871  -0.998444  -0.0307943  0  0.998892  -0.0460017  -0.00992581  0  0.404837  -0.0411141  0.771204  1  
0.00859213  -0.0312235  0.999466  0  -0.0462403  -0.998446  -0.0307941  0  0.998893  -0.0459519  -0.0100228  0  0.404877  -0.0410946  0.771158  1  
0.00868231  -0.0312211  0.999465  0  -0.046184  -0.998449  -0.0307881  0  0.998895  -0.0458929  -0.0101109  0  0.404917  -0.0410694  0.771114  1  
0.00877622  -0.0312235  0.999464  0  -0.0461332  -0.998451  -0.0307867  0  0.998897  -0.0458392  -0.0102033  0  0.404958  -0.0410478  0.77107  1  
0.00887512  -0.0312267  0.999463  0  -0.0460841  -0.998453  -0.030786  0  0.998898  -0.045787  -0.0103007  0  0.405  -0.0410282  0.77102  1  
0.00895803  -0.0312203  0.999463  0  -0.046029  -0.998456  -0.0307763  0  0.9989  -0.0457295  -0.0103814  0  0.405039  -0.0410025  0.770979  1  
0.00905472  -0.0312239  0.999462  0  -0.045979  -0.998459  -0.030776  0  0.998901  -0.0456765  -0.0104766  0  0.405082  -0.0409813  0.770931  1  
0.00914594  -0.0312131  0.999461  0  -0.045924  -0.998462  -0.0307616  0  0.998903  -0.0456188  -0.0105655  0  0.405122  -0.0409563  0.770886  1  
0.00923132  -0.0312218  0.99946  0  -0.0458738  -0.998464  -0.0307669  0  0.998905  -0.0455659  -0.0106496  0  0.405161  -0.0409364  0.770843  1  
0.00931737  -0.0312165  0.99946  0  -0.0458161  -0.998467  -0.0307584  0  0.998906  -0.0455056  -0.0107335  0  0.4052  -0.0409093  0.770801  1  
0.00941091  -0.0312159  0.999459  0  -0.0457611  -0.998469  -0.0307541  0  0.998908  -0.0454477  -0.0108252  0  0.405242  -0.0408856  0.770754  1  
0.00950859  -0.0312132  0.999458  0  -0.0457071  -0.998472  -0.0307475  0  0.99891  -0.0453908  -0.0109209  0  0.405285  -0.0408617  0.770707  1  
0.00960626  -0.0312134  0.999457  0  -0.0456528  -0.998475  -0.0307439  0  0.998911  -0.0453335  -0.0110168  0  0.405328  -0.0408392  0.77066  1  
0.0096991  -0.0312153  0.999456  0  -0.0455981  -0.998477  -0.0307422  0  0.998913  -0.045276  -0.0111079  0  0.405371  -0.0408153  0.770615  1  
0.00980318  -0.0312149  0.999455  0  -0.0455427  -0.99848  -0.0307378  0  0.998914  -0.0452174  -0.0112101  0  0.405415  -0.0407903  0.770567  1  
0.00989892  -0.031213  0.999454  0  -0.0454872  -0.998482  -0.0307321  0  0.998916  -0.0451591  -0.0113039  0  0.405457  -0.040766  0.770522  1  
0.0100138  -0.0312143  0.999453  0  -0.045436  -0.998485  -0.0307289  0  0.998917  -0.0451043  -0.0114171  0  0.405505  -0.0407438  0.770469  1  
0.0101136  -0.0312177  0.999452  0  -0.045376  -0.998488  -0.0307284  0  0.998919  -0.0450412  -0.0115151  0  0.405547  -0.0407181  0.770423  1  
0.0102248  -0.0312145  0.999451  0  -0.0453215  -0.99849  -0.0307208  0  0.99892  -0.0449834  -0.0116243  0  0.405593  -0.040694  0.770372  1  
0.0103299  -0.0312113  0.99945  0  -0.0452649  -0.998493  -0.0307136  0  0.998922  -0.0449236  -0.0117273  0  0.405638  -0.0406691  0.770324  1  
0.0104371  -0.0312028  0.999449  0  -0.0452044  -0.998496  -0.030701  0  0.998923  -0.0448599  -0.0118322  0  0.405682  -0.0406419  0.770275  1  
0.01055  -0.03121  0.999448  0  -0.0451475  -0.998499  -0.0307038  0  0.998925  -0.0447995  -0.0119434  0  0.405729  -0.0406174  0.770223  1  
0.0106646  -0.0312058  0.999446  0  -0.045093  -0.998501  -0.0306951  0  0.998926  -0.0447416  -0.012056  0  0.405775  -0.0405938  0.770171  1  
0.0107735  -0.0312087  0.999445  0  -0.0450345  -0.998504  -0.0306939  0  0.998927  -0.0446797  -0.0121631  0  0.405822  -0.0405674  0.770121  1  
0.0108913  -0.0312052  0.999444  0  -0.0449769  -0.998507  -0.0306858  0  0.998929  -0.0446185  -0.0122788  0  0.405868  -0.0405425  0.770069  1  
0.0110004  -0.0312059  0.999443  0  -0.0449181  -0.99851  -0.0306824  0  0.99893  -0.0445564  -0.0123859  0  0.405913  -0.0405157  0.770019  1  
0.0111137  -0.031201  0.999442  0  -0.0448643  -0.998512  -0.0306731  0  0.998931  -0.0444992  -0.0124972  0  0.405959  -0.0404917  0.769968  1  
0.011221  -0.0312038  0.99944  0  -0.0448049  -0.998515  -0.0306719  0  0.998933  -0.0444365  -0.0126026  0  0.406004  -0.0404656  0.769919  1  
0.0113423  -0.0312001  0.999439  0  -0.0447512  -0.998518  -0.0306634  0  0.998934  -0.0443792  -0.012722  0  0.40605  -0.0404426  0.769865  1  
0.0114521  -0.0311975  0.999438  0  -0.0446947  -0.998521  -0.0306567  0  0.998935  -0.0443193  -0.0128298  0  0.406096  -0.0404161  0.769816  1  
0.0115604  -0.0311989  0.999437  0  -0.0446402  -0.998523  -0.0306541  0  0.998936  -0.0442615  -0.0129363  0  0.406141  -0.0403938  0.769767  1  
0.0116707  -0.0311983  0.999435  0  -0.0445875  -0.998526  -0.0306493  0  0.998937  -0.0442055  -0.0130448  0  0.406187  -0.0403702  0.769717  1  
0.0117886  -0.031199  0.999434  0  -0.0445281  -0.998528  -0.0306455  0  0.998939  -0.0441425  -0.0131608  0  0.406235  -0.0403448  0.769666  1  
0.0118841  -0.0312033  0.999433  0  -0.0444712  -0.998531  -0.0306463  0  0.99894  -0.0440826  -0.0132545  0  0.406278  -0.0403202  0.769621  1  
0.0119963  -0.0312002  0.999432  0  -0.044417  -0.998533  -0.030639  0  0.998941  -0.0440251  -0.0133648  0  0.406326  -0.040297  0.769569  1  
0.0120965  -0.0312033  0.99943  0  -0.0443549  -0.998536  -0.0306385  0  0.998943  -0.0439599  -0.013463  0  0.40637  -0.0402699  0.769523  1  
0.0121971  -0.0312051  0.999429  0  -0.044299  -0.998539  -0.0306367  0  0.998944  -0.0439009  -0.0135619  0  0.406414  -0.0402466  0.769477  1  
0.0123066  -0.031209  0.999427  0  -0.0442448  -0.998541  -0.0306365  0  0.998945  -0.0438433  -0.0136697  0  0.406462  -0.0402233  0.769426  1  
0.0124056  -0.0312001  0.999427  0  -0.0441865  -0.998544  -0.0306241  0  0.998946  -0.0437821  -0.0137664  0  0.406507  -0.040198  0.769379  1  
0.0125118  -0.0311982  0.999425  0  -0.0441243  -0.998547  -0.0306184  0  0.998948  -0.0437167  -0.0138705  0  0.406554  -0.0401698  0.769331  1  
0.0126184  -0.031206  0.999424  0  -0.0440678  -0.998549  -0.0306223  0  0.998949  -0.0436568  -0.0139755  0  0.4066  -0.0401472  0.769282  1  
0.0127242  -0.0312015  0.999422  0  -0.0440087  -0.998552  -0.030614  0  0.99895  -0.0435946  -0.0140792  0  0.406648  -0.0401215  0.769233  1  
0.012833  -0.0311995  0.999421  0  -0.0439522  -0.998555  -0.0306081  0  0.998951  -0.0435348  -0.014186  0  0.406696  -0.0400973  0.769184  1  
0.0129385  -0.0312067  0.99942  0  -0.0438936  -0.998557  -0.0306115  0  0.998952  -0.0434729  -0.0142899  0  0.406743  -0.0400737  0.769136  1  
0.0130452  -0.0312083  0.999418  0  -0.0438306  -0.99856  -0.0306094  0  0.998954  -0.0434066  -0.0143946  0  0.406791  -0.0400466  0.769087  1  
0.0131552  -0.0312065  0.999417  0  -0.0437702  -0.998563  -0.0306037  0  0.998955  -0.0433429  -0.0145025  0  0.40684  -0.0400206  0.769038  1  
0.0132679  -0.0312041  0.999415  0  -0.0437071  -0.998566  -0.0305973  0  0.998956  -0.0432764  -0.014613  0  0.40689  -0.0399935  0.768989  1  
0.0133844  -0.0312058  0.999414  0  -0.0436439  -0.998569  -0.0305949  0  0.998957  -0.0432097  -0.0147275  0  0.406942  -0.0399676  0.768937  1  
0.0135059  -0.031212  0.999412  0  -0.0435845  -0.998571  -0.0305968  0  0.998958  -0.0431464  -0.0148472  0  0.406995  -0.0399432  0.768883  1  
0.013622  -0.0312062  0.999411  0  -0.0435198  -0.998575  -0.030587  0  0.99896  -0.0430783  -0.0149609  0  0.407048  -0.0399133  0.768831  1  
0.0137397  -0.0312056  0.999409  0  -0.0434574  -0.998577  -0.0305822  0  0.998961  -0.0430123  -0.0150766  0  0.4071  -0.0398875  0.768779  1  
0.0138618  -0.0312024  0.999407  0  -0.0433946  -0.99858  -0.0305747  0  0.998962  -0.0429459  -0.0151965  0  0.407153  -0.0398597  0.768726  1  
0.0139717  -0.0312003  0.999406  0  -0.043329  -0.998583  -0.0305689  0  0.998963  -0.0428769  -0.0153041  0  0.407203  -0.0398308  0.768679  1  
0.0140892  -0.0312049  0.999404  0  -0.0432611  -0.998586  -0.0305695  0  0.998964  -0.0428054  -0.0154195  0  0.407256  -0.0398017  0.768625  1  
0.0142107  -0.031205  0.999402  0  -0.043205  -0.998589  -0.0305653  0  0.998965  -0.0427457  -0.0155392  0  0.40731  -0.0397778  0.768572  1  
0.0143329  -0.031199  0.999401  0  -0.043147  -0.998592  -0.030555  0  0.998966  -0.042684  -0.0156591  0  0.407364  -0.039753  0.76852  1  
0.0144443  -0.0311989  0.999399  0  -0.0430859  -0.998595  -0.0305511  0  0.998967  -0.0426195  -0.0157685  0  0.407416  -0.0397264  0.76847  1  
0.0145698  -0.0312037  0.999397  0  -0.0430194  -0.998597  -0.0305516  0  0.998968  -0.0425492  -0.015892  0  0.407472  -0.0396973  0.768415  1  
0.0146801  -0.031198  0.999396  0  -0.0429519  -0.998601  -0.0305422  0  0.998969  -0.0424784  -0.0159999  0  0.407522  -0.0396676  0.768366  1  
0.0147873  -0.0311982  0.999394  0  -0.0428898  -0.998603  -0.0305389  0  0.99897  -0.0424131  -0.016105  0  0.407574  -0.0396414  0.768319  1  
0.0149062  -0.0312026  0.999392  0  -0.0428284  -0.998606  -0.0305393  0  0.998971  -0.0423479  -0.0162221  0  0.407628  -0.0396153  0.768266  1  
0.0150144  -0.0311985  0.999391  0  -0.042769  -0.998609  -0.0305315  0  0.998972  -0.0422854  -0.0163282  0  0.407679  -0.0395889  0.768219  1  
0.0151315  -0.0311993  0.999389  0  -0.0427097  -0.998611  -0.0305284  0  0.998973  -0.0422225  -0.0164434  0  0.407733  -0.0395641  0.768167  1  
0.0152462  -0.0311949  0.999387  0  -0.0426445  -0.998614  -0.0305202  0  0.998974  -0.0421539  -0.0165556  0  0.407787  -0.0395365  0.768117  1  
0.0153611  -0.0311912  0.999386  0  -0.0425874  -0.998617  -0.0305126  0  0.998975  -0.0420933  -0.0166685  0  0.407841  -0.0395107  0.768067  1  
0.0154741  -0.0311918  0.999384  0  -0.0425289  -0.99862  -0.0305095  0  0.998975  -0.0420314  -0.0167797  0  0.407895  -0.0394848  0.768018  1  
0.015577  -0.031193  0.999382  0  -0.0424712  -0.998622  -0.0305073  0  0.998976  -0.0419705  -0.0168807  0  0.407944  -0.0394605  0.767973  1  
0.0156889  -0.0311912  0.999381  0  -0.0424194  -0.998625  -0.0305017  0  0.998977  -0.0419154  -0.0169908  0  0.407997  -0.0394385  0.767924  1  
0.0157893  -0.0311904  0.999379  0  -0.0423597  -0.998627  -0.0304977  0  0.998978  -0.0418526  -0.0170891  0  0.408046  -0.0394108  0.76788  1  
0.0158981  -0.0311924  0.999377  0  -0.0423077  -0.998629  -0.030496  0  0.998978  -0.0417973  -0.0171963  0  0.408099  -0.0393896  0.767832  1  
0.0160087  -0.0311884  0.999376  0  -0.0422484  -0.998632  -0.0304885  0  0.998979  -0.0417347  -0.0173048  0  0.408152  -0.0393632  0.767783  1  
0.0161104  -0.0311836  0.999374  0  -0.0421907  -0.998635  -0.0304804  0  0.99898  -0.0416741  -0.0174044  0  0.4082  -0.0393384  0.767739  1  
0.0162184  -0.0311907  0.999372  0  -0.042134  -0.998637  -0.030484  0  0.99898  -0.0416139  -0.0175108  0  0.408253  -0.0393142  0.767692  1  
0.0163225  -0.0311807  0.999371  0  -0.0420775  -0.99864  -0.0304707  0  0.998981  -0.0415545  -0.0176127  0  0.408304  -0.0392883  0.767647  1  
0.0164349  -0.0311842  0.999369  0  -0.0420207  -0.998642  -0.0304705  0  0.998982  -0.0414942  -0.0177233  0  0.408357  -0.0392648  0.767599  1  
0.0165364  -0.0311788  0.999367  0  -0.0419664  -0.998645  -0.0304618  0  0.998982  -0.0414369  -0.0178228  0  0.408407  -0.0392404  0.767555  1  
0.0166541  -0.0311792  0.999365  0  -0.0419072  -0.998647  -0.0304584  0  0.998983  -0.0413741  -0.0179385  0  0.408463  -0.0392141  0.767505  1  
0.0167676  -0.0311736  0.999364  0  -0.0418572  -0.99865  -0.0304491  0  0.998983  -0.0413209  -0.0180501  0  0.408517  -0.0391931  0.767458  1  
0.0168903  -0.0311802  0.999361  0  -0.0418016  -0.998652  -0.0304516  0  0.998983  -0.0412614  -0.0181712  0  0.408575  -0.0391686  0.767407  1  
0.0170034  -0.0311738  0.99936  0  -0.0417418  -0.998655  -0.0304416  0  0.998984  -0.0411983  -0.0182821  0  0.408629  -0.0391424  0.76736  1  
0.0171135  -0.0311684  0.999358  0  -0.0416919  -0.998657  -0.0304326  0  0.998984  -0.0411451  -0.0183903  0  0.408681  -0.039119  0.767314  1  
0.0172413  -0.0311654  0.999356  0  -0.0416414  -0.99866  -0.0304253  0  0.998984  -0.0410908  -0.0185163  0  0.408739  -0.0390971  0.76726  1  
0.0173547  -0.0311736  0.999354  0  -0.0415837  -0.998662  -0.0304298  0  0.998984  -0.0410295  -0.0186282  0  0.408794  -0.0390725  0.767214  1  
0.0174725  -0.031172  0.999352  0  -0.0415356  -0.998664  -0.0304244  0  0.998984  -0.0409778  -0.0187442  0  0.408851  -0.0390521  0.767164  1  
0.0175994  -0.0311683  0.99935  0  -0.0414796  -0.998667  -0.0304165  0  0.998984  -0.0409181  -0.0188691  0  0.408909  -0.0390266  0.767111  1  
0.0177194  -0.0311596  0.999348  0  -0.0414263  -0.998669  -0.030404  0  0.998984  -0.0408613  -0.018987  0  0.408966  -0.0390021  0.767062  1  
0.0178373  -0.0311608  0.999346  0  -0.041367  -0.998672  -0.0304014  0  0.998985  -0.0407985  -0.019103  0  0.409023  -0.0389754  0.767012  1  
0.0179571  -0.0311542  0.999344  0  -0.0413151  -0.998674  -0.030391  0  0.998985  -0.0407431  -0.0192208  0  0.40908  -0.0389521  0.766962  1  
0.0180787  -0.031152  0.999342  0  -0.0412623  -0.998677  -0.0303848  0  0.998985  -0.0406866  -0.0193405  0  0.409138  -0.038928  0.766911  1  
0.0181954  -0.0311478  0.99934  0  -0.041205  -0.998679  -0.030377  0  0.998985  -0.0406259  -0.0194552  0  0.409192  -0.0389016  0.766862  1  
0.0183101  -0.0311452  0.999338  0  -0.0411524  -0.998682  -0.0303708  0  0.998985  -0.0405698  -0.0195681  0  0.409249  -0.0388781  0.766815  1  
0.0184286  -0.0311458  0.999335  0  -0.0411025  -0.998684  -0.0303675  0  0.998985  -0.0405163  -0.0196849  0  0.409307  -0.0388551  0.766765  1  
0.0185503  -0.031141  0.999333  0  -0.0410476  -0.998686  -0.0303589  0  0.998985  -0.0404578  -0.0198045  0  0.409364  -0.0388303  0.766713  1  
0.018657  -0.031141  0.999331  0  -0.0410017  -0.998688  -0.0303554  0  0.998985  -0.0404087  -0.0199097  0  0.409418  -0.0388111  0.766668  1  
0.0187671  -0.0311374  0.999329  0  -0.0409525  -0.99869  -0.0303484  0  0.998985  -0.0403563  -0.020018  0  0.40947  -0.0387887  0.766621  1  
0.0188729  -0.0311318  0.999327  0  -0.0408955  -0.998693  -0.0303397  0  0.998985  -0.0402962  -0.0201218  0  0.409524  -0.0387618  0.766576  1  
