-0.00275023  -0.0312345  0.999499  0  -0.0508585  -0.998205  -0.031334  0  0.998702  -0.0509202  0.00115678  0  0.40068  -0.0430537  0.776422  1  
-0.0027553  -0.0312314  0.999499  0  -0.0508577  -0.998205  -0.0313311  0  0.998702  -0.0509196  0.00116202  0  0.40068  -0.0430528  0.776426  1  
-0.00275849  -0.0312326  0.999499  0  -0.0508587  -0.998205  -0.0313326  0  0.998702  -0.0509206  0.00116511  0  0.400678  -0.0430538  0.776426  1  
-0.00275159  -0.0312351  0.999499  0  -0.0508563  -0.998205  -0.0313346  0  0.998702  -0.050918  0.00115817  0  0.40068  -0.0430535  0.776423  1  
-0.00275278  -0.0312352  0.999499  0  -0.0508629  -0.998204  -0.0313349  0  0.998702  -0.0509247  0.00115914  0  0.40068  -0.0430568  0.776423  1  
-0.00275333  -0.0312338  0.999499  0  -0.0508607  -0.998204  -0.0313335  0  0.998702  -0.0509224  0.00115984  0  0.400679  -0.0430547  0.776424  1  
-0.00275083  -0.0312329  0.999499  0  -0.0508602  -0.998205  -0.0313325  0  0.998702  -0.0509219  0.0011574  0  0.400679  -0.0430545  0.776422  1  
-0.00274689  -0.0312367  0.999499  0  -0.0508624  -0.998204  -0.031336  0  0.998702  -0.050924  0.00115321  0  0.40068  -0.0430564  0.776419  1  
-0.00275865  -0.0312365  0.999499  0  -0.0508642  -0.998204  -0.0313364  0  0.998702  -0.0509261  0.0011649  0  0.400676  -0.0430572  0.776425  1  
-0.0027592  -0.0312334  0.999499  0  -0.0508632  -0.998204  -0.0313333  0  0.998702  -0.0509251  0.00116564  0  0.400676  -0.0430562  0.776425  1  
-0.00275124  -0.0312337  0.999499  0  -0.0508632  -0.998204  -0.0313333  0  0.998702  -0.0509249  0.00115767  0  0.400679  -0.0430561  0.776421  1  
-0.00274612  -0.0312359  0.999499  0  -0.0508597  -0.998204  -0.0313352  0  0.998702  -0.0509212  0.00115257  0  0.40068  -0.0430547  0.77642  1  
-0.00273939  -0.0312363  0.999499  0  -0.0508587  -0.998205  -0.0313352  0  0.998702  -0.0509201  0.00114586  0  0.400684  -0.0430539  0.776418  1  
-0.0027317  -0.0312355  0.999499  0  -0.0508606  -0.998204  -0.0313341  0  0.998702  -0.0509217  0.00113816  0  0.400688  -0.0430544  0.776415  1  
-0.00272313  -0.0312322  0.999499  0  -0.0508619  -0.998204  -0.0313303  0  0.998702  -0.0509227  0.00112974  0  0.400692  -0.0430547  0.776412  1  
-0.00271498  -0.0312404  0.999499  0  -0.0508608  -0.998204  -0.0313381  0  0.998702  -0.0509214  0.00112121  0  0.400695  -0.0430549  0.776408  1  
-0.00270545  -0.0312294  0.999499  0  -0.0508604  -0.998205  -0.0313266  0  0.998702  -0.0509207  0.00111227  0  0.400698  -0.0430537  0.776405  1  
-0.00269933  -0.0312371  0.999499  0  -0.0508627  -0.998204  -0.031334  0  0.998702  -0.0509228  0.0011057  0  0.4007  -0.0430558  0.776403  1  
-0.00269577  -0.0312301  0.999499  0  -0.0508666  -0.998204  -0.0313268  0  0.998702  -0.0509266  0.00110238  0  0.400702  -0.0430571  0.776402  1  
-0.00269627  -0.031237  0.999499  0  -0.0508667  -0.998204  -0.0313338  0  0.998702  -0.0509267  0.00110252  0  0.400702  -0.0430574  0.776402  1  
-0.00269192  -0.0312328  0.999499  0  -0.0508652  -0.998204  -0.0313294  0  0.998702  -0.050925  0.00109844  0  0.400704  -0.0430566  0.7764  1  
-0.00268074  -0.0312386  0.999499  0  -0.0508643  -0.998204  -0.0313345  0  0.998702  -0.0509238  0.00108702  0  0.400709  -0.0430568  0.776396  1  
-0.00268602  -0.031233  0.999499  0  -0.0508649  -0.998204  -0.0313293  0  0.998702  -0.0509246  0.00109255  0  0.400709  -0.0430567  0.776399  1  
-0.00268009  -0.0312365  0.999499  0  -0.0508631  -0.998204  -0.0313325  0  0.998702  -0.0509226  0.00108651  0  0.400711  -0.0430557  0.776396  1  
-0.00267265  -0.031232  0.999499  0  -0.0508638  -0.998204  -0.0313275  0  0.998702  -0.050923  0.00107929  0  0.400714  -0.0430563  0.776394  1  
-0.00266622  -0.0312405  0.999499  0  -0.0508641  -0.998204  -0.0313357  0  0.998702  -0.0509231  0.00107243  0  0.400717  -0.0430567  0.776392  1  
-0.00264527  -0.0312287  0.999499  0  -0.0508631  -0.998205  -0.0313229  0  0.998702  -0.0509215  0.00105215  0  0.400728  -0.0430551  0.776385  1  
-0.00263225  -0.0312311  0.999499  0  -0.0508628  -0.998205  -0.0313246  0  0.998702  -0.0509207  0.00103904  0  0.400733  -0.0430552  0.77638  1  
-0.00262671  -0.0312294  0.999499  0  -0.0508579  -0.998205  -0.0313226  0  0.998702  -0.0509156  0.00103376  0  0.400736  -0.0430516  0.77638  1  
-0.00261795  -0.0312342  0.999499  0  -0.0508628  -0.998205  -0.031327  0  0.998702  -0.0509203  0.00102461  0  0.400739  -0.0430543  0.776376  1  
-0.00260897  -0.031234  0.999499  0  -0.0508621  -0.998205  -0.0313263  0  0.998702  -0.0509194  0.00101567  0  0.400744  -0.0430534  0.776373  1  
-0.00260592  -0.0312372  0.999499  0  -0.0508614  -0.998205  -0.0313293  0  0.998702  -0.0509185  0.0010125  0  0.400746  -0.0430538  0.776372  1  
-0.00259344  -0.0312375  0.999499  0  -0.050865  -0.998204  -0.031329  0  0.998702  -0.0509217  0.000999909  0  0.400752  -0.0430554  0.776368  1  
-0.00258592  -0.0312283  0.999499  0  -0.0508592  -0.998205  -0.0313194  0  0.998702  -0.0509158  0.000993051  0  0.400756  -0.043052  0.776365  1  
-0.00257984  -0.0312318  0.999499  0  -0.0508608  -0.998205  -0.0313227  0  0.998702  -0.0509171  0.000986751  0  0.400759  -0.043052  0.776363  1  
-0.0025664  -0.0312292  0.999499  0  -0.0508612  -0.998205  -0.0313194  0  0.998702  -0.0509171  0.000973451  0  0.400765  -0.0430533  0.776358  1  
-0.0025582  -0.0312351  0.999499  0  -0.0508645  -0.998205  -0.0313249  0  0.998702  -0.0509201  0.000964861  0  0.400769  -0.0430545  0.776355  1  
-0.00255265  -0.0312293  0.999499  0  -0.0508576  -0.998205  -0.0313188  0  0.998703  -0.050913  0.000959835  0  0.400773  -0.0430501  0.776353  1  
-0.00253205  -0.0312363  0.999499  0  -0.050863  -0.998205  -0.0313247  0  0.998702  -0.0509178  0.000938754  0  0.400779  -0.0430539  0.776345  1  
-0.00251527  -0.031226  0.9995  0  -0.0508592  -0.998205  -0.0313135  0  0.998703  -0.0509135  0.000922649  0  0.400786  -0.0430504  0.776338  1  
-0.00250231  -0.0312302  0.999499  0  -0.0508601  -0.998205  -0.0313171  0  0.998703  -0.050914  0.000909458  0  0.400792  -0.0430501  0.776333  1  
-0.00248683  -0.0312302  0.999499  0  -0.0508592  -0.998205  -0.0313163  0  0.998703  -0.0509126  0.000894035  0  0.400798  -0.0430502  0.776327  1  
-0.00247365  -0.0312322  0.999499  0  -0.0508571  -0.998205  -0.0313176  0  0.998703  -0.0509101  0.00088085  0  0.400803  -0.0430494  0.776322  1  
-0.00246677  -0.031228  0.9995  0  -0.0508585  -0.998205  -0.031313  0  0.998703  -0.0509113  0.000874151  0  0.400808  -0.0430488  0.776321  1  
-0.00244358  -0.0312333  0.9995  0  -0.0508592  -0.998205  -0.0313172  0  0.998703  -0.0509113  0.000850709  0  0.400816  -0.0430492  0.77631  1  
-0.00241781  -0.031228  0.9995  0  -0.0508588  -0.998205  -0.0313105  0  0.998703  -0.0509101  0.00082527  0  0.400825  -0.0430494  0.7763  1  
-0.00240757  -0.0312269  0.9995  0  -0.0508597  -0.998205  -0.0313089  0  0.998703  -0.0509106  0.000815078  0  0.400829  -0.0430489  0.776298  1  
-0.00238519  -0.0312283  0.9995  0  -0.0508591  -0.998205  -0.0313092  0  0.998703  -0.0509093  0.000792683  0  0.400837  -0.0430482  0.776287  1  
-0.00236173  -0.0312349  0.9995  0  -0.050855  -0.998205  -0.0313146  0  0.998703  -0.0509045  0.000769053  0  0.400845  -0.0430462  0.776278  1  
-0.0023424  -0.0312274  0.9995  0  -0.0508547  -0.998206  -0.0313062  0  0.998703  -0.0509035  0.000750153  0  0.400852  -0.0430465  0.776272  1  
-0.00232164  -0.0312299  0.9995  0  -0.0508578  -0.998205  -0.0313076  0  0.998703  -0.050906  0.000729201  0  0.400859  -0.0430463  0.776264  1  
-0.00229384  -0.0312272  0.9995  0  -0.0508523  -0.998206  -0.0313034  0  0.998704  -0.0508997  0.000701765  0  0.40087  -0.0430438  0.776253  1  
-0.00227625  -0.0312317  0.9995  0  -0.0508521  -0.998206  -0.031307  0  0.998704  -0.0508989  0.000683987  0  0.400876  -0.0430428  0.776248  1  
-0.00224608  -0.0312268  0.9995  0  -0.0508518  -0.998206  -0.0313006  0  0.998704  -0.0508977  0.000654129  0  0.400885  -0.0430423  0.776238  1  
-0.00221793  -0.0312314  0.9995  0  -0.0508481  -0.998206  -0.0313038  0  0.998704  -0.0508931  0.000625907  0  0.400895  -0.0430407  0.776227  1  
-0.00218904  -0.0312267  0.9995  0  -0.050849  -0.998206  -0.0312977  0  0.998704  -0.0508931  0.000597274  0  0.400904  -0.0430413  0.776217  1  
-0.00216076  -0.0312373  0.9995  0  -0.0508534  -0.998206  -0.0313068  0  0.998704  -0.0508966  0.000568372  0  0.400913  -0.0430437  0.776207  1  
-0.00212808  -0.0312325  0.9995  0  -0.0508488  -0.998206  -0.0313003  0  0.998704  -0.0508909  0.000536137  0  0.400923  -0.0430412  0.776196  1  
-0.00209581  -0.0312339  0.9995  0  -0.0508455  -0.998206  -0.0313001  0  0.998704  -0.0508867  0.000503957  0  0.400933  -0.0430388  0.776185  1  
-0.00206668  -0.0312289  0.9995  0  -0.0508469  -0.998206  -0.0312936  0  0.998704  -0.0508872  0.000475093  0  0.400943  -0.043039  0.776176  1  
-0.00204234  -0.0312316  0.9995  0  -0.0508449  -0.998206  -0.0312951  0  0.998704  -0.0508844  0.000450721  0  0.400951  -0.0430377  0.776167  1  
-0.00201377  -0.0312291  0.999501  0  -0.0508446  -0.998207  -0.0312911  0  0.998705  -0.0508832  0.000422336  0  0.400961  -0.0430376  0.776156  1  
-0.00199277  -0.0312379  0.9995  0  -0.0508476  -0.998206  -0.0312988  0  0.998704  -0.0508856  0.000400835  0  0.40097  -0.0430393  0.776149  1  
-0.00196283  -0.031236  0.9995  0  -0.0508449  -0.998206  -0.0312954  0  0.998705  -0.0508819  0.000371126  0  0.400981  -0.0430381  0.776139  1  
-0.00193831  -0.0312335  0.999501  0  -0.0508412  -0.998207  -0.0312917  0  0.998705  -0.0508774  0.000346894  0  0.40099  -0.0430344  0.776129  1  
-0.00191365  -0.0312282  0.999501  0  -0.0508407  -0.998207  -0.0312852  0  0.998705  -0.0508762  0.000322556  0  0.401  -0.0430337  0.77612  1  
-0.00189062  -0.0312315  0.999501  0  -0.0508371  -0.998207  -0.0312872  0  0.998705  -0.0508719  0.000299522  0  0.40101  -0.0430318  0.77611  1  
-0.00186347  -0.0312314  0.999501  0  -0.0508389  -0.998207  -0.0312857  0  0.998705  -0.0508728  0.000272367  0  0.40102  -0.0430334  0.7761  1  
-0.00184345  -0.031231  0.999501  0  -0.0508324  -0.998207  -0.0312843  0  0.998705  -0.0508657  0.000252608  0  0.401031  -0.0430283  0.776094  1  
-0.00181935  -0.0312268  0.999501  0  -0.050831  -0.998208  -0.0312789  0  0.998706  -0.0508635  0.000228803  0  0.401041  -0.0430278  0.776082  1  
-0.00179296  -0.0312334  0.999501  0  -0.0508373  -0.998207  -0.0312841  0  0.998705  -0.050869  0.000201934  0  0.401052  -0.0430309  0.776073  1  
-0.00176812  -0.03123  0.999501  0  -0.0508283  -0.998208  -0.0312795  0  0.998706  -0.0508592  0.00017759  0  0.401061  -0.0430264  0.776064  1  
-0.00173397  -0.031229  0.999501  0  -0.0508292  -0.998208  -0.0312768  0  0.998706  -0.050859  0.000143518  0  0.401076  -0.0430256  0.776052  1  
-0.00170598  -0.0312301  0.999501  0  -0.0508259  -0.998208  -0.0312765  0  0.998706  -0.0508549  0.00011562  0  0.401087  -0.0430246  0.776041  1  
-0.0016736  -0.0312312  0.999501  0  -0.0508213  -0.998208  -0.0312759  0  0.998706  -0.0508493  8.33902e-05  0  0.4011  -0.0430224  0.776028  1  
-0.00163687  -0.0312255  0.999501  0  -0.0508208  -0.998209  -0.0312684  0  0.998706  -0.0508477  4.70283e-05  0  0.401114  -0.0430214  0.776015  1  
-0.00159471  -0.0312312  0.999501  0  -0.0508178  -0.998209  -0.0312719  0  0.998707  -0.0508434  4.74998e-06  0  0.401129  -0.0430205  0.775999  1  
-0.00155396  -0.0312351  0.999501  0  -0.0508065  -0.998209  -0.0312737  0  0.998707  -0.0508307  -3.57677e-05  0  0.401145  -0.0430158  0.775984  1  
-0.0015219  -0.03123  0.999501  0  -0.0508026  -0.99821  -0.031267  0  0.998708  -0.0508259  -6.73997e-05  0  0.401158  -0.0430127  0.775975  1  
-0.00147764  -0.0312306  0.999501  0  -0.0507979  -0.99821  -0.0312654  0  0.998708  -0.0508197  -0.000111459  0  0.401173  -0.0430114  0.775959  1  
-0.00143288  -0.0312426  0.999501  0  -0.0507972  -0.99821  -0.031275  0  0.998708  -0.0508177  -0.000156728  0  0.40119  -0.0430138  0.775944  1  
-0.0013986  -0.0312415  0.999501  0  -0.0507882  -0.99821  -0.0312722  0  0.998708  -0.0508076  -0.000190608  0  0.401202  -0.0430089  0.775932  1  
-0.00134774  -0.0312448  0.999501  0  -0.0507806  -0.99821  -0.0312729  0  0.998709  -0.0507984  -0.000241304  0  0.40122  -0.0430059  0.775913  1  
-0.00130225  -0.031242  0.999501  0  -0.0507709  -0.998211  -0.0312678  0  0.998709  -0.0507873  -0.000286269  0  0.401237  -0.0430013  0.775898  1  
-0.00126752  -0.0312437  0.999501  0  -0.050765  -0.998211  -0.0312677  0  0.99871  -0.0507803  -0.00032084  0  0.401251  -0.0429994  0.775887  1  
-0.00122911  -0.031247  0.999501  0  -0.0507541  -0.998212  -0.0312691  0  0.99871  -0.0507682  -0.000359009  0  0.401265  -0.0429953  0.775871  1  
-0.00118443  -0.0312452  0.999501  0  -0.0507475  -0.998212  -0.031265  0  0.998711  -0.0507602  -0.000403314  0  0.401283  -0.0429908  0.775855  1  
-0.00113935  -0.0312402  0.999502  0  -0.0507353  -0.998213  -0.0312578  0  0.998711  -0.0507466  -0.000447677  0  0.4013  -0.0429854  0.775838  1  
-0.00110681  -0.0312499  0.999501  0  -0.0507321  -0.998213  -0.0312658  0  0.998712  -0.0507424  -0.000480552  0  0.401312  -0.0429859  0.775826  1  
-0.00106115  -0.0312418  0.999502  0  -0.0507147  -0.998214  -0.0312554  0  0.998713  -0.0507236  -0.000525175  0  0.401331  -0.042976  0.775809  1  
-0.00102311  -0.0312439  0.999502  0  -0.050704  -0.998215  -0.0312556  0  0.998713  -0.0507117  -0.000562922  0  0.401347  -0.0429721  0.775793  1  
-0.000990131  -0.0312448  0.999502  0  -0.0506961  -0.998215  -0.0312548  0  0.998714  -0.0507027  -0.000595636  0  0.40136  -0.0429681  0.77578  1  
-0.000947129  -0.0312417  0.999502  0  -0.0506853  -0.998216  -0.0312495  0  0.998714  -0.0506906  -0.000638066  0  0.401379  -0.0429635  0.775763  1  
-0.000907941  -0.031245  0.999502  0  -0.0506746  -0.998217  -0.0312509  0  0.998715  -0.0506787  -0.000677021  0  0.401394  -0.042959  0.775748  1  
-0.000869353  -0.0312458  0.999502  0  -0.0506628  -0.998217  -0.0312497  0  0.998715  -0.0506657  -0.00071521  0  0.401411  -0.0429535  0.775732  1  
-0.0008339  -0.0312411  0.999502  0  -0.0506485  -0.998218  -0.0312432  0  0.998716  -0.0506503  -0.000749912  0  0.401427  -0.0429465  0.775719  1  
-0.000794764  -0.0312449  0.999502  0  -0.0506326  -0.998219  -0.0312451  0  0.998717  -0.0506332  -0.000788678  0  0.401444  -0.0429397  0.775703  1  
-0.00075586  -0.0312485  0.999502  0  -0.0506223  -0.998219  -0.0312467  0  0.998718  -0.0506216  -0.000827373  0  0.401461  -0.042935  0.775688  1  
-0.000714737  -0.0312461  0.999502  0  -0.0506137  -0.99822  -0.0312422  0  0.998718  -0.0506118  -0.000868033  0  0.401479  -0.0429308  0.775672  1  
-0.000680182  -0.0312465  0.999502  0  -0.0506039  -0.99822  -0.0312409  0  0.998719  -0.0506009  -0.000902242  0  0.401495  -0.0429267  0.775658  1  
-0.000636559  -0.0312457  0.999502  0  -0.050589  -0.998221  -0.0312379  0  0.998719  -0.0505847  -0.000945282  0  0.401514  -0.0429214  0.775641  1  
-0.000593138  -0.0312453  0.999502  0  -0.0505772  -0.998222  -0.0312353  0  0.99872  -0.0505715  -0.000988235  0  0.401532  -0.0429154  0.775623  1  
-0.000550126  -0.0312419  0.999502  0  -0.0505624  -0.998223  -0.0312298  0  0.998721  -0.0505553  -0.00103054  0  0.401551  -0.0429098  0.775607  1  
-0.00051143  -0.031246  0.999502  0  -0.0505521  -0.998223  -0.0312319  0  0.998721  -0.0505438  -0.00106905  0  0.401569  -0.0429047  0.775591  1  
-0.00046432  -0.031242  0.999502  0  -0.0505362  -0.998224  -0.0312255  0  0.998722  -0.0505266  -0.00111538  0  0.401588  -0.0428972  0.775573  1  
-0.000421225  -0.031247  0.999502  0  -0.0505241  -0.998225  -0.0312283  0  0.998723  -0.050513  -0.00115827  0  0.401607  -0.0428922  0.775556  1  
-0.000380077  -0.0312458  0.999502  0  -0.050507  -0.998226  -0.0312251  0  0.998724  -0.0504947  -0.00119875  0  0.401626  -0.0428852  0.77554  1  
-0.000329388  -0.0312549  0.999502  0  -0.0504965  -0.998226  -0.0312317  0  0.998724  -0.0504826  -0.00124949  0  0.401647  -0.0428822  0.77552  1  
-0.000284913  -0.0312485  0.999502  0  -0.0504842  -0.998227  -0.031223  0  0.998725  -0.0504689  -0.00129317  0  0.401666  -0.0428757  0.775503  1  
-0.000231926  -0.0312467  0.999502  0  -0.0504673  -0.998228  -0.0312186  0  0.998726  -0.0504504  -0.00134545  0  0.401688  -0.0428676  0.775483  1  
-0.000186668  -0.0312443  0.999502  0  -0.0504507  -0.998229  -0.0312139  0  0.998727  -0.0504324  -0.00138999  0  0.401708  -0.0428603  0.775467  1  
-0.000134909  -0.0312551  0.999502  0  -0.0504378  -0.998229  -0.0312221  0  0.998727  -0.0504179  -0.00144179  0  0.401729  -0.0428563  0.775447  1  
-8.07895e-05  -0.0312499  0.999502  0  -0.0504195  -0.998231  -0.0312142  0  0.998728  -0.0503979  -0.00149499  0  0.401751  -0.0428478  0.775426  1  
-3.07316e-05  -0.0312517  0.999502  0  -0.0504047  -0.998231  -0.0312135  0  0.998729  -0.0503815  -0.00154458  0  0.401771  -0.0428405  0.775407  1  
1.71287e-05  -0.0312546  0.999502  0  -0.0503886  -0.998232  -0.031214  0  0.99873  -0.0503639  -0.001592  0  0.401792  -0.0428351  0.775389  1  
6.69869e-05  -0.0312572  0.999502  0  -0.0503752  -0.998233  -0.0312141  0  0.99873  -0.0503489  -0.00164149  0  0.401813  -0.0428298  0.775369  1  
0.000116183  -0.0312521  0.999502  0  -0.0503553  -0.998234  -0.0312066  0  0.998731  -0.0503276  -0.00168972  0  0.401834  -0.0428209  0.77535  1  
0.000164004  -0.0312563  0.999502  0  -0.0503422  -0.998235  -0.0312084  0  0.998732  -0.050313  -0.00173726  0  0.401855  -0.0428165  0.775331  1  
0.000217124  -0.0312491  0.999502  0  -0.0503203  -0.998236  -0.0311986  0  0.998733  -0.0502895  -0.00178924  0  0.401878  -0.0428054  0.775311  1  
0.000262259  -0.0312553  0.999502  0  -0.0503  -0.998237  -0.0312026  0  0.998734  -0.0502678  -0.00183398  0  0.4019  -0.0427973  0.775293  1  
0.000316677  -0.0312531  0.999502  0  -0.0502772  -0.998238  -0.0311976  0  0.998735  -0.0502432  -0.00188747  0  0.401924  -0.042787  0.775271  1  
0.000363137  -0.0312559  0.999502  0  -0.0502614  -0.998239  -0.0311982  0  0.998736  -0.050226  -0.0019335  0  0.401944  -0.0427805  0.775254  1  
0.000417846  -0.0312559  0.999502  0  -0.0502435  -0.99824  -0.0311954  0  0.998737  -0.0502064  -0.00198755  0  0.401968  -0.0427728  0.775232  1  
0.00047055  -0.0312599  0.999502  0  -0.0502207  -0.998241  -0.0311969  0  0.998738  -0.0501819  -0.00203966  0  0.40199  -0.0427626  0.77521  1  
0.000523785  -0.031255  0.999502  0  -0.0501968  -0.998243  -0.0311893  0  0.998739  -0.0501564  -0.0020918  0  0.402014  -0.0427506  0.77519  1  
0.000572795  -0.0312557  0.999502  0  -0.0501787  -0.998244  -0.0311876  0  0.99874  -0.0501368  -0.0021402  0  0.402037  -0.0427446  0.77517  1  
0.000622855  -0.0312543  0.999502  0  -0.0501555  -0.998245  -0.0311837  0  0.998741  -0.050112  -0.00218938  0  0.402058  -0.0427332  0.775151  1  
0.000674301  -0.0312618  0.999501  0  -0.0501335  -0.998246  -0.0311887  0  0.998742  -0.0500885  -0.00224043  0  0.402081  -0.0427254  0.77513  1  
0.000728583  -0.031261  0.999501  0  -0.0501081  -0.998247  -0.0311852  0  0.998744  -0.0500613  -0.00229378  0  0.402106  -0.0427146  0.775108  1  
0.000779779  -0.0312587  0.999501  0  -0.0500793  -0.998249  -0.0311805  0  0.998745  -0.050031  -0.00234387  0  0.402128  -0.0427019  0.775088  1  
0.000829165  -0.0312603  0.999501  0  -0.0500612  -0.99825  -0.0311796  0  0.998746  -0.0500114  -0.00239269  0  0.402151  -0.0426948  0.775069  1  
0.000877839  -0.0312609  0.999501  0  -0.0500356  -0.998251  -0.0311778  0  0.998747  -0.0499843  -0.00244051  0  0.402174  -0.0426833  0.775049  1  
0.000924392  -0.0312612  0.999501  0  -0.0500038  -0.998253  -0.0311759  0  0.998749  -0.049951  -0.002486  0  0.402197  -0.04267  0.775031  1  
0.000983074  -0.031256  0.999501  0  -0.049981  -0.998254  -0.0311678  0  0.99875  -0.0499264  -0.00254361  0  0.402221  -0.0426603  0.775007  1  
0.00104211  -0.0312553  0.999501  0  -0.0499501  -0.998256  -0.0311642  0  0.998751  -0.0498937  -0.00260155  0  0.402247  -0.042647  0.774983  1  
0.00110001  -0.0312601  0.999501  0  -0.0499246  -0.998257  -0.0311662  0  0.998752  -0.0498663  -0.00265879  0  0.402273  -0.0426363  0.77496  1  
0.00115465  -0.031265  0.999501  0  -0.049897  -0.998258  -0.0311685  0  0.998754  -0.049837  -0.00271272  0  0.402298  -0.0426258  0.774939  1  
0.00120517  -0.0312594  0.999501  0  -0.049868  -0.99826  -0.0311604  0  0.998755  -0.0498066  -0.00276197  0  0.402322  -0.0426135  0.774918  1  
0.00126375  -0.0312593  0.999501  0  -0.0498361  -0.998262  -0.0311575  0  0.998757  -0.0497728  -0.00281945  0  0.402348  -0.0425988  0.774895  1  
0.0013298  -0.0312636  0.999501  0  -0.0498086  -0.998263  -0.0311586  0  0.998758  -0.0497432  -0.00288474  0  0.402376  -0.0425874  0.774868  1  
0.00138283  -0.0312627  0.999501  0  -0.04978  -0.998265  -0.0311551  0  0.998759  -0.049713  -0.00293674  0  0.402401  -0.0425753  0.774847  1  
0.00144527  -0.0312613  0.999501  0  -0.0497502  -0.998266  -0.0311507  0  0.998761  -0.0496813  -0.00299807  0  0.402429  -0.0425626  0.774821  1  
0.00150903  -0.0312574  0.999501  0  -0.0497144  -0.998268  -0.0311438  0  0.998762  -0.0496436  -0.00306042  0  0.402457  -0.042547  0.774796  1  
0.00156837  -0.0312613  0.9995  0  -0.0496855  -0.99827  -0.0311449  0  0.998764  -0.0496128  -0.00311895  0  0.402484  -0.0425362  0.774772  1  
0.00162958  -0.0312627  0.9995  0  -0.049654  -0.998271  -0.0311433  0  0.998765  -0.0495793  -0.00317914  0  0.402511  -0.0425217  0.774747  1  
0.00169112  -0.0312569  0.9995  0  -0.049621  -0.998273  -0.0311346  0  0.998767  -0.0495445  -0.00323926  0  0.402539  -0.0425064  0.774722  1  
0.00175791  -0.031259  0.9995  0  -0.0495924  -0.998275  -0.0311335  0  0.998768  -0.0495138  -0.00330515  0  0.402568  -0.0424942  0.774696  1  
0.00181682  -0.0312595  0.9995  0  -0.049558  -0.998276  -0.0311312  0  0.99877  -0.0494776  -0.00336291  0  0.402596  -0.0424792  0.774672  1  
0.00188662  -0.031263  0.9995  0  -0.0495264  -0.998278  -0.0311313  0  0.998771  -0.0494438  -0.00343178  0  0.402625  -0.042466  0.774644  1  
0.00195627  -0.0312608  0.9995  0  -0.0494953  -0.99828  -0.0311258  0  0.998772  -0.0494106  -0.00350023  0  0.402656  -0.0424534  0.774615  1  
0.00203164  -0.0312582  0.9995  0  -0.0494598  -0.998282  -0.0311196  0  0.998774  -0.0493727  -0.00357424  0  0.402689  -0.0424361  0.774584  1  
0.00209364  -0.0312543  0.9995  0  -0.0494292  -0.998283  -0.0311127  0  0.998775  -0.0493402  -0.00363499  0  0.402717  -0.0424228  0.77456  1  
0.00216083  -0.0312604  0.999499  0  -0.0493957  -0.998285  -0.0311157  0  0.998777  -0.0493047  -0.00370133  0  0.402747  -0.0424084  0.774533  1  
0.00223065  -0.0312587  0.999499  0  -0.0493609  -0.998287  -0.0311106  0  0.998778  -0.0492678  -0.00376986  0  0.402778  -0.0423936  0.774505  1  
0.0022937  -0.0312598  0.999499  0  -0.049333  -0.998288  -0.0311088  0  0.99878  -0.0492379  -0.00383199  0  0.402806  -0.0423812  0.774478  1  
0.00236563  -0.0312531  0.999499  0  -0.0492969  -0.99829  -0.0310986  0  0.998781  -0.0491996  -0.00390234  0  0.402838  -0.0423659  0.774449  1  
0.00243406  -0.0312581  0.999499  0  -0.0492617  -0.998292  -0.0311004  0  0.998783  -0.0491623  -0.00396981  0  0.402868  -0.0423508  0.77442  1  
0.00249949  -0.0312505  0.999499  0  -0.0492308  -0.998294  -0.0310897  0  0.998784  -0.0491293  -0.00403379  0  0.402898  -0.0423371  0.774394  1  
0.00256741  -0.0312574  0.999498  0  -0.0491944  -0.998295  -0.0310934  0  0.998786  -0.0490908  -0.0041008  0  0.402927  -0.0423213  0.774367  1  
0.00263128  -0.0312535  0.999498  0  -0.049159  -0.998297  -0.0310866  0  0.998787  -0.0490535  -0.00416328  0  0.402956  -0.0423063  0.774342  1  
0.0026999  -0.0312543  0.999498  0  -0.0491257  -0.998299  -0.0310841  0  0.998789  -0.0490181  -0.00423078  0  0.402986  -0.0422916  0.774313  1  
0.00277629  -0.0312499  0.999498  0  -0.0490923  -0.998301  -0.0310761  0  0.99879  -0.0489823  -0.00430579  0  0.403019  -0.0422767  0.774282  1  
0.00283982  -0.0312554  0.999498  0  -0.0490585  -0.998303  -0.0310786  0  0.998792  -0.0489465  -0.00436843  0  0.403048  -0.0422624  0.774257  1  
0.00290956  -0.0312526  0.999498  0  -0.0490227  -0.998305  -0.0310726  0  0.998793  -0.0489086  -0.0044368  0  0.403079  -0.0422462  0.774229  1  
0.00298034  -0.0312584  0.999497  0  -0.048991  -0.998306  -0.0310751  0  0.998795  -0.0488747  -0.00450676  0  0.403109  -0.0422335  0.774199  1  
0.0030512  -0.0312523  0.999497  0  -0.0489576  -0.998308  -0.0310657  0  0.998796  -0.0488391  -0.00457617  0  0.403141  -0.0422191  0.774171  1  
0.00312659  -0.0312566  0.999497  0  -0.0489153  -0.99831  -0.0310665  0  0.998798  -0.0487945  -0.00465033  0  0.403172  -0.0422  0.774139  1  
0.00319267  -0.0312524  0.999497  0  -0.0488815  -0.998312  -0.0310592  0  0.998799  -0.0487587  -0.00471503  0  0.403203  -0.0421861  0.774113  1  
0.00326155  -0.0312527  0.999497  0  -0.0488463  -0.998314  -0.0310564  0  0.998801  -0.0487214  -0.00478272  0  0.403234  -0.0421698  0.774085  1  
0.00333101  -0.0312503  0.999496  0  -0.048808  -0.998316  -0.0310507  0  0.998803  -0.048681  -0.00485076  0  0.403265  -0.0421533  0.774057  1  
0.00340222  -0.0312554  0.999496  0  -0.0487729  -0.998317  -0.0310525  0  0.998804  -0.0486436  -0.00492101  0  0.403296  -0.042139  0.774027  1  
0.00347342  -0.0312457  0.999496  0  -0.0487396  -0.998319  -0.0310395  0  0.998805  -0.0486082  -0.00499058  0  0.403328  -0.0421241  0.773999  1  
0.0035506  -0.0312522  0.999496  0  -0.0487037  -0.998321  -0.0310424  0  0.998807  -0.0485698  -0.00506684  0  0.403361  -0.0421084  0.773967  1  
0.00362935  -0.03125  0.999495  0  -0.0486683  -0.998323  -0.0310366  0  0.998808  -0.0485321  -0.00514424  0  0.403396  -0.042093  0.773935  1  
0.00369868  -0.0312531  0.999495  0  -0.0486307  -0.998325  -0.0310366  0  0.99881  -0.0484923  -0.00521245  0  0.403428  -0.0420757  0.773907  1  
0.00378119  -0.0312509  0.999495  0  -0.0485935  -0.998327  -0.0310305  0  0.998811  -0.0484525  -0.00529355  0  0.403464  -0.0420609  0.773873  1  
0.0038658  -0.0312557  0.999494  0  -0.0485569  -0.998329  -0.0310315  0  0.998813  -0.0484133  -0.00537712  0  0.4035  -0.0420457  0.773838  1  
0.0039357  -0.0312489  0.999494  0  -0.048517  -0.998331  -0.0310215  0  0.998815  -0.0483713  -0.00544534  0  0.403532  -0.0420276  0.77381  1  
0.00401189  -0.0312579  0.999494  0  -0.0484767  -0.998333  -0.031027  0  0.998816  -0.0483286  -0.00552059  0  0.403566  -0.0420113  0.773779  1  
0.00409612  -0.0312516  0.999494  0  -0.0484368  -0.998335  -0.0310169  0  0.998818  -0.0482862  -0.00560314  0  0.403603  -0.0419937  0.773745  1  
0.0041752  -0.0312558  0.999493  0  -0.0483956  -0.998337  -0.0310175  0  0.998819  -0.0482425  -0.00568101  0  0.403638  -0.0419765  0.773712  1  
0.00425019  -0.0312521  0.999493  0  -0.048357  -0.998339  -0.0310104  0  0.998821  -0.0482016  -0.00575451  0  0.403672  -0.04196  0.773681  1  
0.00433072  -0.0312542  0.999492  0  -0.048316  -0.998341  -0.0310088  0  0.998823  -0.0481581  -0.00583372  0  0.403708  -0.0419419  0.773648  1  
0.00441269  -0.0312473  0.999492  0  -0.048272  -0.998343  -0.0309982  0  0.998824  -0.0481116  -0.00591387  0  0.403744  -0.0419238  0.773615  1  
0.00449769  -0.0312506  0.999492  0  -0.0482295  -0.998346  -0.0309977  0  0.998826  -0.0480665  -0.00599756  0  0.403781  -0.0419058  0.77358  1  
0.00457798  -0.0312473  0.999492  0  -0.0481854  -0.998348  -0.0309908  0  0.998828  -0.0480199  -0.00607619  0  0.403817  -0.0418844  0.773548  1  
0.00466342  -0.0312568  0.999491  0  -0.0481412  -0.99835  -0.0309965  0  0.99883  -0.0479731  -0.00616058  0  0.403856  -0.041868  0.773513  1  
0.00474316  -0.0312507  0.999491  0  -0.0480926  -0.998352  -0.0309869  0  0.998832  -0.0479221  -0.00623839  0  0.403892  -0.0418459  0.773481  1  
0.00482693  -0.0312566  0.99949  0  -0.0480482  -0.998355  -0.030989  0  0.998833  -0.0478751  -0.00632093  0  0.403929  -0.0418287  0.773447  1  
0.00490978  -0.0312512  0.99949  0  -0.0480033  -0.998357  -0.0309799  0  0.998835  -0.0478276  -0.00640199  0  0.403966  -0.0418084  0.773414  1  
0.00499596  -0.0312533  0.999489  0  -0.0479564  -0.998359  -0.0309782  0  0.998837  -0.047778  -0.00648668  0  0.404004  -0.041789  0.773379  1  
0.00507556  -0.0312586  0.999489  0  -0.0479129  -0.998361  -0.0309801  0  0.998839  -0.047732  -0.00656506  0  0.40404  -0.0417726  0.773347  1  
0.00516497  -0.0312557  0.999488  0  -0.0478635  -0.998364  -0.0309732  0  0.998841  -0.0476799  -0.00665266  0  0.40408  -0.0417504  0.77331  1  
0.00524959  -0.0312593  0.999488  0  -0.0478136  -0.998366  -0.0309731  0  0.998842  -0.0476274  -0.00673576  0  0.404118  -0.0417301  0.773276  1  
0.00532274  -0.031255  0.999488  0  -0.0477564  -0.998369  -0.0309657  0  0.998845  -0.047568  -0.00680682  0  0.404153  -0.0417045  0.773248  1  
0.00540926  -0.0312585  0.999487  0  -0.0477066  -0.998372  -0.0309655  0  0.998847  -0.0475155  -0.00689182  0  0.404192  -0.0416847  0.773213  1  
0.00549037  -0.0312543  0.999487  0  -0.0476508  -0.998375  -0.0309577  0  0.998849  -0.0474573  -0.00697087  0  0.404229  -0.0416601  0.773181  1  
0.00557579  -0.0312619  0.999486  0  -0.0475962  -0.998377  -0.0309617  0  0.998851  -0.0474  -0.00705483  0  0.404268  -0.0416382  0.773146  1  
0.00565437  -0.0312642  0.999486  0  -0.0475438  -0.99838  -0.0309607  0  0.998853  -0.0473452  -0.00713176  0  0.404305  -0.041617  0.773115  1  
0.00573963  -0.0312619  0.999485  0  -0.0474859  -0.998383  -0.0309547  0  0.998855  -0.0472847  -0.00721498  0  0.404344  -0.0415922  0.77308  1  
0.00582731  -0.0312577  0.999485  0  -0.0474248  -0.998386  -0.0309468  0  0.998858  -0.047221  -0.00730043  0  0.404385  -0.0415662  0.773046  1  
0.00591165  -0.0312614  0.999484  0  -0.0473647  -0.998389  -0.0309469  0  0.99886  -0.0471582  -0.00738295  0  0.404424  -0.0415411  0.773013  1  
0.00599545  -0.0312625  0.999484  0  -0.0473085  -0.998391  -0.0309445  0  0.998862  -0.0470995  -0.00746493  0  0.404461  -0.041519  0.77298  1  
0.00608782  -0.0312639  0.999483  0  -0.0472518  -0.998394  -0.030942  0  0.998864  -0.0470399  -0.00755546  0  0.404501  -0.0414959  0.772942  1  
0.00617423  -0.0312655  0.999482  0  -0.0471855  -0.998397  -0.0309401  0  0.998867  -0.046971  -0.00763977  0  0.404541  -0.0414677  0.772908  1  
0.00624959  -0.0312673  0.999482  0  -0.0471291  -0.9984  -0.0309388  0  0.998869  -0.0469123  -0.00771334  0  0.404578  -0.0414434  0.772878  1  
0.00634875  -0.0312665  0.999481  0  -0.0470668  -0.998403  -0.0309338  0  0.998872  -0.0468469  -0.00781038  0  0.404622  -0.0414175  0.772838  1  
0.00642952  -0.031265  0.999481  0  -0.0470057  -0.998406  -0.030929  0  0.998874  -0.0467833  -0.00788906  0  0.404661  -0.0413914  0.772807  1  
0.00653508  -0.0312644  0.99948  0  -0.0469417  -0.998409  -0.030924  0  0.998876  -0.0467161  -0.00799244  0  0.404707  -0.0413645  0.772764  1  
0.00662301  -0.0312685  0.999479  0  -0.0468799  -0.998412  -0.0309245  0  0.998879  -0.0466515  -0.00807851  0  0.404749  -0.0413391  0.772729  1  
0.00672083  -0.0312662  0.999479  0  -0.0468144  -0.998415  -0.0309181  0  0.998881  -0.0465831  -0.00817405  0  0.404792  -0.0413108  0.77269  1  
0.00681337  -0.0312639  0.999478  0  -0.0467497  -0.998419  -0.030912  0  0.998883  -0.0465156  -0.00826434  0  0.404834  -0.0412836  0.772653  1  
0.00690518  -0.0312589  0.999478  0  -0.0466827  -0.998422  -0.0309034  0  0.998886  -0.0464459  -0.0083537  0  0.404876  -0.0412542  0.772618  1  
0.0069973  -0.0312573  0.999477  0  -0.0466195  -0.998425  -0.030898  0  0.998888  -0.0463799  -0.00844364  0  0.404918  -0.0412273  0.77258  1  
0.00709954  -0.0312608  0.999476  0  -0.0465542  -0.998428  -0.0308973  0  0.998891  -0.0463113  -0.00854386  0  0.404964  -0.0412  0.772539  1  
0.0071994  -0.031262  0.999476  0  -0.0464901  -0.998431  -0.0308945  0  0.998893  -0.0462442  -0.00864165  0  0.405009  -0.0411731  0.7725  1  
0.00729359  -0.0312643  0.999475  0  -0.046427  -0.998434  -0.0308929  0  0.998895  -0.0461782  -0.00873384  0  0.405053  -0.0411478  0.772462  1  
0.00739464  -0.0312609  0.999474  0  -0.0463618  -0.998437  -0.0308855  0  0.998897  -0.0461099  -0.00883256  0  0.405099  -0.0411189  0.772422  1  
0.00748978  -0.0312637  0.999473  0  -0.0463026  -0.99844  -0.0308844  0  0.998899  -0.0460478  -0.00892586  0  0.405142  -0.0410945  0.772383  1  
0.00758476  -0.0312602  0.999473  0  -0.0462322  -0.998444  -0.0308771  0  0.998902  -0.0459745  -0.00901836  0  0.405185  -0.0410634  0.772346  1  
0.0076845  -0.0312587  0.999472  0  -0.0461723  -0.998447  -0.0308716  0  0.998904  -0.0459116  -0.00911602  0  0.40523  -0.0410392  0.772305  1  
0.00777887  -0.0312635  0.999471  0  -0.046106  -0.99845  -0.0308727  0  0.998906  -0.0458424  -0.00920842  0  0.405275  -0.0410113  0.772269  1  
0.00787471  -0.0312619  0.999471  0  -0.0460421  -0.998453  -0.0308673  0  0.998908  -0.0457755  -0.00930207  0  0.405319  -0.0409845  0.77223  1  
0.0079716  -0.0312664  0.99947  0  -0.0459788  -0.998456  -0.030868  0  0.998911  -0.0457092  -0.00939706  0  0.405364  -0.0409583  0.77219  1  
0.00807091  -0.0312583  0.999469  0  -0.0459092  -0.998459  -0.030856  0  0.998913  -0.0456367  -0.0094937  0  0.405409  -0.0409276  0.772151  1  
0.00817079  -0.031262  0.999468  0  -0.045842  -0.998462  -0.0308558  0  0.998915  -0.0455664  -0.00959153  0  0.405456  -0.0409003  0.77211  1  
0.00826745  -0.0312561  0.999468  0  -0.0457763  -0.998466  -0.0308461  0  0.998917  -0.0454978  -0.00968574  0  0.405501  -0.0408721  0.772072  1  
0.00836688  -0.0312638  0.999467  0  -0.0457138  -0.998468  -0.0308499  0  0.99892  -0.0454322  -0.00978344  0  0.405547  -0.0408474  0.772032  1  
0.008464  -0.0312552  0.999466  0  -0.0456405  -0.998472  -0.0308376  0  0.998922  -0.045356  -0.00987776  0  0.405593  -0.0408146  0.771994  1  
0.00856657  -0.031263  0.999465  0  -0.0455789  -0.998475  -0.0308414  0  0.998924  -0.0452912  -0.00997863  0  0.40564  -0.0407897  0.771952  1  
0.00867442  -0.0312603  0.999464  0  -0.0455118  -0.998478  -0.0308344  0  0.998926  -0.0452208  -0.0100841  0  0.405688  -0.0407613  0.771909  1  
0.00877139  -0.0312625  0.999463  0  -0.0454471  -0.998481  -0.030833  0  0.998928  -0.0451531  -0.0101791  0  0.405734  -0.0407333  0.77187  1  
0.00888095  -0.031253  0.999462  0  -0.0453749  -0.998485  -0.0308192  0  0.998931  -0.0450777  -0.0102858  0  0.405784  -0.0407024  0.771827  1  
0.00897946  -0.0312589  0.999461  0  -0.045307  -0.998488  -0.0308214  0  0.998933  -0.0450067  -0.0103823  0  0.405831  -0.040674  0.771789  1  
0.00908622  -0.0312549  0.999461  0  -0.0452412  -0.998491  -0.0308133  0  0.998935  -0.0449377  -0.0104867  0  0.40588  -0.0406463  0.771746  1  
0.00919194  -0.0312625  0.999459  0  -0.0451739  -0.998494  -0.0308169  0  0.998937  -0.0448671  -0.0105905  0  0.405929  -0.0406189  0.771704  1  
0.00929939  -0.0312506  0.999459  0  -0.0451015  -0.998498  -0.0308009  0  0.998939  -0.0447915  -0.0106951  0  0.405979  -0.0405858  0.771663  1  
0.00940925  -0.0312559  0.999457  0  -0.045033  -0.998501  -0.030802  0  0.998941  -0.0447196  -0.0108029  0  0.406029  -0.0405567  0.771619  1  
0.00951052  -0.0312485  0.999457  0  -0.0449698  -0.998504  -0.0307908  0  0.998943  -0.0446534  -0.0109017  0  0.406078  -0.0405302  0.771579  1  
0.00962142  -0.0312506  0.999456  0  -0.0449005  -0.998507  -0.0307887  0  0.998945  -0.0445807  -0.0110104  0  0.40613  -0.0404997  0.771535  1  
0.00972906  -0.0312481  0.999455  0  -0.0448359  -0.99851  -0.0307822  0  0.998947  -0.0445128  -0.0111158  0  0.406181  -0.040473  0.771492  1  
0.00984148  -0.0312466  0.999454  0  -0.0447633  -0.998514  -0.0307764  0  0.998949  -0.0444368  -0.0112258  0  0.406233  -0.0404396  0.771447  1  
0.00996105  -0.031245  0.999452  0  -0.0446988  -0.998517  -0.0307703  0  0.998951  -0.0443687  -0.0113431  0  0.406287  -0.0404126  0.771399  1  
0.0100601  -0.031245  0.999451  0  -0.0446285  -0.99852  -0.0307667  0  0.998953  -0.0442953  -0.0114398  0  0.406337  -0.0403821  0.77136  1  
0.0101769  -0.0312383  0.999451  0  -0.0445599  -0.998524  -0.0307556  0  0.998955  -0.0442233  -0.0115541  0  0.406391  -0.0403523  0.771313  1  
0.0103946  -0.0312329  0.999448  0  -0.0444164  -0.99853  -0.0307423  0  0.998959  -0.0440732  -0.0117668  0  0.406495  -0.0402898  0.771225  1  
0.0105021  -0.0312355  0.999447  0  -0.0443522  -0.998533  -0.0307409  0  0.998961  -0.0440057  -0.0118723  0  0.406546  -0.0402623  0.771181  1  
0.0106113  -0.0312292  0.999446  0  -0.0442869  -0.998536  -0.0307306  0  0.998962  -0.0439372  -0.0119791  0  0.406599  -0.0402346  0.771138  1  
0.0107297  -0.0312361  0.999445  0  -0.0442146  -0.99854  -0.0307331  0  0.998964  -0.0438611  -0.0120953  0  0.406655  -0.0402038  0.771088  1  
0.0108368  -0.0312282  0.999444  0  -0.0441433  -0.998543  -0.0307214  0  0.998966  -0.0437867  -0.0121998  0  0.406707  -0.0401732  0.771045  1  
0.0109494  -0.0312335  0.999443  0  -0.0440738  -0.998546  -0.0307227  0  0.998968  -0.0437136  -0.0123103  0  0.40676  -0.0401434  0.770998  1  
0.0110601  -0.0312286  0.999441  0  -0.0440029  -0.99855  -0.0307138  0  0.99897  -0.0436395  -0.0124185  0  0.406814  -0.0401134  0.770953  1  
0.0111641  -0.0312329  0.99944  0  -0.0439362  -0.998552  -0.0307144  0  0.998972  -0.0435696  -0.0125204  0  0.406866  -0.0400847  0.77091  1  
0.0112823  -0.0312284  0.999439  0  -0.0438649  -0.998556  -0.0307057  0  0.998974  -0.0434947  -0.0126361  0  0.406921  -0.0400548  0.770861  1  
0.0114039  -0.0312317  0.999437  0  -0.043795  -0.998559  -0.0307045  0  0.998975  -0.043421  -0.0127555  0  0.406979  -0.0400253  0.770811  1  
0.011522  -0.0312286  0.999436  0  -0.0437205  -0.998562  -0.0306973  0  0.998977  -0.043343  -0.012871  0  0.407035  -0.0399942  0.770764  1  
0.0116416  -0.0312313  0.999435  0  -0.0436506  -0.998566  -0.0306957  0  0.998979  -0.0432694  -0.0129884  0  0.40709  -0.0399642  0.770715  1  
0.0117585  -0.0312241  0.999434  0  -0.0435758  -0.998569  -0.0306844  0  0.998981  -0.0431911  -0.0131026  0  0.407145  -0.0399311  0.770668  1  
0.0118839  -0.031227  0.999432  0  -0.0434988  -0.998573  -0.0306829  0  0.998983  -0.0431103  -0.0132255  0  0.407202  -0.0398981  0.770617  1  
0.0119998  -0.0312208  0.999431  0  -0.0434306  -0.998576  -0.0306727  0  0.998984  -0.0430386  -0.0133389  0  0.407257  -0.0398694  0.77057  1  
0.0121193  -0.0312222  0.999429  0  -0.0433545  -0.998579  -0.0306699  0  0.998986  -0.0429589  -0.0134559  0  0.407313  -0.0398358  0.770523  1  
0.0122408  -0.0312262  0.999428  0  -0.0432891  -0.998582  -0.0306696  0  0.998988  -0.0428897  -0.0135755  0  0.407368  -0.0398084  0.770473  1  
0.0123613  -0.0312259  0.999426  0  -0.0432134  -0.998585  -0.0306651  0  0.998989  -0.0428104  -0.0136934  0  0.407425  -0.0397753  0.770424  1  
0.0124716  -0.0312197  0.999425  0  -0.043145  -0.998589  -0.0306552  0  0.998991  -0.0427387  -0.0138013  0  0.407477  -0.0397465  0.770378  1  
0.0125895  -0.0312115  0.999424  0  -0.0430678  -0.998592  -0.0306431  0  0.998993  -0.042658  -0.0139162  0  0.407533  -0.0397121  0.77033  1  
0.0126999  -0.0312109  0.999423  0  -0.0429886  -0.998596  -0.0306388  0  0.998995  -0.0425755  -0.014024  0  0.407587  -0.0396775  0.770285  1  
0.0128271  -0.0312135  0.999421  0  -0.0429179  -0.998599  -0.030637  0  0.998996  -0.0425009  -0.014149  0  0.407645  -0.0396474  0.770231  1  
0.0129451  -0.0312086  0.999419  0  -0.0428419  -0.998603  -0.0306282  0  0.998998  -0.0424213  -0.0142644  0  0.407702  -0.0396142  0.770182  1  
0.0130566  -0.0312049  0.999418  0  -0.0427689  -0.998606  -0.0306208  0  0.999  -0.042345  -0.0143733  0  0.407758  -0.0395828  0.770137  1  
0.0131751  -0.0312018  0.999417  0  -0.0426921  -0.998609  -0.0306138  0  0.999001  -0.0422647  -0.0144891  0  0.407815  -0.0395485  0.770087  1  
