-0.00341339  -0.0307576  0.999511  0  -0.0502662  -0.998248  -0.0308904  0  0.99873  -0.0503481  0.00186137  0  0.400589  -0.0427709  0.776618  1  
-0.00341491  -0.0307642  0.999511  0  -0.0502673  -0.998248  -0.030897  0  0.99873  -0.0503492  0.00186253  0  0.400589  -0.0427726  0.776618  1  
-0.00341462  -0.0307619  0.999511  0  -0.0502664  -0.998248  -0.0308948  0  0.99873  -0.0503483  0.00186238  0  0.400588  -0.0427717  0.776618  1  
-0.00341126  -0.0307555  0.999511  0  -0.0502632  -0.998249  -0.0308882  0  0.99873  -0.050345  0.00185945  0  0.400589  -0.0427682  0.776618  1  
-0.0034082  -0.030766  0.999511  0  -0.0502649  -0.998248  -0.0308986  0  0.99873  -0.0503466  0.00185581  0  0.40059  -0.0427703  0.776616  1  
-0.00341433  -0.0307601  0.999511  0  -0.050264  -0.998248  -0.030893  0  0.99873  -0.0503459  0.00186226  0  0.400588  -0.0427704  0.776618  1  
-0.00341957  -0.0307645  0.999511  0  -0.0502652  -0.998248  -0.0308975  0  0.99873  -0.0503472  0.00186724  0  0.400586  -0.0427709  0.776618  1  
-0.0034229  -0.0307604  0.999511  0  -0.0502642  -0.998248  -0.0308937  0  0.99873  -0.0503464  0.00187079  0  0.400586  -0.0427711  0.776619  1  
-0.00342651  -0.0307621  0.999511  0  -0.0502566  -0.998249  -0.0308955  0  0.99873  -0.0503389  0.00187455  0  0.400585  -0.0427669  0.776619  1  
-0.0034271  -0.0307624  0.999511  0  -0.0502598  -0.998249  -0.0308959  0  0.99873  -0.0503421  0.00187503  0  0.400585  -0.0427708  0.776621  1  
-0.00342114  -0.030764  0.999511  0  -0.0502556  -0.998249  -0.0308971  0  0.998731  -0.0503377  0.00186912  0  0.400587  -0.0427683  0.776617  1  
-0.00341226  -0.0307651  0.999511  0  -0.0502465  -0.998249  -0.0308978  0  0.998731  -0.0503283  0.00186048  0  0.400591  -0.0427634  0.776614  1  
-0.00340668  -0.0307661  0.999511  0  -0.0502499  -0.998249  -0.0308985  0  0.998731  -0.0503315  0.00185476  0  0.400594  -0.0427653  0.776612  1  
-0.00340385  -0.0307672  0.999511  0  -0.0502499  -0.998249  -0.0308995  0  0.998731  -0.0503315  0.00185187  0  0.400597  -0.0427659  0.776612  1  
-0.00339252  -0.0307708  0.999511  0  -0.0502486  -0.998249  -0.0309025  0  0.998731  -0.0503298  0.00184043  0  0.400602  -0.0427654  0.776607  1  
-0.00338404  -0.0307672  0.999511  0  -0.0502453  -0.998249  -0.0308984  0  0.998731  -0.0503263  0.00183225  0  0.400606  -0.0427637  0.776604  1  
-0.00337763  -0.0307686  0.999511  0  -0.0502384  -0.99825  -0.0308995  0  0.998732  -0.0503192  0.00182599  0  0.400609  -0.0427613  0.776602  1  
-0.00336437  -0.0307676  0.999511  0  -0.0502351  -0.99825  -0.0308978  0  0.998732  -0.0503155  0.0018129  0  0.400615  -0.0427597  0.776597  1  
-0.00335626  -0.0307645  0.999511  0  -0.0502355  -0.99825  -0.0308943  0  0.998732  -0.0503156  0.00180496  0  0.400619  -0.0427596  0.776594  1  
-0.00335642  -0.0307674  0.999511  0  -0.0502312  -0.99825  -0.0308972  0  0.998732  -0.0503113  0.0018051  0  0.400621  -0.0427575  0.776594  1  
-0.00334787  -0.0307579  0.999512  0  -0.0502245  -0.998251  -0.0308874  0  0.998732  -0.0503043  0.00179725  0  0.400624  -0.0427542  0.776589  1  
-0.00334246  -0.0307662  0.999511  0  -0.0502179  -0.998251  -0.0308953  0  0.998733  -0.0502976  0.00179163  0  0.400628  -0.042752  0.776588  1  
-0.00333847  -0.0307646  0.999511  0  -0.0502131  -0.998251  -0.0308935  0  0.998733  -0.0502927  0.00178788  0  0.400631  -0.0427501  0.776586  1  
-0.00332896  -0.0307677  0.999511  0  -0.0502084  -0.998251  -0.0308961  0  0.998733  -0.0502877  0.00177838  0  0.400635  -0.0427482  0.776583  1  
-0.00331891  -0.0307629  0.999512  0  -0.0502012  -0.998252  -0.0308909  0  0.998734  -0.0502801  0.00176881  0  0.400639  -0.0427455  0.77658  1  
-0.00331867  -0.0307659  0.999511  0  -0.0501987  -0.998252  -0.0308938  0  0.998734  -0.0502777  0.00176849  0  0.40064  -0.0427449  0.77658  1  
-0.00330791  -0.0307643  0.999512  0  -0.0501891  -0.998252  -0.0308916  0  0.998734  -0.0502677  0.00175813  0  0.400646  -0.0427402  0.776577  1  
-0.00330132  -0.0307616  0.999512  0  -0.0501821  -0.998253  -0.0308886  0  0.998735  -0.0502605  0.00175191  0  0.40065  -0.0427384  0.776574  1  
-0.00329451  -0.0307678  0.999511  0  -0.0501731  -0.998253  -0.0308944  0  0.998735  -0.0502513  0.00174507  0  0.400655  -0.0427346  0.776572  1  
-0.0032828  -0.0307616  0.999512  0  -0.0501601  -0.998254  -0.0308876  0  0.998736  -0.050238  0.00173409  0  0.40066  -0.0427269  0.776568  1  
-0.00327226  -0.0307695  0.999512  0  -0.0501541  -0.998254  -0.030895  0  0.998736  -0.0502317  0.00172336  0  0.400667  -0.0427264  0.776564  1  
-0.00326457  -0.0307641  0.999512  0  -0.0501442  -0.998255  -0.0308891  0  0.998737  -0.0502215  0.00171627  0  0.400671  -0.0427216  0.776561  1  
-0.00325525  -0.0307673  0.999512  0  -0.0501318  -0.998255  -0.0308919  0  0.998737  -0.0502089  0.00170719  0  0.400676  -0.0427163  0.776558  1  
-0.00324878  -0.0307636  0.999512  0  -0.0501225  -0.998256  -0.0308879  0  0.998738  -0.0501994  0.00170119  0  0.400681  -0.0427135  0.776556  1  
-0.00324254  -0.0307634  0.999512  0  -0.0501092  -0.998256  -0.0308873  0  0.998738  -0.0501859  0.00169539  0  0.400684  -0.0427066  0.776554  1  
-0.00322956  -0.0307712  0.999512  0  -0.0501034  -0.998256  -0.0308945  0  0.998739  -0.0501797  0.00168221  0  0.40069  -0.0427063  0.776549  1  
-0.00321613  -0.0307701  0.999512  0  -0.0500887  -0.998257  -0.0308927  0  0.99874  -0.0501646  0.00166932  0  0.400697  -0.0426998  0.776544  1  
-0.00320121  -0.0307618  0.999512  0  -0.0500746  -0.998258  -0.0308836  0  0.99874  -0.05015  0.00165528  0  0.400703  -0.0426931  0.776539  1  
-0.00318898  -0.030758  0.999512  0  -0.0500585  -0.998259  -0.0308791  0  0.998741  -0.0501335  0.00164376  0  0.400711  -0.0426856  0.776533  1  
-0.0031722  -0.030767  0.999512  0  -0.0500444  -0.99826  -0.0308873  0  0.998742  -0.0501189  0.00162699  0  0.400718  -0.0426807  0.776526  1  
-0.00316021  -0.0307609  0.999512  0  -0.0500337  -0.99826  -0.0308805  0  0.998743  -0.0501078  0.00161567  0  0.400724  -0.0426755  0.776522  1  
-0.00314774  -0.0307604  0.999512  0  -0.0500149  -0.998261  -0.0308794  0  0.998743  -0.0500887  0.00160382  0  0.400731  -0.0426675  0.776518  1  
-0.00312496  -0.0307576  0.999512  0  -0.0499991  -0.998262  -0.0308754  0  0.998744  -0.0500722  0.00158171  0  0.40074  -0.0426607  0.776509  1  
-0.00310397  -0.0307699  0.999512  0  -0.0499786  -0.998263  -0.0308867  0  0.998745  -0.0500511  0.00156077  0  0.40075  -0.0426522  0.776501  1  
-0.0030863  -0.030762  0.999512  0  -0.0499646  -0.998264  -0.0308778  0  0.998746  -0.0500365  0.00154396  0  0.400758  -0.0426472  0.776494  1  
-0.00306083  -0.0307619  0.999512  0  -0.0499419  -0.998265  -0.0308765  0  0.998747  -0.050013  0.00151924  0  0.400769  -0.0426364  0.776483  1  
-0.00304349  -0.0307691  0.999512  0  -0.049927  -0.998266  -0.0308827  0  0.998748  -0.0499976  0.00150203  0  0.400777  -0.0426308  0.776476  1  
-0.0030249  -0.0307608  0.999513  0  -0.0499087  -0.998267  -0.0308735  0  0.998749  -0.0499787  0.00148446  0  0.400786  -0.0426223  0.776469  1  
-0.00299885  -0.0307639  0.999513  0  -0.0498869  -0.998268  -0.0308752  0  0.99875  -0.0499562  0.00145897  0  0.400797  -0.0426138  0.776458  1  
-0.00297812  -0.0307669  0.999513  0  -0.0498673  -0.998269  -0.0308772  0  0.998751  -0.0499359  0.00143873  0  0.400807  -0.0426057  0.77645  1  
-0.00295338  -0.0307672  0.999513  0  -0.0498429  -0.99827  -0.0308762  0  0.998753  -0.0499108  0.00141477  0  0.400817  -0.042594  0.77644  1  
-0.00293596  -0.0307609  0.999513  0  -0.0498219  -0.998271  -0.030869  0  0.998754  -0.0498892  0.00139834  0  0.400827  -0.042586  0.776433  1  
-0.00290974  -0.0307649  0.999513  0  -0.0497964  -0.998273  -0.0308717  0  0.998755  -0.0498629  0.00137275  0  0.400838  -0.0425747  0.776421  1  
-0.00288621  -0.0307578  0.999513  0  -0.0497706  -0.998274  -0.0308634  0  0.998756  -0.0498364  0.00135042  0  0.400848  -0.0425627  0.776412  1  
-0.00286009  -0.0307596  0.999513  0  -0.049745  -0.998275  -0.0308639  0  0.998758  -0.04981  0.00132505  0  0.40086  -0.0425524  0.776402  1  
-0.0028377  -0.0307553  0.999513  0  -0.049723  -0.998277  -0.0308584  0  0.998759  -0.0497873  0.00130359  0  0.40087  -0.0425426  0.776393  1  
-0.00281236  -0.0307632  0.999513  0  -0.0496988  -0.998278  -0.030865  0  0.99876  -0.0497624  0.00127864  0  0.400882  -0.0425332  0.776382  1  
-0.00278762  -0.0307524  0.999514  0  -0.0496723  -0.998279  -0.030853  0  0.998762  -0.0497351  0.0012553  0  0.400893  -0.0425222  0.776373  1  
-0.00276862  -0.0307526  0.999514  0  -0.0496446  -0.998281  -0.0308522  0  0.998763  -0.0497068  0.00123718  0  0.400902  -0.0425099  0.776366  1  
-0.00273995  -0.0307531  0.999514  0  -0.0496159  -0.998282  -0.0308512  0  0.998765  -0.0496773  0.00120942  0  0.400915  -0.0424973  0.776355  1  
-0.00271422  -0.0307565  0.999514  0  -0.0495849  -0.998284  -0.0308533  0  0.998766  -0.0496455  0.00118452  0  0.400927  -0.0424838  0.776344  1  
-0.00269193  -0.0307544  0.999514  0  -0.049559  -0.998285  -0.0308501  0  0.998768  -0.0496189  0.00116318  0  0.400937  -0.042473  0.776336  1  
-0.00266577  -0.0307539  0.999514  0  -0.0495322  -0.998286  -0.0308482  0  0.998769  -0.0495914  0.00113791  0  0.400949  -0.0424616  0.776325  1  
-0.00264335  -0.0307491  0.999514  0  -0.0495022  -0.998288  -0.0308423  0  0.99877  -0.0495606  0.0011167  0  0.400961  -0.0424484  0.776317  1  
-0.00261358  -0.0307463  0.999514  0  -0.0494733  -0.99829  -0.030838  0  0.998772  -0.0495308  0.00108801  0  0.400975  -0.0424353  0.776306  1  
-0.00258873  -0.0307448  0.999514  0  -0.0494374  -0.998291  -0.0308353  0  0.998774  -0.0494941  0.00106439  0  0.400986  -0.0424191  0.776296  1  
-0.00256099  -0.0307404  0.999514  0  -0.0494112  -0.998293  -0.0308294  0  0.998775  -0.0494671  0.00103772  0  0.401  -0.0424084  0.776286  1  
-0.00253294  -0.0307457  0.999514  0  -0.0493815  -0.998294  -0.0308333  0  0.998777  -0.0494366  0.00101037  0  0.401013  -0.0423954  0.776275  1  
-0.00250111  -0.0307373  0.999515  0  -0.0493467  -0.998296  -0.0308234  0  0.998779  -0.0494008  0.000980085  0  0.401028  -0.0423794  0.776263  1  
-0.00248061  -0.0307428  0.999515  0  -0.0493152  -0.998298  -0.0308277  0  0.99878  -0.0493687  0.000960318  0  0.401039  -0.042366  0.776256  1  
-0.00245146  -0.0307357  0.999515  0  -0.0492858  -0.998299  -0.0308192  0  0.998782  -0.0493384  0.000932472  0  0.401053  -0.0423525  0.776244  1  
-0.00242415  -0.0307281  0.999515  0  -0.049253  -0.998301  -0.0308102  0  0.998783  -0.0493048  0.000906598  0  0.401067  -0.0423369  0.776234  1  
-0.00239404  -0.0307272  0.999515  0  -0.0492182  -0.998303  -0.0308078  0  0.998785  -0.0492691  0.000877656  0  0.401081  -0.0423216  0.776223  1  
-0.00236718  -0.0307212  0.999516  0  -0.0491835  -0.998305  -0.0308004  0  0.998787  -0.0492336  0.000852213  0  0.401096  -0.0423044  0.776212  1  
-0.00233106  -0.0307173  0.999516  0  -0.04915  -0.998307  -0.0307948  0  0.998789  -0.049199  0.000817375  0  0.401113  -0.0422883  0.776198  1  
-0.00230535  -0.0307123  0.999516  0  -0.0491158  -0.998309  -0.0307885  0  0.99879  -0.049164  0.000793004  0  0.401126  -0.0422735  0.77619  1  
-0.00226686  -0.0307087  0.999516  0  -0.0490772  -0.998311  -0.0307829  0  0.998792  -0.0491242  0.000755949  0  0.401144  -0.0422542  0.776174  1  
-0.00223143  -0.0306973  0.999517  0  -0.0490428  -0.998313  -0.0307698  0  0.998794  -0.0490887  0.000722194  0  0.401162  -0.0422371  0.776161  1  
-0.00219769  -0.0306889  0.999517  0  -0.0490034  -0.998315  -0.0307598  0  0.998796  -0.0490483  0.000690132  0  0.401178  -0.0422173  0.776148  1  
-0.00216105  -0.0306892  0.999517  0  -0.0489685  -0.998317  -0.0307582  0  0.998798  -0.0490123  0.000654625  0  0.401195  -0.0422008  0.776134  1  
-0.00212221  -0.0306874  0.999517  0  -0.0489291  -0.998319  -0.0307545  0  0.9988  -0.0489716  0.000617151  0  0.401213  -0.042182  0.776119  1  
-0.00209344  -0.0306791  0.999517  0  -0.0488883  -0.998321  -0.0307448  0  0.998802  -0.04893  0.000590084  0  0.401228  -0.042162  0.776108  1  
-0.0020567  -0.0306672  0.999518  0  -0.0488532  -0.998323  -0.030731  0  0.998804  -0.0488938  0.000555072  0  0.401246  -0.0421442  0.776095  1  
-0.00201802  -0.0306599  0.999518  0  -0.0488163  -0.998326  -0.0307219  0  0.998806  -0.0488558  0.000517951  0  0.401264  -0.0421254  0.776079  1  
-0.00197846  -0.0306537  0.999518  0  -0.048777  -0.998328  -0.0307137  0  0.998808  -0.0488152  0.000479967  0  0.401283  -0.0421069  0.776063  1  
-0.00194349  -0.0306507  0.999519  0  -0.0487381  -0.99833  -0.030709  0  0.99881  -0.0487753  0.000446398  0  0.4013  -0.0420882  0.77605  1  
-0.00190737  -0.0306376  0.999519  0  -0.0486984  -0.998332  -0.0306942  0  0.998812  -0.0487344  0.000412197  0  0.401318  -0.0420672  0.776036  1  
-0.00186739  -0.0306373  0.999519  0  -0.0486587  -0.998334  -0.0306919  0  0.998814  -0.0486936  0.000373514  0  0.401337  -0.0420477  0.77602  1  
-0.00182525  -0.0306299  0.999519  0  -0.0486215  -0.998336  -0.0306825  0  0.998816  -0.048655  0.000332945  0  0.401357  -0.0420304  0.776003  1  
-0.00179095  -0.0306209  0.99952  0  -0.0485779  -0.998339  -0.0306718  0  0.998818  -0.0486104  0.000300481  0  0.401374  -0.042008  0.77599  1  
-0.00174857  -0.0306101  0.99952  0  -0.0485358  -0.998341  -0.0306589  0  0.99882  -0.048567  0.000259984  0  0.401392  -0.0419877  0.775973  1  
-0.00171462  -0.0306135  0.99952  0  -0.0485018  -0.998343  -0.0306606  0  0.998822  -0.048532  0.000226975  0  0.401411  -0.0419721  0.775961  1  
-0.00167099  -0.0305924  0.999521  0  -0.0484561  -0.998346  -0.0306374  0  0.998824  -0.0484851  0.000185838  0  0.401431  -0.0419483  0.775944  1  
-0.00163038  -0.0305896  0.999521  0  -0.0484149  -0.998348  -0.0306327  0  0.998826  -0.0484425  0.000146695  0  0.40145  -0.0419264  0.775927  1  
-0.0015953  -0.0305832  0.999521  0  -0.0483746  -0.99835  -0.0306245  0  0.998828  -0.0484012  0.000113226  0  0.401467  -0.0419082  0.775914  1  
-0.00155267  -0.0305794  0.999522  0  -0.0483286  -0.998352  -0.0306187  0  0.99883  -0.0483539  7.22564e-05  0  0.401488  -0.0418861  0.775898  1  
-0.00150646  -0.0305667  0.999522  0  -0.0482847  -0.998355  -0.0306038  0  0.998832  -0.0483086  2.8075e-05  0  0.40151  -0.0418638  0.775879  1  
-0.00146971  -0.0305633  0.999522  0  -0.0482389  -0.998357  -0.0305986  0  0.998835  -0.0482617  -7.04105e-06  0  0.401528  -0.0418424  0.775866  1  
-0.00143064  -0.030556  0.999522  0  -0.0481966  -0.99836  -0.0305895  0  0.998837  -0.0482183  -4.44062e-05  0  0.401547  -0.0418213  0.77585  1  
-0.00138315  -0.0305436  0.999523  0  -0.0481482  -0.998362  -0.0305748  0  0.998839  -0.0481685  -8.97343e-05  0  0.40157  -0.0417975  0.775832  1  
-0.00134084  -0.0305412  0.999523  0  -0.0480963  -0.998365  -0.0305703  0  0.998842  -0.0481153  -0.00013027  0  0.40159  -0.0417728  0.775816  1  
-0.00130118  -0.0305264  0.999523  0  -0.0480467  -0.998368  -0.0305536  0  0.998844  -0.0480645  -0.000167637  0  0.40161  -0.0417484  0.775801  1  
-0.00125988  -0.0305239  0.999524  0  -0.0480009  -0.99837  -0.0305492  0  0.998846  -0.0480174  -0.000207346  0  0.401631  -0.0417257  0.775785  1  
-0.00121018  -0.0305149  0.999524  0  -0.0479504  -0.998373  -0.0305378  0  0.998849  -0.0479654  -0.000254996  0  0.401652  -0.0417013  0.775764  1  
-0.00117796  -0.0305035  0.999524  0  -0.047894  -0.998376  -0.0305249  0  0.998852  -0.0479081  -0.000284887  0  0.401672  -0.0416738  0.775752  1  
-0.0011324  -0.0304942  0.999525  0  -0.0478422  -0.998379  -0.0305135  0  0.998854  -0.0478549  -0.000328355  0  0.401694  -0.0416486  0.775734  1  
-0.00108877  -0.0304901  0.999525  0  -0.0477929  -0.998382  -0.0305073  0  0.998857  -0.0478043  -0.000370204  0  0.401716  -0.0416251  0.775718  1  
-0.00105019  -0.0304819  0.999525  0  -0.047733  -0.998385  -0.0304973  0  0.99886  -0.0477432  -0.000406509  0  0.401736  -0.0415965  0.775702  1  
-0.00100593  -0.0304709  0.999526  0  -0.0476787  -0.998388  -0.0304842  0  0.998862  -0.0476877  -0.000448518  0  0.401759  -0.0415694  0.775685  1  
-0.000956156  -0.0304568  0.999526  0  -0.0476153  -0.998391  -0.0304678  0  0.998865  -0.0476228  -0.000495602  0  0.401782  -0.0415386  0.775665  1  
-0.000913568  -0.0304492  0.999526  0  -0.0475587  -0.998394  -0.0304582  0  0.998868  -0.0475649  -0.000536034  0  0.401803  -0.0415113  0.77565  1  
-0.000869769  -0.0304383  0.999527  0  -0.0475016  -0.998397  -0.0304453  0  0.998871  -0.0475065  -0.000577506  0  0.401826  -0.0414828  0.775633  1  
-0.000823564  -0.0304273  0.999527  0  -0.0474415  -0.998401  -0.0304321  0  0.998874  -0.0474451  -0.000621284  0  0.401849  -0.0414539  0.775615  1  
-0.000776904  -0.0304204  0.999527  0  -0.047382  -0.998404  -0.030423  0  0.998877  -0.0473841  -0.000665727  0  0.401873  -0.0414256  0.775597  1  
-0.000730561  -0.0304035  0.999528  0  -0.0473223  -0.998407  -0.030404  0  0.998879  -0.0473231  -0.000709382  0  0.401894  -0.0413976  0.775578  1  
-0.000680703  -0.0303993  0.999528  0  -0.0472555  -0.998411  -0.0303975  0  0.998883  -0.0472548  -0.000756929  0  0.40192  -0.0413655  0.77556  1  
-0.000636398  -0.0303844  0.999528  0  -0.0471847  -0.998414  -0.0303806  0  0.998886  -0.0471827  -0.000798306  0  0.401943  -0.0413319  0.775544  1  
-0.000586016  -0.030382  0.999529  0  -0.0471173  -0.998418  -0.0303759  0  0.998889  -0.0471138  -0.000846446  0  0.401968  -0.0413002  0.775524  1  
-0.000532677  -0.0303724  0.999529  0  -0.0470511  -0.998421  -0.0303638  0  0.998892  -0.047046  -0.000897234  0  0.401994  -0.0412688  0.775503  1  
-0.000485965  -0.0303616  0.999529  0  -0.0469828  -0.998425  -0.0303509  0  0.998896  -0.0469763  -0.000941292  0  0.402018  -0.041237  0.775484  1  
-0.000440133  -0.0303514  0.99953  0  -0.0469109  -0.998429  -0.0303386  0  0.998899  -0.0469031  -0.000984386  0  0.402042  -0.0412025  0.775466  1  
-0.000387557  -0.0303387  0.99953  0  -0.0468352  -0.998433  -0.0303236  0  0.998903  -0.0468258  -0.00103399  0  0.402068  -0.0411647  0.775445  1  
-0.000347297  -0.0303295  0.99953  0  -0.0467603  -0.998436  -0.0303126  0  0.998906  -0.0467498  -0.00107149  0  0.402091  -0.0411297  0.77543  1  
-0.000297332  -0.0303202  0.999531  0  -0.0466917  -0.99844  -0.030301  0  0.998909  -0.0466797  -0.00111885  0  0.402118  -0.0410994  0.775409  1  
-0.000260975  -0.0303131  0.999531  0  -0.0466196  -0.998444  -0.0302923  0  0.998913  -0.0466066  -0.00115264  0  0.40214  -0.0410652  0.775394  1  
-0.000216214  -0.0302958  0.999531  0  -0.0465408  -0.998448  -0.0302731  0  0.998916  -0.0465264  -0.00119414  0  0.402164  -0.0410272  0.775375  1  
-0.000173378  -0.0302935  0.999531  0  -0.0464676  -0.998451  -0.0302689  0  0.99892  -0.0464519  -0.00123458  0  0.402188  -0.0409928  0.775357  1  
-0.000133458  -0.0302721  0.999532  0  -0.0463899  -0.998456  -0.0302457  0  0.998923  -0.0463731  -0.00127109  0  0.402211  -0.0409559  0.775341  1  
-9.00767e-05  -0.0302672  0.999532  0  -0.046309  -0.99846  -0.0302389  0  0.998927  -0.0462909  -0.00131173  0  0.402237  -0.0409178  0.775323  1  
-4.91676e-05  -0.0302503  0.999533  0  -0.0462259  -0.998464  -0.0302202  0  0.998931  -0.0462066  -0.00134928  0  0.402261  -0.0408787  0.775306  1  
-1.11383e-05  -0.0302406  0.999533  0  -0.0461464  -0.998468  -0.0302089  0  0.998935  -0.0461261  -0.0013844  0  0.402285  -0.0408413  0.775289  1  
3.54365e-05  -0.0302295  0.999533  0  -0.0460689  -0.998472  -0.0301958  0  0.998938  -0.0460472  -0.00142805  0  0.402311  -0.0408044  0.775269  1  
8.86735e-05  -0.030222  0.999534  0  -0.045986  -0.998476  -0.0301859  0  0.998942  -0.0459627  -0.00147835  0  0.402338  -0.0407666  0.775247  1  
0.00013233  -0.0302006  0.999534  0  -0.0459024  -0.998481  -0.0301627  0  0.998946  -0.0458779  -0.00151844  0  0.402363  -0.0407255  0.775232  1  
0.000188296  -0.0301922  0.999534  0  -0.0458201  -0.998485  -0.0301518  0  0.99895  -0.0457939  -0.00157145  0  0.402392  -0.0406865  0.775208  1  
0.000237937  -0.0301725  0.999535  0  -0.0457372  -0.998489  -0.0301301  0  0.998953  -0.0457096  -0.00161761  0  0.402419  -0.040646  0.775188  1  
0.000280166  -0.0301657  0.999535  0  -0.0456591  -0.998493  -0.0301215  0  0.998957  -0.0456303  -0.00165711  0  0.402443  -0.0406099  0.775172  1  
0.000338586  -0.0301525  0.999536  0  -0.0455724  -0.998498  -0.0301057  0  0.998961  -0.0455419  -0.00171223  0  0.402472  -0.0405684  0.775148  1  
0.000390662  -0.0301411  0.999536  0  -0.0454891  -0.998502  -0.0300921  0  0.998965  -0.0454571  -0.0017612  0  0.4025  -0.0405294  0.775127  1  
0.000437863  -0.0301314  0.999536  0  -0.0454017  -0.998506  -0.0300804  0  0.998969  -0.0453684  -0.00180526  0  0.402527  -0.0404874  0.775107  1  
0.000486139  -0.0301186  0.999537  0  -0.0453134  -0.998511  -0.0300657  0  0.998973  -0.0452786  -0.00185023  0  0.402554  -0.0404464  0.77509  1  
0.000537789  -0.0301081  0.999537  0  -0.0452264  -0.998515  -0.030053  0  0.998977  -0.0451902  -0.00189871  0  0.402582  -0.040406  0.775069  1  
0.000584097  -0.0300953  0.999537  0  -0.0451452  -0.998519  -0.0300383  0  0.99898  -0.0451077  -0.00194193  0  0.402609  -0.0403687  0.77505  1  
0.000641971  -0.0300844  0.999538  0  -0.0450578  -0.998523  -0.030025  0  0.998984  -0.0450185  -0.0019966  0  0.402639  -0.0403261  0.775026  1  
0.000695741  -0.0300732  0.999538  0  -0.044969  -0.998528  -0.0300115  0  0.998988  -0.0449282  -0.00204712  0  0.402667  -0.0402856  0.775003  1  
0.000750458  -0.0300646  0.999538  0  -0.0448792  -0.998532  -0.0300007  0  0.998992  -0.0448368  -0.00209867  0  0.402697  -0.040244  0.774982  1  
0.000797285  -0.0300534  0.999538  0  -0.0447946  -0.998536  -0.0299875  0  0.998996  -0.0447509  -0.00214239  0  0.402724  -0.0402052  0.774962  1  
0.000861933  -0.0300416  0.999539  0  -0.044706  -0.998541  -0.0299731  0  0.999  -0.0446604  -0.00220376  0  0.402757  -0.0401634  0.774935  1  
0.000909324  -0.0300268  0.999539  0  -0.0446136  -0.998545  -0.0299563  0  0.999004  -0.0445666  -0.00224765  0  0.402784  -0.0401199  0.774916  1  
0.000963651  -0.0300146  0.999539  0  -0.0445267  -0.99855  -0.029942  0  0.999008  -0.0444782  -0.00229875  0  0.402814  -0.0400798  0.774893  1  
0.00101713  -0.0300121  0.999539  0  -0.0444324  -0.998554  -0.0299373  0  0.999012  -0.0443824  -0.00234922  0  0.402844  -0.0400369  0.774871  1  
0.00107688  -0.0299966  0.99954  0  -0.0443407  -0.998559  -0.0299193  0  0.999016  -0.0442889  -0.00240544  0  0.402875  -0.039995  0.774847  1  
0.001126  -0.0299847  0.99954  0  -0.0442465  -0.998563  -0.0299055  0  0.99902  -0.0441934  -0.00245115  0  0.402903  -0.0399507  0.774827  1  
0.00118444  -0.0299675  0.999541  0  -0.044154  -0.998568  -0.0298861  0  0.999024  -0.0440991  -0.00250598  0  0.402933  -0.0399079  0.774803  1  
0.00124176  -0.0299575  0.999541  0  -0.0440613  -0.998572  -0.0298737  0  0.999028  -0.0440048  -0.00256001  0  0.402964  -0.0398649  0.774779  1  
0.00128811  -0.0299466  0.999541  0  -0.043968  -0.998577  -0.0298611  0  0.999032  -0.0439102  -0.00260302  0  0.402993  -0.0398219  0.774761  1  
0.00135062  -0.02994  0.999541  0  -0.0438768  -0.998581  -0.029852  0  0.999036  -0.0438172  -0.00266242  0  0.403023  -0.0397788  0.774736  1  
0.00140728  -0.0299225  0.999542  0  -0.0437744  -0.998586  -0.0298322  0  0.99904  -0.0437132  -0.00271518  0  0.403053  -0.0397312  0.774713  1  
0.00146284  -0.0299154  0.999542  0  -0.0436815  -0.998591  -0.029823  0  0.999044  -0.0436187  -0.00276758  0  0.403083  -0.0396884  0.77469  1  
0.0015218  -0.029897  0.999542  0  -0.0435782  -0.998596  -0.0298023  0  0.999049  -0.0435138  -0.00282257  0  0.403115  -0.0396383  0.774666  1  
0.00157417  -0.0298868  0.999542  0  -0.0434834  -0.9986  -0.0297901  0  0.999053  -0.0434175  -0.0028716  0  0.403144  -0.0395945  0.774645  1  
0.00163047  -0.02987  0.999543  0  -0.0433847  -0.998605  -0.0297712  0  0.999057  -0.0433172  -0.00292415  0  0.403174  -0.0395478  0.774623  1  
0.00168239  -0.0298578  0.999543  0  -0.0432901  -0.99861  -0.029757  0  0.999061  -0.0432211  -0.00297265  0  0.403203  -0.0395051  0.774602  1  
0.00174358  -0.0298503  0.999543  0  -0.043194  -0.998614  -0.0297473  0  0.999065  -0.0431232  -0.00303058  0  0.403236  -0.0394605  0.774577  1  
0.00179429  -0.0298312  0.999544  0  -0.0430902  -0.998619  -0.0297262  0  0.99907  -0.043018  -0.0030773  0  0.403265  -0.0394114  0.774556  1  
0.00184814  -0.0298217  0.999544  0  -0.0429906  -0.998624  -0.0297148  0  0.999074  -0.0429169  -0.00312771  0  0.403296  -0.039364  0.774533  1  
0.00190231  -0.0298084  0.999544  0  -0.0428904  -0.998629  -0.0296995  0  0.999078  -0.0428151  -0.00317826  0  0.403327  -0.0393186  0.774511  1  
0.00195721  -0.0298003  0.999544  0  -0.042788  -0.998633  -0.0296893  0  0.999082  -0.0427112  -0.00322969  0  0.403358  -0.0392717  0.774488  1  
0.00201286  -0.0297833  0.999545  0  -0.0426824  -0.998638  -0.0296703  0  0.999087  -0.0426041  -0.00328141  0  0.403388  -0.039223  0.774466  1  
0.00206527  -0.0297746  0.999545  0  -0.0425748  -0.998643  -0.0296597  0  0.999091  -0.042495  -0.00333018  0  0.403419  -0.0391732  0.774445  1  
0.0021291  -0.0297607  0.999545  0  -0.0424685  -0.998648  -0.0296436  0  0.999096  -0.0423868  -0.00339018  0  0.403452  -0.039124  0.774418  1  
0.00218521  -0.0297486  0.999545  0  -0.0423613  -0.998653  -0.0296294  0  0.9991  -0.0422781  -0.00344252  0  0.403482  -0.0390759  0.774396  1  
0.00224055  -0.0297359  0.999546  0  -0.042252  -0.998658  -0.0296148  0  0.999104  -0.0421673  -0.00349401  0  0.403514  -0.0390252  0.774374  1  
0.00230271  -0.0297199  0.999546  0  -0.0421469  -0.998663  -0.0295965  0  0.999109  -0.0420605  -0.0035523  0  0.403546  -0.038976  0.77435  1  
0.00236799  -0.0297171  0.999546  0  -0.0420413  -0.998668  -0.0295914  0  0.999113  -0.0419529  -0.00361425  0  0.40358  -0.0389295  0.774323  1  
0.00242644  -0.029703  0.999546  0  -0.0419394  -0.998673  -0.0295753  0  0.999117  -0.0418494  -0.00366901  0  0.403613  -0.038882  0.774299  1  
0.00249177  -0.0296934  0.999546  0  -0.0418255  -0.998678  -0.0295633  0  0.999122  -0.0417337  -0.00373049  0  0.403647  -0.0388301  0.774273  1  
0.00255105  -0.029678  0.999547  0  -0.0417157  -0.998683  -0.0295459  0  0.999126  -0.0416223  -0.00378581  0  0.403679  -0.0387804  0.774249  1  
0.0026148  -0.0296703  0.999547  0  -0.0416046  -0.998688  -0.029536  0  0.999131  -0.0415094  -0.00384587  0  0.403713  -0.0387289  0.774223  1  
0.00268084  -0.0296506  0.999547  0  -0.041491  -0.998693  -0.029514  0  0.999135  -0.0413939  -0.00390764  0  0.403748  -0.0386759  0.774197  1  
0.00274312  -0.029635  0.999547  0  -0.0413847  -0.998698  -0.0294963  0  0.99914  -0.0412858  -0.00396606  0  0.40378  -0.0386256  0.774172  1  
0.00279766  -0.0296151  0.999548  0  -0.0412761  -0.998703  -0.0294745  0  0.999144  -0.0411757  -0.00401651  0  0.403811  -0.0385753  0.77415  1  
0.00285644  -0.0296009  0.999548  0  -0.0411674  -0.998708  -0.0294583  0  0.999148  -0.0410655  -0.00407142  0  0.403844  -0.038524  0.774126  1  
0.00290869  -0.029587  0.999548  0  -0.0410595  -0.998713  -0.0294428  0  0.999152  -0.0409561  -0.00411985  0  0.403875  -0.0384739  0.774105  1  
0.00296673  -0.0295758  0.999549  0  -0.0409482  -0.998718  -0.0294297  0  0.999157  -0.0408432  -0.00417408  0  0.403908  -0.0384217  0.774081  1  
0.0030324  -0.0295586  0.999549  0  -0.0408344  -0.998723  -0.0294103  0  0.999161  -0.0407276  -0.00423561  0  0.403942  -0.0383686  0.774053  1  
0.00308957  -0.0295389  0.999549  0  -0.0407218  -0.998729  -0.0293888  0  0.999166  -0.0406135  -0.0042886  0  0.403976  -0.0383153  0.774029  1  
0.0031487  -0.0295323  0.999549  0  -0.0406118  -0.998733  -0.0293803  0  0.99917  -0.0405018  -0.00434415  0  0.40401  -0.0382649  0.774003  1  
0.00319812  -0.0295128  0.99955  0  -0.0405034  -0.998738  -0.0293593  0  0.999174  -0.0403921  -0.00438954  0  0.404041  -0.0382126  0.773981  1  
0.00324526  -0.029497  0.99955  0  -0.0403893  -0.998743  -0.0293421  0  0.999179  -0.0402766  -0.00443263  0  0.404073  -0.0381595  0.77396  1  
0.0032974  -0.029485  0.99955  0  -0.0402867  -0.998748  -0.0293285  0  0.999183  -0.0401726  -0.00448121  0  0.404105  -0.0381118  0.773937  1  
0.00335534  -0.0294729  0.99955  0  -0.0401781  -0.998753  -0.0293145  0  0.999187  -0.0400625  -0.00453541  0  0.40414  -0.0380604  0.773912  1  
0.00341283  -0.0294461  0.999551  0  -0.0400625  -0.998758  -0.0292859  0  0.999191  -0.0399453  -0.00458837  0  0.404174  -0.0380056  0.773886  1  
0.00346814  -0.0294432  0.999551  0  -0.0399504  -0.998763  -0.0292813  0  0.999196  -0.0398317  -0.00464021  0  0.404207  -0.0379541  0.773863  1  
0.00351777  -0.0294259  0.999551  0  -0.0398425  -0.998768  -0.0292626  0  0.9992  -0.0397224  -0.00468593  0  0.404238  -0.0379036  0.773842  1  
0.00357607  -0.0294143  0.999551  0  -0.0397213  -0.998773  -0.0292493  0  0.999204  -0.0395996  -0.00474015  0  0.404272  -0.037848  0.773817  1  
0.00362984  -0.0293907  0.999552  0  -0.0396158  -0.998778  -0.0292241  0  0.999208  -0.0394927  -0.00478983  0  0.404305  -0.0377966  0.773794  1  
0.00368808  -0.0293822  0.999552  0  -0.0395067  -0.998783  -0.0292138  0  0.999212  -0.0393821  -0.00484448  0  0.404339  -0.0377467  0.77377  1  
0.00374607  -0.0293666  0.999552  0  -0.0393994  -0.998787  -0.0291965  0  0.999217  -0.0392731  -0.00489865  0  0.404373  -0.0376964  0.773745  1  
0.00381021  -0.0293477  0.999552  0  -0.0392892  -0.998792  -0.0291756  0  0.999221  -0.0391612  -0.00495875  0  0.40441  -0.0376447  0.773718  1  
0.0038625  -0.0293418  0.999552  0  -0.0391769  -0.998797  -0.0291682  0  0.999225  -0.0390475  -0.00500747  0  0.404443  -0.0375921  0.773695  1  
0.00392097  -0.0293193  0.999553  0  -0.0390616  -0.998802  -0.0291441  0  0.999229  -0.0389306  -0.00506163  0  0.404478  -0.0375371  0.773671  1  
0.00398226  -0.0293054  0.999553  0  -0.0389503  -0.998807  -0.0291283  0  0.999233  -0.0388176  -0.00511906  0  0.404513  -0.0374854  0.773645  1  
0.00403785  -0.0292871  0.999553  0  -0.0388382  -0.998812  -0.0291084  0  0.999237  -0.038704  -0.00517061  0  0.404547  -0.0374327  0.773622  1  
0.00409678  -0.0292629  0.999554  0  -0.0387202  -0.998817  -0.0290826  0  0.999242  -0.0385845  -0.0052251  0  0.404581  -0.0373758  0.773597  1  
0.00416055  -0.0292497  0.999554  0  -0.0386088  -0.998822  -0.0290676  0  0.999246  -0.0384714  -0.00528505  0  0.404618  -0.0373232  0.773569  1  
0.00421482  -0.0292349  0.999554  0  -0.0385044  -0.998826  -0.0290513  0  0.99925  -0.0383655  -0.00533564  0  0.40465  -0.0372729  0.773547  1  
0.00427393  -0.0292165  0.999554  0  -0.0383862  -0.998832  -0.0290313  0  0.999254  -0.0382457  -0.00539055  0  0.404685  -0.037217  0.773521  1  
0.00434217  -0.0292038  0.999554  0  -0.0382743  -0.998836  -0.0290166  0  0.999258  -0.038132  -0.00545498  0  0.404722  -0.0371649  0.773492  1  
0.00439579  -0.0291874  0.999555  0  -0.0381604  -0.998841  -0.0289988  0  0.999262  -0.0380166  -0.0055046  0  0.404755  -0.0371116  0.77347  1  
0.00446347  -0.029172  0.999555  0  -0.0380456  -0.998846  -0.0289815  0  0.999266  -0.0379001  -0.0055683  0  0.404792  -0.0370573  0.77344  1  
0.00452014  -0.0291511  0.999555  0  -0.0379261  -0.998851  -0.028959  0  0.99927  -0.0377791  -0.00562064  0  0.404828  -0.0370008  0.773415  1  
0.00458385  -0.0291417  0.999555  0  -0.0378106  -0.998856  -0.0289479  0  0.999274  -0.0376618  -0.00568058  0  0.404865  -0.0369469  0.773388  1  
0.00464315  -0.029117  0.999556  0  -0.037691  -0.998861  -0.0289217  0  0.999279  -0.0375407  -0.00573543  0  0.404901  -0.0368895  0.773362  1  
0.00470651  -0.0291053  0.999556  0  -0.0375803  -0.998866  -0.0289083  0  0.999283  -0.0374283  -0.00579507  0  0.404937  -0.0368379  0.773334  1  
0.00476259  -0.0290888  0.999556  0  -0.0374615  -0.998871  -0.0288903  0  0.999287  -0.037308  -0.00584703  0  0.404972  -0.0367823  0.773309  1  
0.00482792  -0.02907  0.999556  0  -0.0373372  -0.998876  -0.0288699  0  0.999291  -0.0371819  -0.005908  0  0.40501  -0.0367237  0.773281  1  
0.00488926  -0.0290529  0.999556  0  -0.0372167  -0.998881  -0.0288512  0  0.999295  -0.0370599  -0.00596516  0  0.405046  -0.036667  0.773256  1  
0.00495675  -0.0290392  0.999556  0  -0.0370968  -0.998886  -0.0288358  0  0.999299  -0.0369381  -0.00602861  0  0.405082  -0.0366126  0.773226  1  
0.00501706  -0.0290271  0.999556  0  -0.0369752  -0.998891  -0.0288222  0  0.999304  -0.0368149  -0.0060849  0  0.405119  -0.036556  0.773201  1  
0.0050835  -0.0290053  0.999557  0  -0.0368562  -0.998896  -0.0287987  0  0.999308  -0.0366942  -0.00614703  0  0.405157  -0.0365001  0.773172  1  
0.0051506  -0.0289898  0.999557  0  -0.0367315  -0.998901  -0.0287815  0  0.999312  -0.0365676  -0.0062099  0  0.405197  -0.0364404  0.773142  1  
0.00521596  -0.0289662  0.999557  0  -0.0366141  -0.998906  -0.0287563  0  0.999316  -0.0364486  -0.00627095  0  0.405235  -0.0363844  0.773115  1  
0.00528389  -0.0289581  0.999557  0  -0.0364882  -0.998911  -0.0287465  0  0.99932  -0.0363208  -0.00633488  0  0.405272  -0.0363266  0.773085  1  
0.00533895  -0.0289357  0.999557  0  -0.0363676  -0.998916  -0.0287229  0  0.999324  -0.0361989  -0.00638561  0  0.405308  -0.0362701  0.773062  1  
0.00540242  -0.0289228  0.999557  0  -0.0362411  -0.998921  -0.0287085  0  0.999328  -0.0360706  -0.00644491  0  0.405345  -0.0362101  0.773035  1  
0.00547137  -0.0288986  0.999558  0  -0.036115  -0.998926  -0.0286826  0  0.999333  -0.0359427  -0.00650929  0  0.405384  -0.0361498  0.773004  1  
0.00553093  -0.0288827  0.999558  0  -0.0359892  -0.998931  -0.0286655  0  0.999337  -0.0358154  -0.00656461  0  0.405419  -0.0360894  0.77298  1  
0.0055968  -0.0288547  0.999558  0  -0.0358641  -0.998937  -0.028636  0  0.999341  -0.0356887  -0.00662582  0  0.405458  -0.0360292  0.772952  1  
0.0056539  -0.028843  0.999558  0  -0.0357437  -0.998941  -0.028623  0  0.999345  -0.0355668  -0.006679  0  0.405493  -0.0359729  0.772926  1  
0.00572388  -0.0288248  0.999558  0  -0.0356162  -0.998946  -0.0286032  0  0.999349  -0.0354375  -0.00674461  0  0.405532  -0.0359139  0.772895  1  
0.00578115  -0.0288046  0.999559  0  -0.0354825  -0.998952  -0.0285819  0  0.999354  -0.0353023  -0.00679728  0  0.40557  -0.035849  0.772871  1  
0.00584759  -0.0287879  0.999559  0  -0.0353558  -0.998957  -0.0285637  0  0.999358  -0.0351738  -0.00685944  0  0.405608  -0.0357912  0.772842  1  
0.00590972  -0.0287719  0.999559  0  -0.0352257  -0.998962  -0.0285465  0  0.999362  -0.0350422  -0.00691723  0  0.405647  -0.0357293  0.772815  1  
0.00597368  -0.0287523  0.999559  0  -0.0350938  -0.998967  -0.0285256  0  0.999366  -0.0349086  -0.00697667  0  0.405687  -0.0356665  0.772787  1  
0.00603417  -0.0287305  0.999559  0  -0.0349604  -0.998973  -0.0285025  0  0.99937  -0.0347737  -0.00703253  0  0.405724  -0.0356038  0.772761  1  
0.00610219  -0.0287144  0.999559  0  -0.034833  -0.998977  -0.0284851  0  0.999375  -0.0346445  -0.0070963  0  0.405764  -0.0355434  0.77273  1  
0.00616628  -0.0286988  0.999559  0  -0.034705  -0.998982  -0.0284682  0  0.999379  -0.0345149  -0.00715613  0  0.405802  -0.0354843  0.772703  1  
0.00622972  -0.0286833  0.99956  0  -0.0345663  -0.998988  -0.0284515  0  0.999383  -0.0343745  -0.00721502  0  0.40584  -0.03542  0.772675  1  
0.0062981  -0.0286607  0.99956  0  -0.0344321  -0.998993  -0.0284275  0  0.999387  -0.0342385  -0.00727874  0  0.405882  -0.0353575  0.772646  1  
0.00635743  -0.0286432  0.99956  0  -0.0343017  -0.998998  -0.0284089  0  0.999391  -0.0341066  -0.00733371  0  0.405919  -0.0352946  0.77262  1  
0.00642626  -0.0286201  0.99956  0  -0.0341664  -0.999003  -0.0283845  0  0.999395  -0.0339696  -0.00739784  0  0.405961  -0.0352312  0.77259  1  
0.00649243  -0.0286044  0.99956  0  -0.0340375  -0.999008  -0.0283675  0  0.999399  -0.033839  -0.00745975  0  0.406002  -0.0351706  0.772561  1  
0.0065608  -0.0285846  0.99956  0  -0.0339026  -0.999013  -0.0283464  0  0.999404  -0.0337023  -0.00752357  0  0.406043  -0.035107  0.77253  1  
0.0066315  -0.0285678  0.99956  0  -0.0337613  -0.999019  -0.0283283  0  0.999408  -0.0335593  -0.00758962  0  0.406085  -0.0350409  0.772499  1  
0.00670063  -0.0285458  0.99956  0  -0.0336214  -0.999024  -0.0283051  0  0.999412  -0.0334176  -0.00765399  0  0.406127  -0.0349764  0.77247  1  
0.00676703  -0.0285255  0.999561  0  -0.0334813  -0.999029  -0.0282837  0  0.999416  -0.0332758  -0.00771568  0  0.406169  -0.0349109  0.77244  1  
0.00683521  -0.0285066  0.999561  0  -0.0333389  -0.999035  -0.0282636  0  0.999421  -0.0331317  -0.00777914  0  0.406211  -0.0348425  0.772411  1  
0.00690944  -0.0284852  0.999561  0  -0.0331986  -0.99904  -0.0282409  0  0.999425  -0.0329895  -0.00784863  0  0.406254  -0.0347781  0.772379  1  
0.00698047  -0.0284752  0.99956  0  -0.033058  -0.999045  -0.0282296  0  0.999429  -0.032847  -0.00791529  0  0.406296  -0.0347127  0.772347  1  
0.00705466  -0.0284567  0.999561  0  -0.0329169  -0.99905  -0.0282098  0  0.999433  -0.0327041  -0.00798482  0  0.406341  -0.0346478  0.772314  1  
0.00712035  -0.0284398  0.999561  0  -0.0327699  -0.999056  -0.028192  0  0.999438  -0.0325554  -0.00804575  0  0.406383  -0.0345796  0.772287  1  
0.00719417  -0.0284208  0.999561  0  -0.0326253  -0.999061  -0.0281717  0  0.999442  -0.0324089  -0.00811481  0  0.406428  -0.0345135  0.772253  1  
0.00725912  -0.0284039  0.999561  0  -0.0324808  -0.999066  -0.028154  0  0.999446  -0.0322627  -0.00817508  0  0.40647  -0.0344471  0.772224  1  
0.00733131  -0.0283812  0.999561  0  -0.0323272  -0.999072  -0.0281302  0  0.99945  -0.0321074  -0.00824215  0  0.406514  -0.0343753  0.772191  1  
0.00739729  -0.0283698  0.99956  0  -0.0321801  -0.999077  -0.0281179  0  0.999455  -0.0319586  -0.00830356  0  0.406555  -0.0343081  0.772162  1  
0.00746359  -0.0283441  0.999561  0  -0.0320225  -0.999083  -0.0280914  0  0.999459  -0.0317994  -0.00836456  0  0.406597  -0.0342348  0.772132  1  
0.00752282  -0.0283305  0.999561  0  -0.0318703  -0.999088  -0.0280772  0  0.999464  -0.0316457  -0.00841902  0  0.406638  -0.0341644  0.772106  1  
0.00759251  -0.0283074  0.999561  0  -0.0317139  -0.999094  -0.0280532  0  0.999468  -0.0314876  -0.00848353  0  0.40668  -0.0340931  0.772075  1  
0.00767106  -0.028297  0.99956  0  -0.0315647  -0.999099  -0.0280417  0  0.999472  -0.0313363  -0.0085575  0  0.406727  -0.0340253  0.772039  1  
0.0077357  -0.0282728  0.999561  0  -0.0314098  -0.999104  -0.0280168  0  0.999477  -0.0311799  -0.00861698  0  0.406769  -0.0339529  0.77201  1  
0.00780413  -0.0282562  0.999561  0  -0.0312551  -0.99911  -0.0279994  0  0.999481  -0.0310234  -0.0086805  0  0.406813  -0.0338815  0.771981  1  
0.00787617  -0.0282364  0.999561  0  -0.0310961  -0.999115  -0.0279787  0  0.999485  -0.0308626  -0.00874741  0  0.406858  -0.0338077  0.771947  1  
0.00793837  -0.0282167  0.999561  0  -0.0309431  -0.99912  -0.0279585  0  0.99949  -0.0307082  -0.00880467  0  0.4069  -0.0337376  0.771918  1  
0.00800665  -0.0281945  0.999561  0  -0.0307782  -0.999126  -0.0279357  0  0.999494  -0.0305416  -0.0088676  0  0.406945  -0.0336607  0.771886  1  
0.00806528  -0.0281751  0.999561  0  -0.0306254  -0.999131  -0.0279159  0  0.999498  -0.0303873  -0.00892132  0  0.406987  -0.0335908  0.771859  1  
0.00812675  -0.028162  0.999561  0  -0.0304675  -0.999137  -0.0279023  0  0.999503  -0.0302279  -0.00897793  0  0.407029  -0.0335183  0.77183  1  
0.0082023  -0.0281374  0.999561  0  -0.0303107  -0.999142  -0.0278769  0  0.999507  -0.0300693  -0.0090483  0  0.407077  -0.0334458  0.771795  1  
0.00826687  -0.0281273  0.999561  0  -0.0301494  -0.999147  -0.0278664  0  0.999511  -0.0299064  -0.00910802  0  0.40712  -0.0333723  0.771764  1  
