-0.00343378  -0.0307508  0.999512  0  -0.0502654  -0.998249  -0.0308847  0  0.99873  -0.0503479  0.00188209  0  0.400585  -0.0427703  0.776622  1  
-0.00342797  -0.0307477  0.999512  0  -0.0502662  -0.998249  -0.0308812  0  0.99873  -0.0503485  0.00187643  0  0.400585  -0.0427698  0.776619  1  
-0.00342074  -0.0307502  0.999512  0  -0.0502673  -0.998249  -0.0308834  0  0.99873  -0.0503494  0.00186905  0  0.400588  -0.0427708  0.776616  1  
-0.00342428  -0.0307508  0.999512  0  -0.050269  -0.998248  -0.0308842  0  0.99873  -0.0503512  0.0018725  0  0.400586  -0.0427718  0.776617  1  
-0.00342815  -0.030746  0.999512  0  -0.0502656  -0.998249  -0.0308795  0  0.99873  -0.0503479  0.00187672  0  0.400585  -0.0427693  0.776619  1  
-0.00342488  -0.0307515  0.999512  0  -0.0502662  -0.998249  -0.0308849  0  0.99873  -0.0503484  0.00187316  0  0.400586  -0.0427694  0.776617  1  
-0.00343542  -0.0307468  0.999512  0  -0.0502666  -0.998249  -0.0308807  0  0.99873  -0.0503492  0.0018839  0  0.400583  -0.0427708  0.77662  1  
-0.00344789  -0.0307521  0.999511  0  -0.0502641  -0.998249  -0.0308866  0  0.99873  -0.050347  0.00189616  0  0.40058  -0.0427701  0.776624  1  
-0.0034409  -0.0307458  0.999512  0  -0.0502648  -0.998249  -0.03088  0  0.99873  -0.0503475  0.00188948  0  0.400583  -0.0427707  0.776619  1  
-0.00344086  -0.0307534  0.999511  0  -0.0502576  -0.998249  -0.0308876  0  0.99873  -0.0503403  0.00188928  0  0.400582  -0.0427675  0.776619  1  
-0.00343694  -0.0307465  0.999512  0  -0.0502607  -0.998249  -0.0308805  0  0.99873  -0.0503433  0.00188561  0  0.400584  -0.0427693  0.776618  1  
-0.00343086  -0.0307519  0.999512  0  -0.0502547  -0.998249  -0.0308856  0  0.998731  -0.0503371  0.00187946  0  0.400588  -0.0427661  0.776616  1  
-0.0034217  -0.0307467  0.999512  0  -0.0502515  -0.998249  -0.0308799  0  0.998731  -0.0503336  0.00187068  0  0.400591  -0.0427648  0.776613  1  
-0.0034129  -0.0307544  0.999512  0  -0.0502505  -0.998249  -0.0308872  0  0.998731  -0.0503323  0.00186154  0  0.400597  -0.0427643  0.77661  1  
-0.00340693  -0.0307543  0.999512  0  -0.0502504  -0.998249  -0.0308868  0  0.998731  -0.0503321  0.00185558  0  0.4006  -0.042766  0.776608  1  
-0.00339528  -0.0307583  0.999511  0  -0.0502451  -0.998249  -0.0308901  0  0.998731  -0.0503264  0.00184392  0  0.400604  -0.0427627  0.776603  1  
-0.0033814  -0.0307524  0.999512  0  -0.05024  -0.99825  -0.0308836  0  0.998731  -0.0503209  0.00183051  0  0.40061  -0.042761  0.776598  1  
-0.00337437  -0.0307508  0.999512  0  -0.0502393  -0.99825  -0.0308815  0  0.998731  -0.0503199  0.0018236  0  0.400615  -0.0427606  0.776596  1  
-0.00336815  -0.0307521  0.999512  0  -0.0502365  -0.99825  -0.0308826  0  0.998732  -0.0503169  0.00181741  0  0.400618  -0.0427593  0.776593  1  
-0.00336256  -0.0307531  0.999512  0  -0.0502286  -0.99825  -0.0308833  0  0.998732  -0.0503089  0.00181202  0  0.400621  -0.0427554  0.776591  1  
-0.00335893  -0.0307484  0.999512  0  -0.0502224  -0.998251  -0.0308784  0  0.998732  -0.0503025  0.00180883  0  0.400624  -0.042752  0.776589  1  
-0.0033504  -0.030744  0.999512  0  -0.0502213  -0.998251  -0.0308735  0  0.998732  -0.0503012  0.00180057  0  0.400628  -0.0427509  0.776586  1  
-0.00334794  -0.0307445  0.999512  0  -0.0502156  -0.998251  -0.0308739  0  0.998733  -0.0502954  0.00179826  0  0.40063  -0.0427493  0.776585  1  
-0.00333982  -0.0307441  0.999512  0  -0.0502125  -0.998252  -0.0308731  0  0.998733  -0.0502921  0.00179027  0  0.400635  -0.042748  0.776582  1  
-0.00333604  -0.0307436  0.999512  0  -0.0502056  -0.998252  -0.0308724  0  0.998733  -0.050285  0.00178675  0  0.400637  -0.0427449  0.776582  1  
-0.00332589  -0.0307464  0.999512  0  -0.0501979  -0.998252  -0.0308746  0  0.998734  -0.050277  0.00177671  0  0.400643  -0.0427418  0.776578  1  
-0.00331106  -0.0307528  0.999512  0  -0.050187  -0.998253  -0.0308803  0  0.998734  -0.0502657  0.00176192  0  0.400651  -0.0427379  0.776573  1  
-0.00330561  -0.0307469  0.999512  0  -0.050183  -0.998253  -0.0308741  0  0.998735  -0.0502616  0.00175689  0  0.400656  -0.0427363  0.776572  1  
-0.0032953  -0.0307445  0.999512  0  -0.0501775  -0.998253  -0.0308712  0  0.998735  -0.0502558  0.00174689  0  0.40066  -0.0427343  0.776568  1  
-0.00328573  -0.0307453  0.999512  0  -0.0501652  -0.998254  -0.0308715  0  0.998736  -0.0502432  0.00173768  0  0.400666  -0.0427279  0.776565  1  
-0.00327583  -0.0307506  0.999512  0  -0.0501615  -0.998254  -0.0308763  0  0.998736  -0.0502392  0.00172765  0  0.400672  -0.0427275  0.776561  1  
-0.00326238  -0.0307542  0.999512  0  -0.0501548  -0.998254  -0.0308792  0  0.998736  -0.050232  0.00171425  0  0.400678  -0.0427246  0.776556  1  
-0.00325135  -0.0307516  0.999512  0  -0.0501533  -0.998255  -0.030876  0  0.998736  -0.0502302  0.00170341  0  0.400683  -0.0427245  0.776552  1  
-0.00324351  -0.030752  0.999512  0  -0.0501406  -0.998255  -0.0308761  0  0.998737  -0.0502173  0.00169596  0  0.400689  -0.0427187  0.77655  1  
-0.00323394  -0.0307537  0.999512  0  -0.0501389  -0.998255  -0.0308772  0  0.998737  -0.0502153  0.00168637  0  0.400693  -0.0427199  0.776546  1  
-0.0032105  -0.030753  0.999512  0  -0.0501295  -0.998256  -0.0308754  0  0.998738  -0.0502051  0.0016633  0  0.400703  -0.0427158  0.776536  1  
-0.00320604  -0.0307555  0.999512  0  -0.0501223  -0.998256  -0.0308777  0  0.998738  -0.0501979  0.00165894  0  0.400707  -0.0427138  0.776535  1  
-0.00318607  -0.0307549  0.999512  0  -0.0501168  -0.998256  -0.030876  0  0.998738  -0.0501917  0.00163921  0  0.400715  -0.0427108  0.776527  1  
-0.00316759  -0.0307466  0.999513  0  -0.0501061  -0.998257  -0.0308667  0  0.998739  -0.0501804  0.00162151  0  0.400724  -0.0427056  0.776521  1  
-0.0031498  -0.0307511  0.999512  0  -0.050102  -0.998257  -0.0308704  0  0.998739  -0.0501758  0.00160365  0  0.400732  -0.0427032  0.776513  1  
-0.00313069  -0.030746  0.999513  0  -0.0500936  -0.998258  -0.0308643  0  0.99874  -0.0501668  0.00158509  0  0.400741  -0.0426997  0.776506  1  
-0.00311411  -0.0307499  0.999513  0  -0.0500862  -0.998258  -0.0308674  0  0.99874  -0.0501589  0.00156857  0  0.400749  -0.0426963  0.7765  1  
-0.00309114  -0.0307452  0.999513  0  -0.0500743  -0.998259  -0.0308615  0  0.998741  -0.0501463  0.00154624  0  0.400759  -0.04269  0.776491  1  
-0.00306782  -0.0307486  0.999513  0  -0.0500656  -0.998259  -0.0308637  0  0.998741  -0.0501368  0.00152306  0  0.400769  -0.0426864  0.77648  1  
-0.0030454  -0.0307555  0.999513  0  -0.050063  -0.998259  -0.0308694  0  0.998741  -0.0501335  0.00150042  0  0.400778  -0.0426864  0.776471  1  
-0.0030162  -0.0307451  0.999513  0  -0.0500531  -0.99826  -0.0308576  0  0.998742  -0.0501228  0.00147209  0  0.40079  -0.0426802  0.776459  1  
-0.00300188  -0.0307542  0.999513  0  -0.0500465  -0.99826  -0.0308659  0  0.998742  -0.0501157  0.00145755  0  0.400797  -0.0426794  0.776453  1  
-0.00297352  -0.0307552  0.999513  0  -0.0500379  -0.998261  -0.0308655  0  0.998743  -0.0501063  0.00142945  0  0.400809  -0.042675  0.776441  1  
-0.00295227  -0.0307547  0.999513  0  -0.0500276  -0.998261  -0.0308639  0  0.998743  -0.0500953  0.00140858  0  0.400818  -0.0426707  0.776432  1  
-0.00292605  -0.0307551  0.999513  0  -0.0500209  -0.998262  -0.030863  0  0.998744  -0.0500878  0.00138259  0  0.400828  -0.0426675  0.776421  1  
-0.00289784  -0.0307562  0.999513  0  -0.0500125  -0.998262  -0.0308627  0  0.998744  -0.0500785  0.00135464  0  0.400841  -0.0426639  0.776409  1  
-0.00287174  -0.0307536  0.999513  0  -0.0500097  -0.998262  -0.0308588  0  0.998745  -0.0500749  0.0013288  0  0.400852  -0.0426632  0.776399  1  
-0.00284258  -0.0307541  0.999513  0  -0.0499962  -0.998263  -0.0308578  0  0.998745  -0.0500605  0.00130008  0  0.400864  -0.0426568  0.776387  1  
-0.00281616  -0.0307463  0.999514  0  -0.0499869  -0.998264  -0.0308487  0  0.998746  -0.0500504  0.00127438  0  0.400875  -0.0426503  0.776376  1  
-0.00279151  -0.0307519  0.999514  0  -0.0499795  -0.998264  -0.030853  0  0.998746  -0.0500422  0.00124972  0  0.400887  -0.0426484  0.776366  1  
-0.00276515  -0.0307568  0.999513  0  -0.0499713  -0.998264  -0.0308566  0  0.998747  -0.0500333  0.00122342  0  0.400898  -0.0426463  0.776356  1  
-0.00273842  -0.0307518  0.999514  0  -0.0499605  -0.998265  -0.0308503  0  0.998747  -0.0500216  0.00119731  0  0.40091  -0.0426402  0.776344  1  
-0.00270762  -0.0307481  0.999514  0  -0.0499563  -0.998265  -0.030845  0  0.998748  -0.0500165  0.00116688  0  0.400923  -0.0426385  0.776331  1  
-0.00268526  -0.0307589  0.999514  0  -0.0499507  -0.998265  -0.0308547  0  0.998748  -0.0500102  0.0011442  0  0.400933  -0.042637  0.776323  1  
-0.00264843  -0.0307552  0.999514  0  -0.049942  -0.998266  -0.0308491  0  0.998749  -0.0500003  0.00110789  0  0.400949  -0.0426328  0.776307  1  
-0.00262932  -0.0307577  0.999514  0  -0.04993  -0.998266  -0.0308506  0  0.998749  -0.0499878  0.00108905  0  0.400959  -0.0426267  0.776301  1  
-0.0026  -0.0307526  0.999514  0  -0.0499277  -0.998267  -0.0308441  0  0.998749  -0.0499846  0.00106011  0  0.400971  -0.042626  0.776288  1  
-0.00257235  -0.0307557  0.999514  0  -0.0499134  -0.998267  -0.0308458  0  0.99875  -0.0499695  0.00103279  0  0.400984  -0.0426183  0.776277  1  
-0.00254148  -0.0307499  0.999514  0  -0.049913  -0.998268  -0.0308384  0  0.99875  -0.0499681  0.00100228  0  0.400997  -0.0426189  0.776265  1  
-0.00251333  -0.0307537  0.999514  0  -0.0499063  -0.998268  -0.0308409  0  0.998751  -0.0499605  0.00097419  0  0.40101  -0.0426167  0.776255  1  
-0.00248102  -0.0307495  0.999514  0  -0.049896  -0.998269  -0.030835  0  0.998751  -0.0499492  0.000942471  0  0.401024  -0.0426109  0.776241  1  
-0.0024562  -0.0307509  0.999514  0  -0.0498871  -0.998269  -0.0308352  0  0.998752  -0.0499396  0.000917897  0  0.401037  -0.0426067  0.776232  1  
-0.00242118  -0.030748  0.999515  0  -0.0498826  -0.998269  -0.0308306  0  0.998752  -0.049934  0.000883213  0  0.401052  -0.0426044  0.776218  1  
-0.00239269  -0.0307465  0.999515  0  -0.0498706  -0.99827  -0.0308276  0  0.998753  -0.0499211  0.000855217  0  0.401067  -0.0425988  0.776207  1  
-0.00236199  -0.0307482  0.999515  0  -0.0498672  -0.99827  -0.0308278  0  0.998753  -0.0499168  0.000824595  0  0.401081  -0.0425977  0.776195  1  
-0.00232713  -0.030753  0.999515  0  -0.0498594  -0.998271  -0.0308308  0  0.998754  -0.0499079  0.000789794  0  0.401097  -0.0425946  0.776181  1  
-0.00228927  -0.0307547  0.999515  0  -0.0498562  -0.998271  -0.0308306  0  0.998754  -0.0499036  0.000752014  0  0.401114  -0.0425936  0.776166  1  
-0.00225555  -0.030753  0.999515  0  -0.049847  -0.998271  -0.0308272  0  0.998754  -0.0498933  0.000718723  0  0.40113  -0.0425895  0.776154  1  
-0.00221827  -0.0307558  0.999515  0  -0.0498403  -0.998272  -0.0308281  0  0.998755  -0.0498855  0.000681572  0  0.401147  -0.0425854  0.776138  1  
-0.00218328  -0.0307516  0.999515  0  -0.0498331  -0.998272  -0.0308222  0  0.998755  -0.0498771  0.000647068  0  0.401163  -0.0425825  0.776124  1  
-0.00214534  -0.0307562  0.999515  0  -0.0498257  -0.998272  -0.0308249  0  0.998756  -0.0498687  0.000609195  0  0.40118  -0.0425789  0.77611  1  
-0.00210662  -0.0307526  0.999515  0  -0.0498184  -0.998273  -0.0308194  0  0.998756  -0.0498601  0.000570945  0  0.401198  -0.0425765  0.776094  1  
-0.00206384  -0.0307529  0.999515  0  -0.0498086  -0.998274  -0.0308175  0  0.998757  -0.0498491  0.000528531  0  0.401217  -0.0425709  0.776077  1  
-0.00202556  -0.030755  0.999515  0  -0.0498033  -0.998274  -0.0308177  0  0.998757  -0.0498425  0.000490378  0  0.401235  -0.0425686  0.776062  1  
-0.00198084  -0.0307608  0.999515  0  -0.0497981  -0.998274  -0.0308213  0  0.998757  -0.049836  0.000445604  0  0.401255  -0.0425674  0.776045  1  
-0.00194243  -0.0307524  0.999516  0  -0.0497932  -0.998275  -0.030811  0  0.998758  -0.0498299  0.000407832  0  0.401274  -0.0425643  0.776031  1  
-0.00189726  -0.0307566  0.999515  0  -0.0497845  -0.998275  -0.0308129  0  0.998758  -0.0498198  0.000362792  0  0.401294  -0.0425603  0.776012  1  
-0.00184677  -0.0307483  0.999516  0  -0.0497806  -0.998275  -0.0308022  0  0.998758  -0.0498144  0.000312917  0  0.401315  -0.042557  0.775992  1  
-0.0018042  -0.0307585  0.999516  0  -0.049773  -0.998276  -0.0308102  0  0.998759  -0.0498054  0.000270148  0  0.401333  -0.0425546  0.775974  1  
-0.00176191  -0.0307474  0.999516  0  -0.0497683  -0.998276  -0.030797  0  0.998759  -0.0497995  0.000228628  0  0.401354  -0.0425519  0.775958  1  
-0.00171375  -0.0307537  0.999516  0  -0.049766  -0.998276  -0.0308009  0  0.998759  -0.0497956  0.000180311  0  0.401374  -0.0425509  0.775938  1  
-0.0016674  -0.0307479  0.999516  0  -0.0497593  -0.998277  -0.0307927  0  0.99876  -0.0497875  0.000134538  0  0.401395  -0.0425469  0.775919  1  
-0.00162055  -0.0307556  0.999516  0  -0.0497514  -0.998277  -0.0307981  0  0.99876  -0.0497782  8.76246e-05  0  0.401416  -0.0425435  0.7759  1  
-0.00157313  -0.0307576  0.999516  0  -0.0497539  -0.998277  -0.0307978  0  0.99876  -0.0497792  4.01061e-05  0  0.401436  -0.0425452  0.775881  1  
-0.00151983  -0.0307612  0.999516  0  -0.0497445  -0.998277  -0.0307987  0  0.998761  -0.0497682  -1.29881e-05  0  0.40146  -0.0425405  0.775859  1  
-0.00147564  -0.0307559  0.999516  0  -0.0497385  -0.998278  -0.0307912  0  0.998761  -0.0497608  -5.66573e-05  0  0.40148  -0.0425371  0.775842  1  
-0.00142423  -0.0307632  0.999516  0  -0.0497389  -0.998278  -0.0307959  0  0.998761  -0.0497597  -0.000108353  0  0.401502  -0.0425384  0.775821  1  
-0.00137396  -0.0307603  0.999516  0  -0.0497326  -0.998278  -0.0307905  0  0.998762  -0.0497518  -0.0001582  0  0.401524  -0.0425343  0.7758  1  
-0.00132091  -0.0307554  0.999516  0  -0.0497274  -0.998279  -0.030783  0  0.998762  -0.049745  -0.000210753  0  0.401547  -0.0425309  0.775779  1  
-0.0012739  -0.0307544  0.999517  0  -0.049725  -0.998279  -0.0307797  0  0.998762  -0.0497412  -0.00025756  0  0.401569  -0.0425295  0.77576  1  
-0.00122519  -0.0307594  0.999516  0  -0.0497255  -0.998279  -0.0307822  0  0.998762  -0.0497401  -0.000306448  0  0.40159  -0.0425301  0.77574  1  
-0.00116977  -0.030755  0.999517  0  -0.0497186  -0.998279  -0.0307751  0  0.998763  -0.0497315  -0.000361345  0  0.401615  -0.042526  0.775718  1  
-0.00112551  -0.0307534  0.999517  0  -0.049716  -0.99828  -0.0307713  0  0.998763  -0.0497275  -0.000405371  0  0.401635  -0.0425245  0.775701  1  
-0.00107216  -0.0307611  0.999517  0  -0.0497144  -0.99828  -0.0307763  0  0.998763  -0.0497244  -0.00045896  0  0.401659  -0.0425241  0.775679  1  
-0.00101571  -0.0307555  0.999517  0  -0.049713  -0.99828  -0.0307679  0  0.998763  -0.0497212  -0.000514995  0  0.401682  -0.0425232  0.775656  1  
-0.000966933  -0.0307644  0.999517  0  -0.0497096  -0.99828  -0.0307744  0  0.998763  -0.0497162  -0.000564026  0  0.401705  -0.0425213  0.775637  1  
-0.000913455  -0.0307591  0.999517  0  -0.0497039  -0.99828  -0.0307664  0  0.998764  -0.049709  -0.000616974  0  0.401729  -0.0425186  0.775616  1  
-0.000861607  -0.0307675  0.999517  0  -0.0497043  -0.99828  -0.0307723  0  0.998764  -0.0497077  -0.000669164  0  0.401753  -0.0425188  0.775594  1  
-0.000800098  -0.0307676  0.999517  0  -0.0497065  -0.99828  -0.0307693  0  0.998764  -0.049708  -0.000730639  0  0.401778  -0.0425202  0.775569  1  
-0.00074854  -0.0307677  0.999517  0  -0.0497018  -0.99828  -0.0307668  0  0.998764  -0.0497018  -0.000781971  0  0.401803  -0.0425181  0.775549  1  
-0.000694141  -0.0307656  0.999517  0  -0.0497036  -0.998281  -0.0307621  0  0.998764  -0.0497019  -0.000836229  0  0.401827  -0.0425171  0.775527  1  
-0.000635703  -0.0307659  0.999517  0  -0.049701  -0.998281  -0.0307595  0  0.998764  -0.0496975  -0.000894504  0  0.401852  -0.0425157  0.775504  1  
-0.000573314  -0.0307635  0.999517  0  -0.0496991  -0.998281  -0.0307539  0  0.998764  -0.0496937  -0.000956606  0  0.401881  -0.0425139  0.775479  1  
-0.000509716  -0.0307703  0.999517  0  -0.0497004  -0.998281  -0.0307576  0  0.998764  -0.049693  -0.00102048  0  0.401907  -0.0425151  0.775452  1  
-0.000458504  -0.0307624  0.999517  0  -0.0496988  -0.998281  -0.0307472  0  0.998764  -0.0496898  -0.00107116  0  0.401932  -0.0425129  0.775433  1  
-0.000401555  -0.0307694  0.999517  0  -0.0496962  -0.998281  -0.0307513  0  0.998764  -0.0496855  -0.00112828  0  0.401957  -0.0425115  0.77541  1  
-0.000336821  -0.0307656  0.999517  0  -0.0496947  -0.998282  -0.0307444  0  0.998764  -0.049682  -0.00119267  0  0.401985  -0.0425107  0.775383  1  
-0.000275737  -0.0307697  0.999517  0  -0.0496993  -0.998281  -0.0307454  0  0.998764  -0.0496847  -0.00125399  0  0.402011  -0.0425121  0.775359  1  
-0.000214075  -0.0307643  0.999517  0  -0.0497008  -0.998281  -0.030737  0  0.998764  -0.0496843  -0.00131533  0  0.402038  -0.042512  0.775334  1  
-0.000153647  -0.0307709  0.999517  0  -0.0497018  -0.998281  -0.0307405  0  0.998764  -0.0496835  -0.00137601  0  0.402065  -0.0425125  0.775309  1  
-9.82871e-05  -0.0307698  0.999517  0  -0.0497003  -0.998281  -0.0307366  0  0.998764  -0.0496803  -0.00143118  0  0.40209  -0.0425111  0.775287  1  
-3.53049e-05  -0.030771  0.999517  0  -0.049703  -0.998281  -0.0307348  0  0.998764  -0.049681  -0.0014942  0  0.402118  -0.0425122  0.775261  1  
1.71177e-05  -0.0307769  0.999517  0  -0.0497076  -0.998281  -0.030738  0  0.998764  -0.049684  -0.00154696  0  0.402142  -0.0425144  0.775241  1  
8.61099e-05  -0.0307738  0.999517  0  -0.049707  -0.998281  -0.0307315  0  0.998764  -0.0496813  -0.00161567  0  0.402172  -0.0425133  0.775213  1  
0.000156901  -0.030775  0.999517  0  -0.0497103  -0.998281  -0.0307292  0  0.998764  -0.0496824  -0.0016865  0  0.402202  -0.0425139  0.775184  1  
0.00022244  -0.0307742  0.999517  0  -0.0497097  -0.998281  -0.0307251  0  0.998764  -0.0496798  -0.00175187  0  0.402232  -0.0425128  0.775158  1  
0.000292198  -0.0307766  0.999517  0  -0.0497099  -0.998281  -0.030724  0  0.998764  -0.0496778  -0.00182163  0  0.402263  -0.042512  0.775129  1  
0.000360422  -0.0307757  0.999517  0  -0.049714  -0.998281  -0.0307198  0  0.998763  -0.0496798  -0.00188982  0  0.402292  -0.0425138  0.775102  1  
0.000427749  -0.0307792  0.999516  0  -0.0497177  -0.998281  -0.0307199  0  0.998763  -0.0496815  -0.00195732  0  0.402321  -0.0425146  0.775074  1  
0.000498306  -0.0307801  0.999516  0  -0.0497173  -0.998281  -0.0307173  0  0.998763  -0.0496789  -0.00202779  0  0.402353  -0.0425146  0.775047  1  
0.000562159  -0.0307811  0.999516  0  -0.0497198  -0.998281  -0.0307151  0  0.998763  -0.0496794  -0.00209166  0  0.402381  -0.0425145  0.77502  1  
0.000636503  -0.0307789  0.999516  0  -0.0497203  -0.998281  -0.0307092  0  0.998763  -0.0496776  -0.00216578  0  0.402413  -0.0425139  0.77499  1  
0.000700287  -0.0307823  0.999516  0  -0.049724  -0.998281  -0.0307095  0  0.998763  -0.0496794  -0.00222975  0  0.402442  -0.0425147  0.774965  1  
0.000767264  -0.030785  0.999516  0  -0.0497304  -0.998281  -0.0307088  0  0.998762  -0.0496838  -0.00229694  0  0.402471  -0.0425181  0.774937  1  
0.000833627  -0.0307831  0.999516  0  -0.0497306  -0.998281  -0.0307036  0  0.998762  -0.0496819  -0.0023631  0  0.402501  -0.0425165  0.774911  1  
0.000909739  -0.0307828  0.999516  0  -0.0497305  -0.998281  -0.0306995  0  0.998762  -0.0496795  -0.00243907  0  0.402534  -0.0425156  0.77488  1  
0.000983257  -0.0307875  0.999516  0  -0.0497352  -0.998281  -0.0307005  0  0.998762  -0.0496819  -0.00251284  0  0.402567  -0.0425181  0.77485  1  
0.00106251  -0.0307874  0.999516  0  -0.049739  -0.998281  -0.0306964  0  0.998762  -0.0496833  -0.00259207  0  0.402601  -0.0425178  0.774818  1  
0.00113726  -0.0307819  0.999516  0  -0.0497384  -0.998281  -0.0306872  0  0.998762  -0.0496804  -0.0026664  0  0.402634  -0.0425171  0.774788  1  
0.0012122  -0.0307852  0.999516  0  -0.0497419  -0.998281  -0.0306868  0  0.998761  -0.0496816  -0.00274149  0  0.402667  -0.0425187  0.774757  1  
0.00128392  -0.0307917  0.999515  0  -0.0497483  -0.998281  -0.0306897  0  0.998761  -0.0496857  -0.0028136  0  0.402699  -0.042521  0.774728  1  
0.00136017  -0.0307912  0.999515  0  -0.0497455  -0.998281  -0.0306855  0  0.998761  -0.0496806  -0.00288961  0  0.402733  -0.042519  0.774698  1  
0.00143686  -0.0307878  0.999515  0  -0.0497485  -0.998281  -0.0306783  0  0.998761  -0.0496812  -0.00296609  0  0.402766  -0.0425188  0.774667  1  
0.00151339  -0.0307848  0.999515  0  -0.0497514  -0.998281  -0.0306714  0  0.99876  -0.0496818  -0.00304243  0  0.402799  -0.0425187  0.774636  1  
0.00159155  -0.0307911  0.999515  0  -0.0497549  -0.998281  -0.0306739  0  0.99876  -0.0496829  -0.00312088  0  0.402833  -0.0425202  0.774604  1  
0.00166586  -0.0307917  0.999515  0  -0.0497582  -0.998281  -0.0306707  0  0.99876  -0.049684  -0.00319519  0  0.402866  -0.0425213  0.774573  1  
0.00174674  -0.0307946  0.999515  0  -0.0497559  -0.998281  -0.0306696  0  0.99876  -0.0496792  -0.00327601  0  0.402901  -0.0425193  0.77454  1  
0.00181718  -0.0307891  0.999515  0  -0.0497607  -0.998281  -0.0306606  0  0.998759  -0.0496818  -0.0033462  0  0.402934  -0.0425198  0.774513  1  
0.00190659  -0.0307959  0.999514  0  -0.0497643  -0.998281  -0.030663  0  0.998759  -0.0496826  -0.00343591  0  0.402971  -0.0425212  0.774475  1  
0.00198099  -0.0307978  0.999514  0  -0.0497691  -0.99828  -0.0306611  0  0.998759  -0.0496851  -0.00351043  0  0.403004  -0.0425236  0.774445  1  
0.00206936  -0.0307957  0.999514  0  -0.0497737  -0.99828  -0.0306547  0  0.998758  -0.0496871  -0.00359869  0  0.403042  -0.0425248  0.774409  1  
0.00214842  -0.0307938  0.999514  0  -0.0497736  -0.998281  -0.0306489  0  0.998758  -0.0496845  -0.00367752  0  0.403077  -0.0425234  0.774378  1  
0.00222996  -0.0308018  0.999513  0  -0.0497774  -0.99828  -0.0306527  0  0.998758  -0.0496858  -0.00375943  0  0.403113  -0.0425261  0.774345  1  
0.00231208  -0.0307996  0.999513  0  -0.0497773  -0.99828  -0.0306465  0  0.998758  -0.0496832  -0.0038413  0  0.403148  -0.0425247  0.774311  1  
0.00239902  -0.0307962  0.999513  0  -0.0497792  -0.998281  -0.0306387  0  0.998757  -0.0496824  -0.00392798  0  0.403186  -0.0425243  0.774275  1  
0.00248407  -0.0308032  0.999513  0  -0.0497865  -0.99828  -0.0306415  0  0.998757  -0.0496871  -0.00401346  0  0.403223  -0.0425274  0.77424  1  
0.00256738  -0.0308005  0.999513  0  -0.0497845  -0.99828  -0.0306347  0  0.998757  -0.0496825  -0.00409643  0  0.40326  -0.0425251  0.774206  1  
0.0026555  -0.0308069  0.999512  0  -0.0497916  -0.99828  -0.0306367  0  0.998756  -0.049687  -0.00418494  0  0.403297  -0.0425278  0.774171  1  
0.00274108  -0.0308036  0.999512  0  -0.0497936  -0.99828  -0.030629  0  0.998756  -0.0496863  -0.00427027  0  0.403335  -0.0425285  0.774135  1  
0.00282213  -0.030813  0.999512  0  -0.0497961  -0.99828  -0.0306345  0  0.998755  -0.0496862  -0.00435172  0  0.403371  -0.0425297  0.774103  1  
0.0029124  -0.0308064  0.999511  0  -0.049796  -0.99828  -0.0306233  0  0.998755  -0.0496835  -0.00444151  0  0.40341  -0.0425282  0.774066  1  
0.00299964  -0.0308095  0.999511  0  -0.0497986  -0.99828  -0.0306221  0  0.998755  -0.0496833  -0.00452884  0  0.403449  -0.0425275  0.774031  1  
0.00308645  -0.0307998  0.999511  0  -0.0497998  -0.99828  -0.0306081  0  0.998754  -0.0496819  -0.00461505  0  0.403486  -0.0425274  0.773996  1  
0.00317764  -0.0308139  0.99951  0  -0.0498053  -0.99828  -0.0306176  0  0.998754  -0.0496846  -0.00470696  0  0.403526  -0.0425298  0.773959  1  
0.00326505  -0.0308125  0.99951  0  -0.049811  -0.99828  -0.0306119  0  0.998753  -0.0496876  -0.00479433  0  0.403564  -0.0425319  0.773923  1  
0.00335456  -0.0308125  0.99951  0  -0.0498128  -0.99828  -0.0306074  0  0.998753  -0.0496867  -0.00488374  0  0.403604  -0.0425311  0.773886  1  
0.00345402  -0.0308139  0.99951  0  -0.0498118  -0.99828  -0.0306038  0  0.998753  -0.0496826  -0.00498307  0  0.403646  -0.0425307  0.773846  1  
0.00354169  -0.0308188  0.999509  0  -0.0498168  -0.99828  -0.0306044  0  0.998752  -0.0496849  -0.00507098  0  0.403686  -0.042532  0.77381  1  
0.00363013  -0.0308185  0.999509  0  -0.049826  -0.998279  -0.0305996  0  0.998751  -0.0496914  -0.00515954  0  0.403725  -0.0425362  0.773774  1  
0.00372508  -0.0308197  0.999508  0  -0.0498231  -0.99828  -0.0305961  0  0.998751  -0.0496855  -0.0052543  0  0.403767  -0.0425336  0.773735  1  
0.00382699  -0.0308168  0.999508  0  -0.0498266  -0.99828  -0.0305881  0  0.998751  -0.049686  -0.00535601  0  0.403811  -0.0425336  0.773694  1  
0.00391865  -0.0308228  0.999508  0  -0.0498323  -0.998279  -0.0305895  0  0.99875  -0.0496888  -0.00544798  0  0.403851  -0.0425359  0.773657  1  
0.00401213  -0.0308236  0.999507  0  -0.0498341  -0.998279  -0.0305857  0  0.998749  -0.0496878  -0.0055414  0  0.403892  -0.0425354  0.773619  1  
0.0041089  -0.0308271  0.999507  0  -0.0498412  -0.998279  -0.0305844  0  0.998749  -0.0496919  -0.0056384  0  0.403934  -0.0425385  0.773578  1  
0.00420101  -0.0308237  0.999506  0  -0.0498489  -0.998279  -0.0305763  0  0.998748  -0.0496968  -0.00573042  0  0.403975  -0.042541  0.773542  1  
0.0042982  -0.0308286  0.999506  0  -0.0498514  -0.998279  -0.0305764  0  0.998747  -0.0496963  -0.00582777  0  0.404017  -0.0425416  0.773502  1  
0.00439625  -0.0308273  0.999505  0  -0.0498529  -0.998279  -0.0305702  0  0.998747  -0.0496948  -0.00592562  0  0.40406  -0.0425414  0.773462  1  
0.00449264  -0.0308336  0.999505  0  -0.0498557  -0.998279  -0.0305717  0  0.998746  -0.0496946  -0.00602225  0  0.404102  -0.0425421  0.773423  1  
0.0045845  -0.0308302  0.999504  0  -0.0498634  -0.998279  -0.0305637  0  0.998746  -0.0496995  -0.00611403  0  0.404143  -0.042545  0.773386  1  
0.0046842  -0.030835  0.999504  0  -0.0498648  -0.998279  -0.0305635  0  0.998745  -0.0496979  -0.00621384  0  0.404185  -0.0425446  0.773345  1  
0.00477471  -0.0308332  0.999504  0  -0.0498662  -0.998279  -0.0305572  0  0.998744  -0.0496965  -0.00630415  0  0.404226  -0.0425447  0.773308  1  
0.00487231  -0.0308364  0.999503  0  -0.0498713  -0.998278  -0.0305555  0  0.998744  -0.0496986  -0.0064019  0  0.404267  -0.0425458  0.773269  1  
0.00497062  -0.0308354  0.999502  0  -0.0498745  -0.998279  -0.0305496  0  0.998743  -0.0496988  -0.00650009  0  0.404309  -0.0425466  0.773228  1  
0.00506499  -0.0308437  0.999502  0  -0.0498774  -0.998278  -0.0305532  0  0.998742  -0.0496987  -0.0065948  0  0.404352  -0.0425478  0.773189  1  
0.00516155  -0.0308335  0.999502  0  -0.0498812  -0.998279  -0.0305382  0  0.998742  -0.0496997  -0.00669081  0  0.404395  -0.0425476  0.77315  1  
0.00526231  -0.0308377  0.999501  0  -0.0498851  -0.998278  -0.0305373  0  0.998741  -0.0497004  -0.00679172  0  0.404439  -0.0425496  0.773109  1  
0.00536103  -0.0308439  0.9995  0  -0.0498863  -0.998278  -0.0305386  0  0.99874  -0.0496987  -0.00689062  0  0.404483  -0.0425503  0.773068  1  
0.00546243  -0.0308494  0.999499  0  -0.0498933  -0.998278  -0.030539  0  0.99874  -0.0497025  -0.00699234  0  0.404527  -0.0425532  0.773027  1  
0.00556343  -0.0308443  0.999499  0  -0.0498929  -0.998278  -0.0305289  0  0.998739  -0.049699  -0.0070929  0  0.404571  -0.0425512  0.772986  1  
0.00567128  -0.0308504  0.999498  0  -0.0499008  -0.998278  -0.0305296  0  0.998738  -0.0497036  -0.00720111  0  0.404617  -0.0425543  0.772943  1  
0.00576855  -0.0308523  0.999498  0  -0.0499042  -0.998278  -0.0305266  0  0.998737  -0.049704  -0.00729842  0  0.40466  -0.042555  0.772903  1  
0.00587  -0.0308588  0.999497  0  -0.0499065  -0.998278  -0.0305281  0  0.998737  -0.0497032  -0.00740008  0  0.404704  -0.0425565  0.772861  1  
0.00629734  -0.030866  0.999494  0  -0.0499222  -0.998277  -0.0305139  0  0.998733  -0.0497057  -0.00782754  0  0.404891  -0.0425604  0.772686  1  
0.00640936  -0.0308623  0.999493  0  -0.0499274  -0.998277  -0.0305046  0  0.998732  -0.0497076  -0.00793935  0  0.40494  -0.0425624  0.772641  1  
0.00651213  -0.0308705  0.999493  0  -0.0499325  -0.998277  -0.0305076  0  0.998731  -0.0497094  -0.00804251  0  0.404984  -0.0425647  0.772598  1  
0.00661726  -0.0308657  0.999492  0  -0.0499375  -0.998277  -0.0304976  0  0.99873  -0.0497112  -0.00814737  0  0.405031  -0.0425653  0.772556  1  
0.00672494  -0.0308756  0.999491  0  -0.0499447  -0.998276  -0.030502  0  0.998729  -0.0497151  -0.00825558  0  0.405078  -0.0425693  0.772512  1  
0.00684115  -0.0308773  0.99949  0  -0.0499448  -0.998277  -0.0304979  0  0.998729  -0.0497116  -0.00837168  0  0.405127  -0.0425689  0.772464  1  
0.00694921  -0.0308807  0.999489  0  -0.0499539  -0.998276  -0.0304959  0  0.998727  -0.0497174  -0.00848  0  0.405175  -0.0425724  0.77242  1  
0.0070652  -0.0308861  0.999488  0  -0.0499556  -0.998276  -0.0304955  0  0.998726  -0.0497156  -0.00859612  0  0.405225  -0.0425733  0.772372  1  
0.00717733  -0.0308852  0.999488  0  -0.0499603  -0.998276  -0.030489  0  0.998725  -0.0497169  -0.00870815  0  0.405274  -0.0425738  0.772327  1  
0.0072851  -0.0308831  0.999487  0  -0.0499666  -0.998276  -0.0304815  0  0.998724  -0.0497199  -0.00881584  0  0.405322  -0.0425768  0.772283  1  
0.00739226  -0.0308947  0.999486  0  -0.0499721  -0.998276  -0.0304877  0  0.998723  -0.0497219  -0.00892355  0  0.40537  -0.0425793  0.772238  1  
0.00750738  -0.0308935  0.999485  0  -0.0499767  -0.998276  -0.0304807  0  0.998722  -0.0497231  -0.00903856  0  0.405419  -0.0425816  0.772191  1  
0.00762322  -0.0308971  0.999484  0  -0.0499813  -0.998275  -0.0304785  0  0.998721  -0.0497242  -0.00915453  0  0.405471  -0.042582  0.772144  1  
0.00773347  -0.0308983  0.999483  0  -0.0499911  -0.998275  -0.0304742  0  0.99872  -0.0497305  -0.00926495  0  0.405519  -0.0425867  0.772099  1  
0.00785079  -0.0309006  0.999482  0  -0.0499931  -0.998275  -0.0304706  0  0.998719  -0.0497289  -0.00938225  0  0.405571  -0.0425861  0.772051  1  
0.00796724  -0.0309045  0.999481  0  -0.0499996  -0.998275  -0.0304687  0  0.998717  -0.0497319  -0.00949889  0  0.405623  -0.0425893  0.772002  1  
0.00808097  -0.0309123  0.99948  0  -0.0500089  -0.998274  -0.0304707  0  0.998716  -0.0497376  -0.00961309  0  0.405672  -0.0425936  0.771956  1  
0.00819278  -0.0309107  0.999479  0  -0.0500099  -0.998274  -0.0304635  0  0.998715  -0.0497352  -0.00972468  0  0.405723  -0.0425936  0.771911  1  
0.0083039  -0.0309163  0.999478  0  -0.0500195  -0.998274  -0.0304634  0  0.998714  -0.0497413  -0.00983617  0  0.405773  -0.0425986  0.771865  1  
0.00843198  -0.0309178  0.999477  0  -0.0500237  -0.998274  -0.0304586  0  0.998712  -0.0497417  -0.00996424  0  0.405829  -0.0425995  0.771813  1  
0.00854422  -0.0309214  0.999476  0  -0.0500316  -0.998274  -0.0304565  0  0.998711  -0.0497461  -0.0100767  0  0.405881  -0.0426027  0.771767  1  
0.00866331  -0.0309218  0.999475  0  -0.0500368  -0.998273  -0.0304509  0  0.99871  -0.0497476  -0.0101958  0  0.405934  -0.0426043  0.771718  1  
0.00878176  -0.0309304  0.999473  0  -0.0500445  -0.998273  -0.0304536  0  0.998708  -0.0497517  -0.0103147  0  0.405988  -0.042609  0.77167  1  
0.00889671  -0.0309308  0.999472  0  -0.0500513  -0.998273  -0.0304482  0  0.998707  -0.049755  -0.0104297  0  0.40604  -0.042611  0.771623  1  
0.00902107  -0.0309383  0.999471  0  -0.0500578  -0.998272  -0.0304494  0  0.998706  -0.0497575  -0.0105544  0  0.406095  -0.0426133  0.771572  1  
0.00914131  -0.0309392  0.99947  0  -0.0500631  -0.998272  -0.0304442  0  0.998704  -0.0497592  -0.0106746  0  0.406149  -0.0426159  0.771523  1  
0.00926108  -0.030942  0.999469  0  -0.0500685  -0.998272  -0.030441  0  0.998703  -0.049761  -0.0107945  0  0.406203  -0.0426188  0.771475  1  
0.00937944  -0.0309473  0.999467  0  -0.050076  -0.998272  -0.0304404  0  0.998701  -0.0497648  -0.0109132  0  0.406258  -0.0426214  0.771426  1  
0.00950115  -0.0309468  0.999466  0  -0.0500865  -0.998271  -0.0304337  0  0.9987  -0.0497716  -0.011035  0  0.406312  -0.042626  0.771375  1  
0.00961363  -0.0309516  0.999465  0  -0.0500896  -0.998271  -0.0304328  0  0.998698  -0.0497712  -0.0111476  0  0.406365  -0.0426276  0.771329  1  
0.00973443  -0.0309578  0.999464  0  -0.0500936  -0.998271  -0.030433  0  0.998697  -0.0497714  -0.0112686  0  0.40642  -0.04263  0.771279  1  
0.00985984  -0.0309653  0.999462  0  -0.0501043  -0.998271  -0.0304341  0  0.998695  -0.0497783  -0.0113945  0  0.406475  -0.0426348  0.771226  1  
0.00997674  -0.0309644  0.999461  0  -0.0501086  -0.998271  -0.0304273  0  0.998694  -0.049779  -0.0115113  0  0.406531  -0.0426354  0.771178  1  
0.0101072  -0.0309699  0.99946  0  -0.0501163  -0.99827  -0.0304262  0  0.998692  -0.0497827  -0.0116421  0  0.406589  -0.0426394  0.771125  1  
0.010232  -0.0309773  0.999458  0  -0.0501289  -0.99827  -0.0304272  0  0.99869  -0.0497913  -0.0117674  0  0.406644  -0.042646  0.771073  1  
0.0103601  -0.03098  0.999457  0  -0.0501311  -0.99827  -0.0304236  0  0.998689  -0.0497897  -0.0118954  0  0.406702  -0.0426464  0.77102  1  
0.010482  -0.030984  0.999455  0  -0.0501393  -0.998269  -0.0304214  0  0.998687  -0.049794  -0.0120177  0  0.406757  -0.0426504  0.77097  1  
0.0106031  -0.0309866  0.999454  0  -0.0501493  -0.998269  -0.0304178  0  0.998685  -0.0498003  -0.0121389  0  0.406813  -0.0426552  0.770919  1  
0.0107383  -0.0309915  0.999452  0  -0.0501521  -0.998269  -0.030416  0  0.998684  -0.0497989  -0.0122742  0  0.406873  -0.0426565  0.770864  1  
0.010864  -0.0309914  0.999451  0  -0.0501572  -0.998269  -0.0304096  0  0.998682  -0.0498002  -0.0123999  0  0.406929  -0.0426589  0.770811  1  
0.0109836  -0.0309994  0.999449  0  -0.0501692  -0.998268  -0.0304114  0  0.99868  -0.0498085  -0.01252  0  0.406984  -0.042664  0.770762  1  
0.0111117  -0.0310062  0.999448  0  -0.0501756  -0.998268  -0.0304117  0  0.998679  -0.0498109  -0.0126484  0  0.40704  -0.0426688  0.770708  1  
0.0112327  -0.0310106  0.999446  0  -0.0501772  -0.998268  -0.0304101  0  0.998677  -0.0498088  -0.0127696  0  0.407096  -0.0426687  0.770658  1  
0.0113534  -0.031021  0.999445  0  -0.0501898  -0.998267  -0.0304143  0  0.998675  -0.0498176  -0.0128909  0  0.40715  -0.0426752  0.770607  1  
0.0114829  -0.0310199  0.999443  0  -0.0502002  -0.998267  -0.0304067  0  0.998673  -0.049824  -0.0130204  0  0.407208  -0.04268  0.770553  1  
0.011614  -0.0310233  0.999442  0  -0.0502091  -0.998266  -0.0304034  0  0.998671  -0.049829  -0.0131518  0  0.407266  -0.0426851  0.770498  1  
0.0117379  -0.0310338  0.99944  0  -0.050212  -0.998266  -0.0304077  0  0.99867  -0.0498279  -0.013276  0  0.407323  -0.0426862  0.770445  1  
0.0118617  -0.0310372  0.999438  0  -0.0502283  -0.998265  -0.0304047  0  0.998667  -0.0498404  -0.0134003  0  0.40738  -0.0426944  0.770393  1  
0.0119844  -0.0310438  0.999437  0  -0.0502324  -0.998265  -0.0304051  0  0.998666  -0.0498406  -0.0135233  0  0.407438  -0.0426961  0.770341  1  
0.0121059  -0.0310442  0.999435  0  -0.0502412  -0.998265  -0.0303993  0  0.998664  -0.0498458  -0.0136449  0  0.407493  -0.042701  0.770289  1  
0.0122351  -0.0310559  0.999433  0  -0.0502493  -0.998264  -0.0304044  0  0.998662  -0.0498498  -0.0137747  0  0.407552  -0.0427055  0.770234  1  
0.0123644  -0.0310555  0.999432  0  -0.0502563  -0.998264  -0.0303974  0  0.99866  -0.0498529  -0.013904  0  0.407611  -0.0427086  0.770179  1  
0.0124887  -0.0310693  0.99943  0  -0.0502679  -0.998263  -0.0304049  0  0.998658  -0.0498605  -0.014029  0  0.40767  -0.042715  0.770126  1  
0.0126169  -0.0310666  0.999428  0  -0.0502769  -0.998263  -0.0303957  0  0.998656  -0.0498656  -0.0141572  0  0.407728  -0.0427186  0.770072  1  
0.0127379  -0.0310736  0.999426  0  -0.0502816  -0.998263  -0.0303965  0  0.998654  -0.0498665  -0.0142785  0  0.407785  -0.0427205  0.77002  1  
0.0128629  -0.0310751  0.999425  0  -0.0502931  -0.998262  -0.0303917  0  0.998652  -0.0498742  -0.0144037  0  0.407843  -0.0427266  0.769966  1  
0.0129906  -0.0310821  0.999423  0  -0.0502985  -0.998262  -0.0303923  0  0.99865  -0.0498756  -0.0145317  0  0.407903  -0.0427288  0.769913  1  
0.0131179  -0.0310859  0.999421  0  -0.0503094  -0.998262  -0.0303895  0  0.998647  -0.0498826  -0.0146593  0  0.407962  -0.0427354  0.769858  1  
0.0132458  -0.0310951  0.999419  0  -0.0503175  -0.998261  -0.0303922  0  0.998645  -0.0498867  -0.0147877  0  0.408022  -0.0427384  0.769803  1  
0.0133716  -0.0310978  0.999417  0  -0.0503272  -0.998261  -0.0303885  0  0.998643  -0.0498925  -0.0149137  0  0.40808  -0.042744  0.76975  1  
0.0134979  -0.0311113  0.999415  0  -0.0503341  -0.99826  -0.0303955  0  0.998641  -0.0498953  -0.0150407  0  0.408139  -0.0427478  0.769696  1  
0.0136159  -0.0311073  0.999414  0  -0.0503425  -0.99826  -0.0303855  0  0.998639  -0.0499002  -0.0151585  0  0.408193  -0.042752  0.769645  1  
0.0137362  -0.0311173  0.999412  0  -0.050353  -0.998259  -0.0303893  0  0.998637  -0.0499069  -0.0152794  0  0.408251  -0.0427572  0.769594  1  
0.0138616  -0.0311214  0.99941  0  -0.0503633  -0.998259  -0.0303871  0  0.998635  -0.0499133  -0.0154052  0  0.408309  -0.0427631  0.769539  1  
0.0139836  -0.0311311  0.999408  0  -0.0503751  -0.998258  -0.0303904  0  0.998632  -0.0499213  -0.0155277  0  0.408367  -0.0427692  0.769487  1  
0.0141065  -0.0311343  0.999406  0  -0.0503804  -0.998258  -0.0303874  0  0.99863  -0.0499228  -0.0156508  0  0.408425  -0.0427724  0.769435  1  
0.014238  -0.0311431  0.999404  0  -0.0503905  -0.998257  -0.0303895  0  0.998628  -0.0499287  -0.0157828  0  0.408485  -0.042778  0.769379  1  
0.0143545  -0.0311479  0.999402  0  -0.0504034  -0.998257  -0.0303883  0  0.998626  -0.049938  -0.0158997  0  0.40854  -0.0427846  0.76933  1  
0.0144771  -0.0311591  0.9994  0  -0.050415  -0.998256  -0.0303931  0  0.998623  -0.0499457  -0.0160231  0  0.408598  -0.0427916  0.769276  1  
0.0146108  -0.0311622  0.999398  0  -0.050416  -0.998256  -0.0303896  0  0.998621  -0.0499426  -0.0161568  0  0.408659  -0.0427929  0.76922  1  
0.0147397  -0.0311693  0.999396  0  -0.050428  -0.998256  -0.03039  0  0.998619  -0.0499506  -0.0162861  0  0.408718  -0.0427992  0.769166  1  
0.0148577  -0.0311786  0.999394  0  -0.0504403  -0.998255  -0.0303932  0  0.998617  -0.0499591  -0.0164047  0  0.408775  -0.0428064  0.769116  1  
0.0149854  -0.031188  0.999392  0  -0.0504481  -0.998254  -0.030396  0  0.998614  -0.0499628  -0.0165329  0  0.408834  -0.0428108  0.769061  1  
0.0151105  -0.0311916  0.99939  0  -0.0504615  -0.998254  -0.0303932  0  0.998612  -0.0499724  -0.0166584  0  0.40889  -0.0428178  0.769007  1  
0.015234  -0.0311971  0.999388  0  -0.050471  -0.998253  -0.0303924  0  0.998609  -0.049978  -0.0167822  0  0.408949  -0.0428229  0.768954  1  
0.015363  -0.0312029  0.999385  0  -0.0504804  -0.998253  -0.0303915  0  0.998607  -0.0499835  -0.0169117  0  0.409008  -0.0428283  0.7689  1  
0.0154913  -0.0312163  0.999383  0  -0.0504904  -0.998252  -0.0303984  0  0.998604  -0.0499893  -0.0170407  0  0.409066  -0.0428347  0.768844  1  
0.0156149  -0.0312187  0.999381  0  -0.0505061  -0.998252  -0.0303943  0  0.998602  -0.0500012  -0.0171646  0  0.409124  -0.0428437  0.768792  1  
0.0157394  -0.0312337  0.999379  0  -0.0505143  -0.998251  -0.0304029  0  0.998599  -0.0500053  -0.0172899  0  0.409182  -0.0428491  0.768739  1  
0.0158738  -0.0312377  0.999376  0  -0.0505252  -0.99825  -0.0303999  0  0.998597  -0.0500121  -0.0174246  0  0.409242  -0.0428555  0.768683  1  
0.0159987  -0.0312451  0.999374  0  -0.0505337  -0.99825  -0.030401  0  0.998594  -0.0500166  -0.01755  0  0.4093  -0.0428597  0.76863  1  
0.0161298  -0.0312563  0.999372  0  -0.0505461  -0.998249  -0.0304054  0  0.998591  -0.0500249  -0.0176818  0  0.40936  -0.0428686  0.768574  1  
0.0162708  -0.0312627  0.999369  0  -0.050559  -0.998249  -0.0304045  0  0.998589  -0.0500333  -0.0178233  0  0.409424  -0.0428745  0.768514  1  
0.016404  -0.0312668  0.999367  0  -0.050561  -0.998248  -0.0304019  0  0.998586  -0.0500313  -0.0179565  0  0.409485  -0.0428768  0.768458  1  
