-0.00217771  -0.0310324  0.999506  0  -0.0504657  -0.998232  -0.0311027  0  0.998723  -0.0505095  0.000607804  0  0.400781  -0.042929  0.77605  1  
-0.00217131  -0.0310394  0.999506  0  -0.050465  -0.998232  -0.0311094  0  0.998723  -0.0505086  0.000601076  0  0.400782  -0.0429296  0.776047  1  
-0.00217796  -0.0310325  0.999506  0  -0.0504696  -0.998232  -0.0311029  0  0.998723  -0.0505134  0.000607928  0  0.40078  -0.042932  0.77605  1  
-0.00217252  -0.0310353  0.999506  0  -0.0504673  -0.998232  -0.0311055  0  0.998723  -0.0505109  0.000602417  0  0.400782  -0.0429306  0.776048  1  
-0.00216946  -0.0310363  0.999506  0  -0.0504654  -0.998232  -0.0311062  0  0.998723  -0.0505089  0.000599379  0  0.400782  -0.0429302  0.776046  1  
-0.00216648  -0.031043  0.999506  0  -0.0504659  -0.998231  -0.0311128  0  0.998723  -0.0505094  0.000596045  0  0.400783  -0.042931  0.776043  1  
-0.00216876  -0.0310447  0.999506  0  -0.0504668  -0.998231  -0.0311146  0  0.998723  -0.0505104  0.000598206  0  0.400781  -0.0429333  0.776043  1  
-0.00216297  -0.0310443  0.999506  0  -0.0504621  -0.998232  -0.031114  0  0.998724  -0.0505055  0.00059259  0  0.400781  -0.0429308  0.776039  1  
-0.00216437  -0.0310404  0.999506  0  -0.0504655  -0.998232  -0.0311101  0  0.998723  -0.0505089  0.000594088  0  0.40078  -0.0429322  0.776038  1  
-0.00215823  -0.0310406  0.999506  0  -0.0504607  -0.998232  -0.03111  0  0.998724  -0.0505039  0.000588094  0  0.400782  -0.0429298  0.776034  1  
-0.00215775  -0.0310423  0.999506  0  -0.0504585  -0.998232  -0.0311117  0  0.998724  -0.0505016  0.000587595  0  0.400782  -0.0429296  0.776033  1  
-0.00213893  -0.0310466  0.999506  0  -0.0504559  -0.998232  -0.031115  0  0.998724  -0.0504985  0.000568671  0  0.400789  -0.0429295  0.776024  1  
-0.00213488  -0.0310413  0.999506  0  -0.0504491  -0.998232  -0.0311094  0  0.998724  -0.0504916  0.000565114  0  0.400793  -0.0429252  0.776021  1  
-0.00211393  -0.0310457  0.999506  0  -0.0504479  -0.998232  -0.0311128  0  0.998724  -0.0504897  0.000544012  0  0.400801  -0.0429248  0.776012  1  
-0.00209108  -0.0310467  0.999506  0  -0.0504463  -0.998232  -0.0311127  0  0.998725  -0.0504874  0.000521206  0  0.40081  -0.0429246  0.776003  1  
-0.00207219  -0.0310474  0.999506  0  -0.0504453  -0.998232  -0.0311124  0  0.998725  -0.0504858  0.00050234  0  0.400816  -0.042924  0.775995  1  
-0.0020515  -0.0310463  0.999506  0  -0.0504366  -0.998233  -0.0311102  0  0.998725  -0.0504765  0.000482012  0  0.400825  -0.0429207  0.775986  1  
-0.00202562  -0.0310487  0.999506  0  -0.050434  -0.998233  -0.0311113  0  0.998725  -0.050473  0.000456146  0  0.400834  -0.0429189  0.775974  1  
-0.00200382  -0.0310429  0.999506  0  -0.0504288  -0.998234  -0.0311045  0  0.998726  -0.0504672  0.000434826  0  0.400842  -0.0429166  0.775965  1  
-0.00199031  -0.0310448  0.999506  0  -0.0504252  -0.998234  -0.0311057  0  0.998726  -0.0504632  0.000421367  0  0.400847  -0.0429137  0.775958  1  
-0.00197038  -0.0310463  0.999506  0  -0.0504218  -0.998234  -0.0311062  0  0.998726  -0.0504592  0.000401494  0  0.400854  -0.0429142  0.775949  1  
-0.00195411  -0.0310535  0.999506  0  -0.0504178  -0.998234  -0.0311125  0  0.998726  -0.0504546  0.000385019  0  0.40086  -0.0429133  0.775941  1  
-0.00194228  -0.0310468  0.999506  0  -0.0504126  -0.998234  -0.0311052  0  0.998727  -0.0504491  0.000373712  0  0.400865  -0.0429093  0.775937  1  
-0.00192669  -0.0310504  0.999506  0  -0.0504073  -0.998235  -0.031108  0  0.998727  -0.0504433  0.000358127  0  0.400871  -0.042908  0.77593  1  
-0.00191486  -0.0310507  0.999506  0  -0.0504003  -0.998235  -0.0311077  0  0.998727  -0.050436  0.000346524  0  0.400874  -0.0429042  0.775923  1  
-0.00189806  -0.0310537  0.999506  0  -0.050401  -0.998235  -0.0311099  0  0.998727  -0.0504362  0.00032958  0  0.40088  -0.0429053  0.775915  1  
-0.00188796  -0.031043  0.999507  0  -0.0503899  -0.998236  -0.0310987  0  0.998728  -0.0504247  0.000320381  0  0.400885  -0.0428989  0.775911  1  
-0.00187383  -0.0310475  0.999507  0  -0.0503894  -0.998236  -0.0311025  0  0.998728  -0.0504238  0.000306065  0  0.40089  -0.0428998  0.775905  1  
-0.00186572  -0.0310428  0.999507  0  -0.0503839  -0.998236  -0.0310974  0  0.998728  -0.0504181  0.000298376  0  0.400895  -0.0428974  0.775903  1  
-0.00184629  -0.0310508  0.999506  0  -0.0503777  -0.998236  -0.0311044  0  0.998729  -0.0504112  0.000278771  0  0.400902  -0.0428955  0.775894  1  
-0.00183217  -0.03105  0.999507  0  -0.0503735  -0.998236  -0.0311029  0  0.998729  -0.0504066  0.000264848  0  0.400909  -0.0428937  0.775888  1  
-0.00181693  -0.0310542  0.999506  0  -0.0503634  -0.998237  -0.0311063  0  0.998729  -0.050396  0.000249742  0  0.400915  -0.0428882  0.775881  1  
-0.00180263  -0.0310528  0.999506  0  -0.0503597  -0.998237  -0.0311042  0  0.998729  -0.0503919  0.000235649  0  0.400921  -0.042888  0.775875  1  
-0.00178639  -0.0310551  0.999506  0  -0.0503538  -0.998237  -0.0311057  0  0.99873  -0.0503855  0.000219498  0  0.400929  -0.0428859  0.775869  1  
-0.00176229  -0.0310578  0.999506  0  -0.0503496  -0.998237  -0.0311072  0  0.99873  -0.0503805  0.000195435  0  0.400938  -0.0428852  0.775859  1  
-0.0017467  -0.0310586  0.999506  0  -0.0503389  -0.998238  -0.0311071  0  0.998731  -0.0503694  0.000180167  0  0.400945  -0.0428798  0.775853  1  
-0.00172721  -0.0310597  0.999506  0  -0.0503357  -0.998238  -0.0311073  0  0.998731  -0.0503655  0.000160759  0  0.400953  -0.0428801  0.775844  1  
-0.00170717  -0.0310597  0.999506  0  -0.0503254  -0.998239  -0.0311063  0  0.998731  -0.0503546  0.000141076  0  0.400963  -0.0428745  0.775836  1  
-0.00168413  -0.0310578  0.999507  0  -0.0503219  -0.998239  -0.0311032  0  0.998732  -0.0503504  0.000118277  0  0.400973  -0.0428731  0.775826  1  
-0.00165694  -0.0310647  0.999506  0  -0.0503195  -0.998239  -0.0311087  0  0.998732  -0.0503472  9.08619e-05  0  0.400984  -0.0428742  0.775814  1  
-0.0016271  -0.0310614  0.999507  0  -0.0503104  -0.99824  -0.0311039  0  0.998732  -0.0503372  6.15261e-05  0  0.400996  -0.0428699  0.775801  1  
-0.0015992  -0.0310607  0.999507  0  -0.0503007  -0.99824  -0.0311018  0  0.998733  -0.0503266  3.4008e-05  0  0.401008  -0.042864  0.77579  1  
-0.0015606  -0.0310571  0.999507  0  -0.050295  -0.998241  -0.0310963  0  0.998733  -0.0503197  -4.16597e-06  0  0.401022  -0.0428623  0.775774  1  
-0.00153521  -0.0310596  0.999507  0  -0.050281  -0.998241  -0.0310975  0  0.998734  -0.0503049  -2.91973e-05  0  0.401034  -0.0428553  0.775763  1  
-0.00150214  -0.0310614  0.999507  0  -0.0502768  -0.998241  -0.0310976  0  0.998734  -0.0502997  -6.21644e-05  0  0.401048  -0.0428538  0.775748  1  
-0.00146486  -0.031068  0.999507  0  -0.0502706  -0.998242  -0.0311024  0  0.998735  -0.0502923  -9.95285e-05  0  0.401063  -0.0428515  0.775732  1  
-0.00143338  -0.0310601  0.999507  0  -0.0502585  -0.998242  -0.0310928  0  0.998735  -0.0502793  -0.000130171  0  0.401075  -0.0428457  0.775718  1  
-0.00139541  -0.0310716  0.999507  0  -0.0502537  -0.998242  -0.0311024  0  0.998735  -0.0502733  -0.000168512  0  0.401089  -0.0428443  0.775702  1  
-0.00135653  -0.0310588  0.999507  0  -0.0502471  -0.998243  -0.0310877  0  0.998736  -0.0502655  -0.000206468  0  0.401105  -0.0428399  0.775687  1  
-0.00132283  -0.0310641  0.999507  0  -0.0502382  -0.998244  -0.0310913  0  0.998736  -0.0502556  -0.000240103  0  0.401118  -0.0428354  0.77567  1  
-0.00128204  -0.0310607  0.999507  0  -0.050235  -0.998244  -0.0310858  0  0.998737  -0.050251  -0.000280547  0  0.401134  -0.0428348  0.775653  1  
-0.00124569  -0.0310632  0.999507  0  -0.0502218  -0.998245  -0.0310866  0  0.998737  -0.0502368  -0.000316555  0  0.401149  -0.0428277  0.775637  1  
-0.00120574  -0.0310601  0.999507  0  -0.0502149  -0.998245  -0.0310814  0  0.998738  -0.0502286  -0.000356065  0  0.401164  -0.0428249  0.775621  1  
-0.00117089  -0.0310608  0.999507  0  -0.0502052  -0.998246  -0.0310804  0  0.998738  -0.0502178  -0.000390582  0  0.401178  -0.0428195  0.775604  1  
-0.00113375  -0.0310656  0.999507  0  -0.0501973  -0.998246  -0.0310833  0  0.998739  -0.0502088  -0.000427658  0  0.401193  -0.0428164  0.775588  1  
-0.00109809  -0.0310668  0.999507  0  -0.0501941  -0.998246  -0.0310827  0  0.998739  -0.0502044  -0.000463217  0  0.401208  -0.0428152  0.775572  1  
-0.00105804  -0.0310713  0.999507  0  -0.0501826  -0.998247  -0.0310853  0  0.998739  -0.0501917  -0.000503069  0  0.401224  -0.0428107  0.775555  1  
-0.0010199  -0.031073  0.999507  0  -0.0501799  -0.998247  -0.031085  0  0.99874  -0.0501878  -0.000541136  0  0.401239  -0.04281  0.775538  1  
-0.000976283  -0.0310673  0.999507  0  -0.0501717  -0.998247  -0.0310771  0  0.99874  -0.0501783  -0.000584139  0  0.401256  -0.0428063  0.775519  1  
-0.000930826  -0.0310687  0.999507  0  -0.0501621  -0.998248  -0.0310763  0  0.998741  -0.0501673  -0.000629291  0  0.401273  -0.0428012  0.775499  1  
-0.000889958  -0.0310665  0.999507  0  -0.0501555  -0.998248  -0.031072  0  0.998741  -0.0501594  -0.000669768  0  0.401289  -0.0427983  0.77548  1  
-0.000850873  -0.0310737  0.999507  0  -0.0501476  -0.998249  -0.0310772  0  0.998741  -0.0501503  -0.000708901  0  0.401306  -0.0427948  0.775464  1  
-0.000803465  -0.0310708  0.999507  0  -0.0501439  -0.998249  -0.031072  0  0.998742  -0.0501451  -0.000755969  0  0.401324  -0.0427932  0.775442  1  
-0.000761583  -0.0310744  0.999507  0  -0.0501387  -0.998249  -0.0310735  0  0.998742  -0.0501387  -0.000797798  0  0.40134  -0.0427917  0.775424  1  
-0.000713241  -0.0310693  0.999507  0  -0.0501296  -0.99825  -0.031066  0  0.998742  -0.050128  -0.000845517  0  0.40136  -0.0427861  0.775404  1  
-0.000670491  -0.0310798  0.999507  0  -0.0501197  -0.99825  -0.0310744  0  0.998743  -0.0501167  -0.000888411  0  0.401377  -0.0427827  0.775385  1  
-0.000627422  -0.0310739  0.999507  0  -0.0501143  -0.998251  -0.0310663  0  0.998743  -0.0501101  -0.000930939  0  0.401393  -0.0427798  0.775365  1  
-0.000576105  -0.0310854  0.999507  0  -0.0501087  -0.998251  -0.0310752  0  0.998744  -0.0501028  -0.000982569  0  0.401413  -0.0427785  0.775343  1  
-0.000529781  -0.031071  0.999507  0  -0.0500984  -0.998252  -0.0310585  0  0.998744  -0.0500912  -0.00102777  0  0.401432  -0.0427722  0.775323  1  
-0.000481128  -0.0310805  0.999507  0  -0.0500963  -0.998251  -0.0310655  0  0.998744  -0.0500876  -0.00107675  0  0.401451  -0.0427716  0.775301  1  
-0.000430604  -0.0310719  0.999507  0  -0.0500875  -0.998252  -0.0310545  0  0.998745  -0.0500771  -0.00112648  0  0.401471  -0.0427671  0.775279  1  
-0.000373031  -0.0310821  0.999507  0  -0.0500766  -0.998253  -0.0310618  0  0.998745  -0.0500645  -0.00118413  0  0.401494  -0.0427628  0.775254  1  
-0.000321633  -0.0310766  0.999507  0  -0.0500707  -0.998253  -0.0310538  0  0.998746  -0.050057  -0.00123498  0  0.401514  -0.042759  0.775231  1  
-0.000271491  -0.031085  0.999507  0  -0.0500681  -0.998253  -0.0310596  0  0.998746  -0.0500528  -0.00128537  0  0.401534  -0.0427584  0.775209  1  
-0.000213518  -0.0310746  0.999507  0  -0.0500588  -0.998254  -0.0310463  0  0.998746  -0.0500417  -0.00134243  0  0.401557  -0.0427525  0.775185  1  
-0.00015573  -0.0310889  0.999507  0  -0.0500541  -0.998254  -0.0310577  0  0.998746  -0.0500353  -0.00140069  0  0.401579  -0.0427516  0.775159  1  
-0.000100988  -0.0310856  0.999507  0  -0.0500478  -0.998254  -0.0310517  0  0.998747  -0.0500272  -0.00145498  0  0.401601  -0.0427482  0.775135  1  
-4.33169e-05  -0.0310881  0.999507  0  -0.050043  -0.998255  -0.0310513  0  0.998747  -0.0500206  -0.00151253  0  0.401623  -0.0427448  0.77511  1  
1.85042e-05  -0.0310878  0.999507  0  -0.0500358  -0.998255  -0.0310479  0  0.998747  -0.0500115  -0.00157401  0  0.401648  -0.0427418  0.775082  1  
7.94112e-05  -0.031092  0.999507  0  -0.0500309  -0.998255  -0.0310491  0  0.998748  -0.0500048  -0.00163487  0  0.401671  -0.0427396  0.775056  1  
0.00014163  -0.031086  0.999507  0  -0.0500265  -0.998256  -0.03104  0  0.998748  -0.0499984  -0.00169654  0  0.401695  -0.0427361  0.775028  1  
0.000209889  -0.0310881  0.999507  0  -0.0500208  -0.998256  -0.0310386  0  0.998748  -0.0499906  -0.00176461  0  0.401721  -0.0427336  0.774999  1  
0.000276626  -0.0310929  0.999507  0  -0.0500148  -0.998256  -0.0310402  0  0.998748  -0.0499825  -0.00183129  0  0.401747  -0.0427299  0.774968  1  
0.000343229  -0.0310885  0.999507  0  -0.0500138  -0.998257  -0.0310324  0  0.998748  -0.0499794  -0.00189752  0  0.401773  -0.0427298  0.774939  1  
0.000407271  -0.0310923  0.999507  0  -0.0500069  -0.998257  -0.031033  0  0.998749  -0.0499706  -0.00196143  0  0.401799  -0.0427247  0.774911  1  
0.000471614  -0.0310833  0.999507  0  -0.0500014  -0.998258  -0.0310209  0  0.998749  -0.0499631  -0.00202504  0  0.401824  -0.042722  0.774884  1  
0.000537411  -0.0310912  0.999507  0  -0.0499984  -0.998258  -0.0310255  0  0.998749  -0.049958  -0.00209103  0  0.40185  -0.0427202  0.774854  1  
0.000609287  -0.0310902  0.999507  0  -0.049993  -0.998258  -0.0310209  0  0.998749  -0.0499504  -0.00216256  0  0.401877  -0.0427168  0.774822  1  
0.000676798  -0.0310952  0.999507  0  -0.0499951  -0.998258  -0.0310225  0  0.998749  -0.0499504  -0.00223027  0  0.401904  -0.0427186  0.774793  1  
0.000747278  -0.0310989  0.999506  0  -0.0499908  -0.998258  -0.0310227  0  0.998749  -0.0499439  -0.00230068  0  0.401931  -0.0427159  0.774762  1  
0.000817032  -0.0311037  0.999506  0  -0.0499868  -0.998258  -0.031024  0  0.99875  -0.0499377  -0.00237043  0  0.401958  -0.0427131  0.77473  1  
0.000888641  -0.0310994  0.999506  0  -0.0499839  -0.998259  -0.0310161  0  0.99875  -0.0499326  -0.00244161  0  0.401985  -0.0427116  0.774699  1  
0.000955545  -0.0310992  0.999506  0  -0.0499781  -0.998259  -0.0310126  0  0.99875  -0.0499247  -0.0025082  0  0.402011  -0.0427085  0.774669  1  
0.00102585  -0.0311016  0.999506  0  -0.0499761  -0.998259  -0.0310115  0  0.99875  -0.0499206  -0.00257846  0  0.402038  -0.0427064  0.774638  1  
0.00109685  -0.0311025  0.999506  0  -0.0499704  -0.99826  -0.0310089  0  0.99875  -0.0499127  -0.00264919  0  0.402066  -0.0427031  0.774607  1  
0.0011683  -0.0311037  0.999506  0  -0.0499718  -0.99826  -0.0310065  0  0.99875  -0.0499118  -0.00272062  0  0.402093  -0.0427044  0.774574  1  
0.00124731  -0.031108  0.999506  0  -0.0499661  -0.99826  -0.0310069  0  0.99875  -0.0499037  -0.00279954  0  0.402124  -0.0427005  0.77454  1  
0.00132379  -0.0311069  0.999506  0  -0.0499628  -0.99826  -0.031002  0  0.99875  -0.049898  -0.00287573  0  0.402153  -0.0426985  0.774506  1  
0.00140015  -0.0311099  0.999505  0  -0.0499601  -0.99826  -0.0310011  0  0.99875  -0.0498929  -0.00295202  0  0.402185  -0.0426957  0.774471  1  
0.00147683  -0.0311086  0.999505  0  -0.0499634  -0.99826  -0.0309961  0  0.99875  -0.0498939  -0.00302861  0  0.402213  -0.0426981  0.774438  1  
0.00155721  -0.0311117  0.999505  0  -0.049962  -0.99826  -0.0309951  0  0.99875  -0.04989  -0.00310897  0  0.402244  -0.0426969  0.774403  1  
0.00163129  -0.0311077  0.999505  0  -0.049959  -0.998261  -0.0309875  0  0.99875  -0.0498847  -0.00318263  0  0.402272  -0.042694  0.77437  1  
0.00170961  -0.0311171  0.999505  0  -0.0499588  -0.998261  -0.0309929  0  0.99875  -0.049882  -0.00326127  0  0.402302  -0.0426943  0.774335  1  
0.0017873  -0.0311119  0.999505  0  -0.0499552  -0.998261  -0.0309838  0  0.99875  -0.049876  -0.00333845  0  0.402332  -0.0426909  0.774301  1  
0.00186885  -0.0311165  0.999504  0  -0.049951  -0.998261  -0.0309845  0  0.99875  -0.0498693  -0.00341997  0  0.402363  -0.0426889  0.774265  1  
0.00194965  -0.03112  0.999504  0  -0.0499525  -0.998261  -0.0309839  0  0.99875  -0.0498682  -0.00350085  0  0.402395  -0.0426895  0.774229  1  
0.0020236  -0.0311274  0.999504  0  -0.0499486  -0.998261  -0.0309876  0  0.99875  -0.0498621  -0.00357492  0  0.402424  -0.0426878  0.774196  1  
0.00209916  -0.0311185  0.999504  0  -0.0499531  -0.998261  -0.0309749  0  0.998749  -0.0498642  -0.00365005  0  0.402453  -0.0426882  0.774162  1  
0.00218755  -0.0311216  0.999504  0  -0.0499482  -0.998262  -0.0309737  0  0.998749  -0.0498566  -0.00373829  0  0.402485  -0.0426846  0.774123  1  
0.0022674  -0.0311224  0.999503  0  -0.0499481  -0.998262  -0.0309704  0  0.998749  -0.0498541  -0.00381803  0  0.402517  -0.0426843  0.774087  1  
0.00234888  -0.0311263  0.999503  0  -0.04995  -0.998262  -0.0309703  0  0.998749  -0.0498534  -0.00389963  0  0.40255  -0.0426848  0.774051  1  
0.00244044  -0.0311312  0.999503  0  -0.0499499  -0.998262  -0.0309706  0  0.998749  -0.0498504  -0.00399128  0  0.402585  -0.042685  0.77401  1  
0.00252567  -0.0311368  0.999502  0  -0.0499505  -0.998262  -0.0309719  0  0.998748  -0.0498483  -0.00407666  0  0.402618  -0.0426844  0.773973  1  
0.00260259  -0.0311374  0.999502  0  -0.0499506  -0.998262  -0.0309687  0  0.998748  -0.0498461  -0.00415347  0  0.402648  -0.0426838  0.773939  1  
0.00269503  -0.0311405  0.999502  0  -0.0499518  -0.998262  -0.0309672  0  0.998748  -0.0498444  -0.00424595  0  0.402682  -0.0426839  0.773898  1  
0.00277869  -0.03114  0.999502  0  -0.0499458  -0.998262  -0.0309625  0  0.998748  -0.0498358  -0.00432925  0  0.402714  -0.0426801  0.773861  1  
0.00287015  -0.0311495  0.999501  0  -0.0499495  -0.998262  -0.0309674  0  0.998748  -0.0498367  -0.00442115  0  0.402749  -0.0426826  0.77382  1  
0.00295458  -0.0311498  0.999501  0  -0.0499552  -0.998262  -0.0309635  0  0.998747  -0.0498398  -0.00450563  0  0.402781  -0.0426847  0.773782  1  
0.00304249  -0.0311463  0.999501  0  -0.0499472  -0.998262  -0.0309557  0  0.998747  -0.0498291  -0.00459296  0  0.402815  -0.0426797  0.773742  1  
0.00312597  -0.031147  0.9995  0  -0.0499531  -0.998262  -0.0309522  0  0.998747  -0.0498323  -0.00467651  0  0.402847  -0.0426828  0.773706  1  
0.00321767  -0.0311579  0.9995  0  -0.0499497  -0.998262  -0.0309585  0  0.998747  -0.049826  -0.00476849  0  0.402883  -0.0426802  0.773664  1  
0.00330833  -0.0311547  0.999499  0  -0.0499539  -0.998262  -0.0309508  0  0.998746  -0.0498274  -0.00485897  0  0.402918  -0.0426814  0.773624  1  
0.00340455  -0.031156  0.999499  0  -0.0499546  -0.998262  -0.0309473  0  0.998746  -0.0498252  -0.00495512  0  0.402953  -0.0426803  0.773582  1  
0.00349347  -0.0311549  0.999499  0  -0.0499568  -0.998262  -0.0309418  0  0.998745  -0.0498246  -0.00504389  0  0.402987  -0.0426803  0.773542  1  
0.00358648  -0.0311612  0.999498  0  -0.049956  -0.998262  -0.0309434  0  0.998745  -0.0498209  -0.00513704  0  0.403024  -0.0426792  0.773501  1  
0.00368405  -0.0311679  0.999498  0  -0.049961  -0.998262  -0.0309452  0  0.998744  -0.0498229  -0.00523493  0  0.40306  -0.0426815  0.773457  1  
0.00377673  -0.031165  0.999497  0  -0.0499553  -0.998263  -0.0309377  0  0.998744  -0.0498143  -0.00532712  0  0.403096  -0.0426771  0.773415  1  
0.00387242  -0.0311679  0.999497  0  -0.0499579  -0.998262  -0.0309358  0  0.998744  -0.0498139  -0.00542288  0  0.403133  -0.0426783  0.773372  1  
0.00396672  -0.0311746  0.999496  0  -0.0499615  -0.998262  -0.0309379  0  0.998743  -0.0498146  -0.00551746  0  0.403169  -0.0426799  0.77333  1  
0.00406321  -0.0311773  0.999496  0  -0.0499665  -0.998262  -0.0309356  0  0.998743  -0.0498166  -0.00561407  0  0.403205  -0.0426806  0.773287  1  
0.00416158  -0.0311744  0.999496  0  -0.0499648  -0.998262  -0.0309279  0  0.998742  -0.0498118  -0.00571208  0  0.403241  -0.042679  0.773243  1  
0.00425248  -0.0311823  0.999495  0  -0.0499671  -0.998262  -0.0309313  0  0.998742  -0.0498113  -0.0058033  0  0.403277  -0.0426804  0.773202  1  
0.00434927  -0.0311803  0.999495  0  -0.0499663  -0.998262  -0.0309244  0  0.998741  -0.0498076  -0.0058998  0  0.403313  -0.0426781  0.773158  1  
0.00445141  -0.03118  0.999494  0  -0.0499647  -0.998263  -0.030919  0  0.998741  -0.0498027  -0.00600169  0  0.403352  -0.0426761  0.773112  1  
0.00454969  -0.0311838  0.999494  0  -0.0499712  -0.998262  -0.030918  0  0.99874  -0.0498062  -0.0061002  0  0.403389  -0.0426788  0.773068  1  
0.00465176  -0.0311913  0.999493  0  -0.0499728  -0.998262  -0.0309203  0  0.99874  -0.0498046  -0.00620251  0  0.403427  -0.0426802  0.773022  1  
0.00475713  -0.0311929  0.999492  0  -0.0499748  -0.998262  -0.0309166  0  0.998739  -0.0498033  -0.00630784  0  0.403467  -0.0426803  0.772975  1  
0.0048582  -0.0311939  0.999492  0  -0.0499776  -0.998262  -0.0309126  0  0.998738  -0.049803  -0.00640888  0  0.403505  -0.0426802  0.772929  1  
0.00496336  -0.0311897  0.999492  0  -0.0499766  -0.998263  -0.0309031  0  0.998738  -0.0497987  -0.00651361  0  0.403543  -0.0426781  0.772881  1  
0.00506734  -0.0312056  0.999491  0  -0.0499816  -0.998262  -0.0309138  0  0.998737  -0.0498004  -0.00661836  0  0.403582  -0.0426811  0.772834  1  
0.00517074  -0.0312073  0.99949  0  -0.049984  -0.998262  -0.0309103  0  0.998737  -0.0497997  -0.00672175  0  0.40362  -0.0426817  0.772788  1  
0.00527355  -0.0312139  0.999489  0  -0.0499873  -0.998262  -0.0309119  0  0.998736  -0.0497997  -0.00682481  0  0.403659  -0.0426827  0.772741  1  
0.00538086  -0.0312061  0.999489  0  -0.0499902  -0.998262  -0.0308986  0  0.998735  -0.0497993  -0.00693164  0  0.403699  -0.0426823  0.772692  1  
0.00548519  -0.0312127  0.999488  0  -0.0499897  -0.998262  -0.0309001  0  0.998735  -0.0497955  -0.00703611  0  0.403737  -0.0426806  0.772645  1  
0.00559481  -0.0312095  0.999488  0  -0.0499985  -0.998262  -0.0308914  0  0.998734  -0.049801  -0.00714565  0  0.403778  -0.042684  0.772596  1  
0.00570216  -0.0312196  0.999487  0  -0.0499971  -0.998262  -0.0308961  0  0.998733  -0.0497962  -0.00725328  0  0.403818  -0.0426826  0.772546  1  
0.00580901  -0.031223  0.999486  0  -0.0500032  -0.998261  -0.0308941  0  0.998732  -0.0497989  -0.0073603  0  0.403859  -0.0426855  0.772498  1  
0.00591413  -0.031224  0.999485  0  -0.0500064  -0.998261  -0.0308898  0  0.998731  -0.049799  -0.00746539  0  0.403898  -0.0426856  0.772451  1  
0.00602135  -0.0312257  0.999485  0  -0.0500072  -0.998262  -0.0308863  0  0.998731  -0.0497964  -0.00757254  0  0.403939  -0.0426855  0.772402  1  
0.0061324  -0.0312305  0.999484  0  -0.0500093  -0.998261  -0.0308855  0  0.99873  -0.049795  -0.0076837  0  0.40398  -0.0426859  0.772352  1  
0.00624222  -0.0312314  0.999483  0  -0.0500136  -0.998261  -0.0308809  0  0.998729  -0.0497959  -0.00779351  0  0.404022  -0.0426868  0.772302  1  
0.0063553  -0.0312375  0.999482  0  -0.0500154  -0.998261  -0.0308813  0  0.998728  -0.0497942  -0.00790675  0  0.404063  -0.0426873  0.77225  1  
0.00646315  -0.0312392  0.999481  0  -0.050023  -0.998261  -0.0308775  0  0.998727  -0.0497984  -0.00801474  0  0.404104  -0.0426902  0.772202  1  
0.00657347  -0.0312521  0.99948  0  -0.0500261  -0.998261  -0.030885  0  0.998726  -0.0497981  -0.00812562  0  0.404146  -0.0426922  0.772152  1  
0.0066943  -0.0312475  0.99948  0  -0.0500264  -0.998261  -0.0308744  0  0.998725  -0.0497947  -0.00824602  0  0.404189  -0.0426902  0.772097  1  
0.00680721  -0.0312546  0.999479  0  -0.0500326  -0.998261  -0.0308758  0  0.998724  -0.0497973  -0.00835928  0  0.404232  -0.0426932  0.772046  1  
0.00692135  -0.0312561  0.999478  0  -0.0500326  -0.998261  -0.0308716  0  0.998724  -0.0497937  -0.0084733  0  0.404275  -0.042692  0.771995  1  
0.00703525  -0.0312618  0.999477  0  -0.0500383  -0.99826  -0.0308715  0  0.998722  -0.0497959  -0.00858746  0  0.404317  -0.0426942  0.771943  1  
0.00715515  -0.0312607  0.999476  0  -0.0500426  -0.99826  -0.0308645  0  0.998721  -0.0497965  -0.00870724  0  0.404362  -0.0426956  0.771889  1  
0.00726354  -0.0312699  0.999475  0  -0.0500451  -0.99826  -0.0308682  0  0.998721  -0.0497955  -0.00881597  0  0.404404  -0.0426965  0.77184  1  
0.00738151  -0.0312709  0.999474  0  -0.0500512  -0.99826  -0.0308633  0  0.998719  -0.049798  -0.00893398  0  0.404448  -0.042698  0.771786  1  
0.00749833  -0.0312827  0.999473  0  -0.0500556  -0.99826  -0.0308692  0  0.998718  -0.0497987  -0.00905132  0  0.404491  -0.0427008  0.771733  1  
0.00760985  -0.0312785  0.999472  0  -0.0500556  -0.99826  -0.0308594  0  0.998717  -0.0497953  -0.00916245  0  0.404534  -0.0426994  0.771682  1  
0.00771857  -0.0312836  0.999471  0  -0.0500582  -0.99826  -0.0308591  0  0.998716  -0.0497945  -0.00927132  0  0.404576  -0.0426994  0.771634  1  
0.00783623  -0.0312846  0.99947  0  -0.0500627  -0.99826  -0.0308542  0  0.998715  -0.0497954  -0.00938896  0  0.404619  -0.0427006  0.77158  1  
0.00795803  -0.0312938  0.999469  0  -0.0500716  -0.998259  -0.0308572  0  0.998714  -0.0498004  -0.00951129  0  0.404665  -0.0427051  0.771525  1  
0.00808093  -0.0312934  0.999468  0  -0.050076  -0.998259  -0.0308507  0  0.998713  -0.0498011  -0.0096341  0  0.404711  -0.0427071  0.77147  1  
0.00819786  -0.0312976  0.999467  0  -0.0500775  -0.998259  -0.030849  0  0.998712  -0.0497989  -0.00975109  0  0.404755  -0.0427058  0.771416  1  
0.00831261  -0.0312975  0.999466  0  -0.0500807  -0.998259  -0.0308432  0  0.998711  -0.0497985  -0.00986573  0  0.404799  -0.042707  0.771366  1  
0.00842691  -0.0313059  0.999465  0  -0.0500834  -0.998259  -0.0308458  0  0.998709  -0.0497976  -0.00998034  0  0.404842  -0.0427074  0.771313  1  
0.00854458  -0.0313066  0.999464  0  -0.0500894  -0.998259  -0.0308406  0  0.998708  -0.0498  -0.010098  0  0.404885  -0.0427096  0.771259  1  
0.0086637  -0.0313178  0.999462  0  -0.050089  -0.998259  -0.0308459  0  0.998707  -0.0497958  -0.0102175  0  0.40493  -0.0427091  0.771206  1  
0.00878413  -0.0313133  0.999461  0  -0.0500937  -0.998259  -0.0308354  0  0.998706  -0.0497968  -0.0103376  0  0.404976  -0.0427099  0.771152  1  
0.00891015  -0.0313239  0.99946  0  -0.0501007  -0.998258  -0.0308396  0  0.998704  -0.0497998  -0.0104642  0  0.405023  -0.0427129  0.771096  1  
0.00903215  -0.0313213  0.999459  0  -0.0501049  -0.998258  -0.0308309  0  0.998703  -0.0498003  -0.010586  0  0.405069  -0.0427143  0.77104  1  
0.00915728  -0.0313285  0.999458  0  -0.0501064  -0.998258  -0.0308318  0  0.998702  -0.0497978  -0.0107113  0  0.405117  -0.0427143  0.770984  1  
0.00927664  -0.0313322  0.999456  0  -0.0501138  -0.998258  -0.0308295  0  0.9987  -0.0498015  -0.0108309  0  0.405162  -0.0427179  0.770931  1  
0.00939943  -0.0313436  0.999455  0  -0.0501187  -0.998258  -0.0308347  0  0.998699  -0.0498025  -0.0109542  0  0.405209  -0.0427207  0.770875  1  
0.00951903  -0.0313408  0.999454  0  -0.0501207  -0.998258  -0.030826  0  0.998698  -0.0498009  -0.0110735  0  0.405254  -0.0427201  0.770821  1  
0.00964378  -0.0313502  0.999452  0  -0.0501209  -0.998258  -0.0308292  0  0.998697  -0.0497971  -0.0111985  0  0.405302  -0.0427194  0.770765  1  
0.00976627  -0.0313516  0.999451  0  -0.0501281  -0.998257  -0.0308243  0  0.998695  -0.0498005  -0.0113211  0  0.405348  -0.0427228  0.77071  1  
0.00989257  -0.031362  0.99945  0  -0.0501331  -0.998257  -0.0308284  0  0.998694  -0.0498015  -0.0114478  0  0.405397  -0.042724  0.770654  1  
0.0100107  -0.0313647  0.999448  0  -0.0501399  -0.998257  -0.0308251  0  0.998692  -0.0498046  -0.0115661  0  0.405443  -0.0427275  0.7706  1  
0.0101348  -0.0313691  0.999447  0  -0.0501417  -0.998257  -0.0308233  0  0.998691  -0.0498025  -0.0116903  0  0.40549  -0.0427274  0.770544  1  
0.0102619  -0.0313757  0.999445  0  -0.050148  -0.998256  -0.0308235  0  0.998689  -0.0498049  -0.0118176  0  0.405538  -0.0427301  0.770487  1  
0.010383  -0.0313757  0.999444  0  -0.0501493  -0.998257  -0.0308174  0  0.998688  -0.0498024  -0.0119386  0  0.405585  -0.0427302  0.770432  1  
0.0105052  -0.0313746  0.999443  0  -0.0501527  -0.998257  -0.0308102  0  0.998686  -0.0498021  -0.0120606  0  0.405632  -0.042731  0.770377  1  
0.0106345  -0.0313814  0.999441  0  -0.0501594  -0.998256  -0.0308105  0  0.998685  -0.0498047  -0.0121903  0  0.40568  -0.0427329  0.770319  1  
0.0107558  -0.0313845  0.99944  0  -0.0501628  -0.998256  -0.0308075  0  0.998683  -0.0498043  -0.0123116  0  0.405727  -0.0427353  0.770265  1  
0.0108794  -0.031396  0.999438  0  -0.0501691  -0.998256  -0.0308127  0  0.998681  -0.0498067  -0.0124358  0  0.405774  -0.0427375  0.770209  1  
0.011009  -0.0313956  0.999437  0  -0.0501733  -0.998256  -0.0308058  0  0.99868  -0.0498068  -0.0125653  0  0.405823  -0.0427377  0.770151  1  
0.0111409  -0.0314021  0.999435  0  -0.0501773  -0.998255  -0.0308057  0  0.998678  -0.0498067  -0.0126974  0  0.405873  -0.0427399  0.770092  1  
0.0112663  -0.0314062  0.999434  0  -0.0501813  -0.998255  -0.0308035  0  0.998677  -0.0498068  -0.0128229  0  0.405921  -0.0427418  0.770036  1  
0.0113925  -0.0314112  0.999432  0  -0.0501862  -0.998255  -0.0308021  0  0.998675  -0.0498077  -0.0129493  0  0.405969  -0.0427435  0.76998  1  
0.0115199  -0.03141  0.999431  0  -0.0501926  -0.998255  -0.0307945  0  0.998673  -0.0498102  -0.0130766  0  0.406018  -0.0427447  0.769923  1  
0.0116473  -0.0314186  0.999429  0  -0.0501946  -0.998255  -0.0307967  0  0.998672  -0.0498081  -0.0132043  0  0.406067  -0.0427459  0.769865  1  
0.011778  -0.0314304  0.999427  0  -0.0502061  -0.998254  -0.0308018  0  0.998669  -0.0498155  -0.0133357  0  0.406117  -0.0427524  0.769805  1  
0.0119076  -0.0314304  0.999425  0  -0.0502066  -0.998254  -0.0307954  0  0.998668  -0.049812  -0.0134651  0  0.406167  -0.0427516  0.769748  1  
0.0120435  -0.0314327  0.999424  0  -0.05021  -0.998254  -0.0307909  0  0.998666  -0.0498112  -0.013601  0  0.406218  -0.0427522  0.769687  1  
0.0121727  -0.0314404  0.999422  0  -0.0502192  -0.998254  -0.030792  0  0.998664  -0.0498163  -0.0137306  0  0.406269  -0.0427559  0.769629  1  
0.0123011  -0.0314428  0.99942  0  -0.0502225  -0.998254  -0.0307879  0  0.998662  -0.0498156  -0.0138591  0  0.406318  -0.0427574  0.769572  1  
0.0124337  -0.0314544  0.999418  0  -0.0502294  -0.998253  -0.0307928  0  0.99866  -0.0498183  -0.0139922  0  0.40637  -0.0427611  0.769513  1  
0.012566  -0.0314555  0.999417  0  -0.0502389  -0.998253  -0.0307872  0  0.998658  -0.0498237  -0.0141246  0  0.406422  -0.0427662  0.769454  1  
0.012705  -0.031465  0.999414  0  -0.0502455  -0.998253  -0.0307897  0  0.998656  -0.0498259  -0.0142641  0  0.406476  -0.0427691  0.769392  1  
0.0128313  -0.0314638  0.999413  0  -0.0502501  -0.998253  -0.0307821  0  0.998654  -0.0498266  -0.0143902  0  0.406526  -0.0427704  0.769335  1  
0.012968  -0.0314813  0.999411  0  -0.0502576  -0.998252  -0.0307927  0  0.998652  -0.0498296  -0.0145278  0  0.40658  -0.0427753  0.769274  1  
0.0131041  -0.0314814  0.999409  0  -0.050266  -0.998252  -0.0307859  0  0.99865  -0.0498338  -0.0146639  0  0.406633  -0.0427791  0.769215  1  
0.013245  -0.0314854  0.999407  0  -0.0502743  -0.998251  -0.0307827  0  0.998648  -0.0498377  -0.014805  0  0.406689  -0.0427816  0.769152  1  
0.0133772  -0.0314938  0.999405  0  -0.0502768  -0.998251  -0.0307845  0  0.998646  -0.049836  -0.0149375  0  0.406742  -0.0427845  0.769094  1  
0.0135141  -0.0315044  0.999403  0  -0.0502874  -0.99825  -0.0307881  0  0.998643  -0.0498422  -0.015075  0  0.406797  -0.0427888  0.769034  1  
0.0136435  -0.0315089  0.999401  0  -0.0502929  -0.99825  -0.030786  0  0.998641  -0.0498437  -0.0152046  0  0.406848  -0.042792  0.768976  1  
0.0137876  -0.031516  0.999399  0  -0.0502993  -0.99825  -0.0307859  0  0.998639  -0.0498455  -0.015349  0  0.406905  -0.0427946  0.768912  1  
0.0139217  -0.0315236  0.999396  0  -0.0503118  -0.998249  -0.0307866  0  0.998636  -0.0498538  -0.0154837  0  0.406959  -0.0428023  0.768853  1  
0.0140589  -0.0315311  0.999394  0  -0.0503169  -0.998249  -0.0307871  0  0.998634  -0.0498545  -0.0156211  0  0.407014  -0.0428039  0.768792  1  
0.0141962  -0.0315314  0.999392  0  -0.0503238  -0.998249  -0.0307805  0  0.998632  -0.0498572  -0.0157585  0  0.407068  -0.042808  0.768732  1  
0.0143359  -0.0315374  0.99939  0  -0.0503282  -0.998249  -0.0307795  0  0.99863  -0.0498572  -0.0158983  0  0.407125  -0.0428097  0.768671  1  
0.0144652  -0.0315448  0.999388  0  -0.0503406  -0.998248  -0.0307802  0  0.998627  -0.0498655  -0.0160282  0  0.407178  -0.0428162  0.768614  1  
0.0146066  -0.0315566  0.999386  0  -0.0503422  -0.998248  -0.0307849  0  0.998625  -0.0498626  -0.01617  0  0.407235  -0.0428165  0.768552  1  
0.0147412  -0.0315611  0.999383  0  -0.0503496  -0.998248  -0.0307826  0  0.998623  -0.0498657  -0.0163048  0  0.407289  -0.0428205  0.768493  1  
0.0148831  -0.0315773  0.999381  0  -0.0503618  -0.998247  -0.0307915  0  0.99862  -0.0498734  -0.0164476  0  0.407348  -0.0428274  0.76843  1  
0.0150163  -0.0315781  0.999379  0  -0.0503708  -0.998246  -0.0307854  0  0.998618  -0.0498782  -0.0165809  0  0.407403  -0.0428321  0.768372  1  
0.0151527  -0.0315857  0.999377  0  -0.0503783  -0.998246  -0.0307862  0  0.998615  -0.0498813  -0.0167177  0  0.407462  -0.0428355  0.768312  1  
0.0152925  -0.0315869  0.999374  0  -0.0503873  -0.998246  -0.0307802  0  0.998613  -0.0498861  -0.0168576  0  0.407519  -0.0428395  0.76825  1  
0.015419  -0.0315953  0.999372  0  -0.0503942  -0.998245  -0.0307822  0  0.99861  -0.0498889  -0.0169845  0  0.407573  -0.0428426  0.768196  1  
0.0155589  -0.0315987  0.99937  0  -0.0504027  -0.998245  -0.0307784  0  0.998608  -0.049893  -0.0171246  0  0.407632  -0.0428466  0.768133  1  
0.0156908  -0.0316093  0.999367  0  -0.0504132  -0.998244  -0.0307822  0  0.998605  -0.0498993  -0.0172572  0  0.407688  -0.0428525  0.768074  1  
0.0158169  -0.0316143  0.999365  0  -0.0504203  -0.998244  -0.0307809  0  0.998603  -0.0499024  -0.0173835  0  0.407744  -0.0428552  0.768018  1  
0.0159381  -0.0316216  0.999363  0  -0.0504276  -0.998244  -0.030782  0  0.998601  -0.0499058  -0.0175051  0  0.407798  -0.0428597  0.767963  1  
0.0160647  -0.0316262  0.999361  0  -0.0504319  -0.998243  -0.0307801  0  0.998598  -0.0499062  -0.0176318  0  0.407855  -0.0428605  0.767906  1  
0.0161869  -0.0316327  0.999359  0  -0.0504435  -0.998243  -0.0307803  0  0.998596  -0.0499138  -0.0177545  0  0.40791  -0.0428667  0.76785  1  
0.0163074  -0.0316341  0.999357  0  -0.0504515  -0.998243  -0.0307755  0  0.998593  -0.0499182  -0.0178751  0  0.407964  -0.0428719  0.767795  1  
0.0164273  -0.0316402  0.999355  0  -0.0504591  -0.998242  -0.0307755  0  0.998591  -0.0499219  -0.0179953  0  0.408019  -0.0428749  0.76774  1  
0.0165579  -0.0316466  0.999352  0  -0.0504645  -0.998242  -0.0307753  0  0.998589  -0.0499233  -0.0181262  0  0.408078  -0.0428776  0.767681  1  
0.016686  -0.0316524  0.99935  0  -0.0504751  -0.998241  -0.0307745  0  0.998586  -0.0499298  -0.0182547  0  0.408135  -0.042882  0.767623  1  
0.0168128  -0.0316573  0.999348  0  -0.0504869  -0.998241  -0.0307728  0  0.998583  -0.0499376  -0.0183819  0  0.408193  -0.0428892  0.767566  1  
0.0169377  -0.0316665  0.999345  0  -0.0504894  -0.998241  -0.0307757  0  0.998581  -0.049936  -0.0185071  0  0.408248  -0.0428899  0.767511  1  
0.0170647  -0.0316757  0.999343  0  -0.0505023  -0.99824  -0.0307783  0  0.998578  -0.0499449  -0.0186348  0  0.408305  -0.0428988  0.767455  1  
0.0172043  -0.0316718  0.999341  0  -0.0505057  -0.99824  -0.0307675  0  0.998576  -0.0499441  -0.018774  0  0.408365  -0.0428979  0.767396  1  
0.0173383  -0.0316817  0.999338  0  -0.050516  -0.998239  -0.0307704  0  0.998573  -0.04995  -0.0189086  0  0.408425  -0.0429041  0.76734  1  
0.01748  -0.0316929  0.999335  0  -0.0505271  -0.998239  -0.0307743  0  0.99857  -0.0499565  -0.0190509  0  0.408486  -0.0429105  0.767279  1  
0.0176206  -0.0316991  0.999332  0  -0.0505388  -0.998238  -0.0307732  0  0.998567  -0.0499638  -0.0191919  0  0.408546  -0.0429169  0.76722  1  
0.0177595  -0.0317092  0.99933  0  -0.0505414  -0.998238  -0.0307764  0  0.998564  -0.0499619  -0.0193312  0  0.408606  -0.0429184  0.76716  1  
0.0178934  -0.0317115  0.999327  0  -0.050558  -0.998237  -0.0307717  0  0.998561  -0.0499743  -0.0194656  0  0.408665  -0.0429275  0.767105  1  
0.0180387  -0.0317264  0.999324  0  -0.0505667  -0.998237  -0.0307791  0  0.998558  -0.0499783  -0.0196116  0  0.408728  -0.0429328  0.767043  1  
0.0181788  -0.0317283  0.999322  0  -0.0505741  -0.998236  -0.0307738  0  0.998555  -0.0499813  -0.0197517  0  0.408788  -0.0429368  0.766984  1  
0.0183214  -0.0317385  0.999319  0  -0.0505818  -0.998236  -0.0307767  0  0.998552  -0.0499844  -0.0198949  0  0.40885  -0.0429404  0.766925  1  
0.0184614  -0.0317453  0.999316  0  -0.0505943  -0.998235  -0.0307763  0  0.998549  -0.0499925  -0.0200353  0  0.408909  -0.0429485  0.766866  1  
0.0186037  -0.0317588  0.999313  0  -0.0506064  -0.998235  -0.0307824  0  0.998545  -0.05  -0.0201785  0  0.40897  -0.0429552  0.766806  1  
0.0187356  -0.0317588  0.99931  0  -0.050614  -0.998234  -0.0307757  0  0.998543  -0.0500035  -0.0203104  0  0.409028  -0.0429594  0.766751  1  
0.0188643  -0.03177  0.999308  0  -0.050626  -0.998234  -0.0307801  0  0.998539  -0.0500112  -0.0204398  0  0.409084  -0.0429663  0.766696  1  
0.0189987  -0.0317759  0.999305  0  -0.0506352  -0.998233  -0.0307792  0  0.998536  -0.0500162  -0.0205745  0  0.409144  -0.0429713  0.76664  1  
0.0191393  -0.0317845  0.999302  0  -0.0506466  -0.998233  -0.0307805  0  0.998533  -0.050023  -0.0207156  0  0.409204  -0.0429773  0.766581  1  
0.0192721  -0.031796  0.999299  0  -0.0506562  -0.998232  -0.0307851  0  0.99853  -0.0500284  -0.0208491  0  0.409262  -0.0429836  0.766526  1  
0.0194008  -0.0318053  0.999296  0  -0.050665  -0.998231  -0.0307878  0  0.998527  -0.0500329  -0.0209783  0  0.40932  -0.0429892  0.766472  1  
0.0195325  -0.031811  0.999293  0  -0.050677  -0.998231  -0.0307866  0  0.998524  -0.0500408  -0.0211105  0  0.409377  -0.0429958  0.766417  1  
0.0196581  -0.0318178  0.999291  0  -0.0506854  -0.99823  -0.030787  0  0.998521  -0.0500452  -0.0212364  0  0.409434  -0.0430003  0.766366  1  
0.0197969  -0.0318287  0.999288  0  -0.0506978  -0.99823  -0.0307906  0  0.998518  -0.0500531  -0.0213759  0  0.409493  -0.043008  0.766306  1  
0.0199289  -0.0318348  0.999285  0  -0.050708  -0.998229  -0.0307899  0  0.998515  -0.0500591  -0.0215083  0  0.409552  -0.0430138  0.766251  1  
0.0200577  -0.031844  0.999282  0  -0.0507184  -0.998229  -0.0307924  0  0.998512  -0.0500653  -0.0216376  0  0.40961  -0.0430201  0.766199  1  
0.0201905  -0.0318498  0.999279  0  -0.0507308  -0.998228  -0.0307913  0  0.998508  -0.0500735  -0.0217709  0  0.409668  -0.0430269  0.766144  1  
0.0203157  -0.0318643  0.999276  0  -0.0507383  -0.998227  -0.0307994  0  0.998505  -0.0500769  -0.0218968  0  0.409724  -0.0430326  0.766093  1  
0.0204494  -0.0318707  0.999273  0  -0.0507475  -0.998227  -0.0307989  0  0.998502  -0.0500818  -0.0220309  0  0.409783  -0.0430374  0.766038  1  
0.0205818  -0.031874  0.99927  0  -0.0507624  -0.998226  -0.0307951  0  0.998499  -0.0500925  -0.0221637  0  0.409841  -0.0430448  0.765984  1  
0.0207182  -0.0318818  0.999267  0  -0.0507716  -0.998226  -0.0307959  0  0.998495  -0.0500973  -0.0223006  0  0.409901  -0.0430502  0.765928  1  
0.0208524  -0.03189  0.999264  0  -0.0507849  -0.998225  -0.0307971  0  0.998492  -0.0501063  -0.0224354  0  0.40996  -0.0430598  0.765873  1  
0.0209847  -0.0319048  0.999261  0  -0.0507966  -0.998224  -0.030805  0  0.998489  -0.0501136  -0.0225685  0  0.410019  -0.0430667  0.765819  1  
0.0211227  -0.0319144  0.999258  0  -0.0508096  -0.998223  -0.0308073  0  0.998485  -0.0501221  -0.0227072  0  0.41008  -0.0430745  0.765763  1  
0.0212628  -0.031923  0.999255  0  -0.0508209  -0.998223  -0.0308087  0  0.998481  -0.0501289  -0.0228478  0  0.410141  -0.0430811  0.765706  1  
0.0213966  -0.0319342  0.999251  0  -0.0508367  -0.998222  -0.0308127  0  0.998478  -0.0501403  -0.0229824  0  0.410201  -0.043091  0.765652  1  
0.0215462  -0.0319425  0.999248  0  -0.0508445  -0.998221  -0.0308134  0  0.998474  -0.0501433  -0.0231325  0  0.410265  -0.0430952  0.76559  1  
0.0216821  -0.0319484  0.999245  0  -0.050857  -0.998221  -0.0308121  0  0.998471  -0.0501514  -0.0232688  0  0.410326  -0.043103  0.765534  1  
