-0.00212849  -0.0312084  0.999501  0  -0.0509348  -0.998202  -0.0312763  0  0.9987  -0.050977  0.000535078  0  0.400776  -0.0431957  0.776012  1  
-0.00213617  -0.0312133  0.999501  0  -0.0509329  -0.998202  -0.0312816  0  0.9987  -0.0509752  0.000542557  0  0.400773  -0.0431953  0.776015  1  
-0.00213194  -0.0312169  0.999501  0  -0.050934  -0.998202  -0.031285  0  0.9987  -0.0509763  0.00053812  0  0.400775  -0.0431963  0.776013  1  
-0.00213259  -0.031218  0.999501  0  -0.0509369  -0.998202  -0.0312862  0  0.9987  -0.0509792  0.00053862  0  0.400775  -0.0431969  0.776013  1  
-0.00212176  -0.0312161  0.999501  0  -0.0509343  -0.998202  -0.0312837  0  0.9987  -0.0509762  0.000527985  0  0.400777  -0.0431956  0.776008  1  
-0.00212621  -0.0312232  0.999501  0  -0.0509364  -0.998202  -0.031291  0  0.9987  -0.0509784  0.000532004  0  0.400774  -0.0431977  0.776009  1  
-0.00212665  -0.0312154  0.999501  0  -0.0509359  -0.998202  -0.0312832  0  0.9987  -0.050978  0.000532852  0  0.400774  -0.043196  0.776008  1  
-0.00212208  -0.031221  0.999501  0  -0.0509379  -0.998202  -0.0312886  0  0.9987  -0.0509798  0.000527944  0  0.400774  -0.0431979  0.776005  1  
-0.00212602  -0.0312137  0.999501  0  -0.0509368  -0.998202  -0.0312815  0  0.9987  -0.0509789  0.000532279  0  0.400772  -0.0431969  0.776004  1  
-0.00212141  -0.0312184  0.999501  0  -0.0509359  -0.998202  -0.0312859  0  0.9987  -0.0509778  0.000527472  0  0.400774  -0.0431965  0.776  1  
-0.00211594  -0.031209  0.999501  0  -0.0509333  -0.998203  -0.0312763  0  0.9987  -0.0509751  0.00052257  0  0.400776  -0.0431945  0.775998  1  
-0.00210928  -0.0312166  0.999501  0  -0.0509369  -0.998202  -0.0312835  0  0.9987  -0.0509784  0.00051542  0  0.400779  -0.0431978  0.775994  1  
-0.00209901  -0.031216  0.999501  0  -0.0509373  -0.998202  -0.0312824  0  0.9987  -0.0509785  0.000505186  0  0.400784  -0.0431975  0.775989  1  
-0.00207284  -0.031221  0.999501  0  -0.050937  -0.998202  -0.031286  0  0.9987  -0.0509774  0.000478819  0  0.400793  -0.0431973  0.775978  1  
-0.00205643  -0.0312166  0.999501  0  -0.0509359  -0.998202  -0.0312809  0  0.9987  -0.0509757  0.0004627  0  0.400801  -0.0431962  0.775971  1  
-0.00204192  -0.0312224  0.999501  0  -0.0509349  -0.998202  -0.0312859  0  0.9987  -0.0509743  0.000447945  0  0.400807  -0.0431967  0.775965  1  
-0.00201489  -0.0312128  0.999501  0  -0.0509324  -0.998203  -0.0312749  0  0.9987  -0.050971  0.000421533  0  0.400816  -0.0431946  0.775955  1  
-0.00199491  -0.0312211  0.999501  0  -0.0509363  -0.998202  -0.0312822  0  0.9987  -0.0509743  0.000401038  0  0.400824  -0.0431959  0.775946  1  
-0.00197593  -0.031216  0.999501  0  -0.0509345  -0.998202  -0.0312761  0  0.9987  -0.0509719  0.000382417  0  0.400831  -0.0431949  0.775938  1  
-0.00196405  -0.0312142  0.999501  0  -0.0509338  -0.998203  -0.0312737  0  0.9987  -0.0509708  0.000370671  0  0.400836  -0.0431947  0.775932  1  
-0.00194917  -0.0312199  0.999501  0  -0.0509338  -0.998202  -0.0312787  0  0.9987  -0.0509704  0.000355521  0  0.400841  -0.0431942  0.775926  1  
-0.00192834  -0.0312142  0.999501  0  -0.0509284  -0.998203  -0.0312719  0  0.9987  -0.0509643  0.000335196  0  0.400849  -0.0431906  0.775917  1  
-0.00191648  -0.0312216  0.999501  0  -0.0509333  -0.998202  -0.0312787  0  0.9987  -0.0509688  0.000322821  0  0.400853  -0.0431939  0.775911  1  
-0.00190579  -0.0312192  0.999501  0  -0.0509307  -0.998203  -0.0312757  0  0.9987  -0.0509658  0.000312355  0  0.400858  -0.0431921  0.775906  1  
-0.00189101  -0.0312248  0.999501  0  -0.0509266  -0.998203  -0.0312806  0  0.998701  -0.0509613  0.00029744  0  0.400863  -0.0431905  0.7759  1  
-0.00188454  -0.0312196  0.999501  0  -0.0509278  -0.998203  -0.031275  0  0.998701  -0.0509623  0.000291212  0  0.400868  -0.0431908  0.775897  1  
-0.00186915  -0.0312295  0.999501  0  -0.0509322  -0.998202  -0.0312841  0  0.9987  -0.0509663  0.000275211  0  0.400874  -0.0431946  0.77589  1  
-0.00186055  -0.031222  0.999501  0  -0.0509315  -0.998203  -0.0312763  0  0.9987  -0.0509653  0.000267025  0  0.400878  -0.0431935  0.775886  1  
-0.00184665  -0.0312241  0.999501  0  -0.0509287  -0.998203  -0.0312776  0  0.998701  -0.0509621  0.000253129  0  0.400883  -0.0431919  0.775881  1  
-0.00183031  -0.031216  0.999501  0  -0.0509259  -0.998203  -0.0312688  0  0.998701  -0.0509587  0.00023732  0  0.400889  -0.0431905  0.775875  1  
-0.00181358  -0.0312239  0.999501  0  -0.0509249  -0.998203  -0.0312758  0  0.998701  -0.0509572  0.000220252  0  0.400896  -0.0431901  0.775868  1  
-0.00180477  -0.0312231  0.999501  0  -0.0509272  -0.998203  -0.0312745  0  0.998701  -0.0509592  0.000211428  0  0.400901  -0.0431911  0.775866  1  
-0.00178197  -0.031228  0.999501  0  -0.050921  -0.998203  -0.0312782  0  0.998701  -0.0509523  0.000188609  0  0.400911  -0.0431889  0.775856  1  
-0.00177386  -0.0312233  0.999501  0  -0.050916  -0.998204  -0.0312732  0  0.998701  -0.0509471  0.000180911  0  0.400915  -0.0431868  0.775852  1  
-0.00175482  -0.0312287  0.999501  0  -0.0509114  -0.998204  -0.0312775  0  0.998702  -0.0509419  0.000161773  0  0.400924  -0.0431844  0.775845  1  
-0.0017372  -0.0312227  0.999501  0  -0.0509108  -0.998204  -0.0312706  0  0.998702  -0.0509407  0.000144515  0  0.400932  -0.043184  0.775838  1  
-0.0017168  -0.0312245  0.999501  0  -0.0509055  -0.998204  -0.0312714  0  0.998702  -0.0509348  0.000124217  0  0.40094  -0.0431818  0.775829  1  
-0.00169825  -0.0312321  0.999501  0  -0.0509041  -0.998204  -0.0312781  0  0.998702  -0.0509328  0.00010536  0  0.400948  -0.043182  0.775822  1  
-0.00168271  -0.0312323  0.999501  0  -0.0508987  -0.998204  -0.0312775  0  0.998702  -0.0509269  9.00034e-05  0  0.400956  -0.0431802  0.775815  1  
-0.00165832  -0.0312333  0.999501  0  -0.0508931  -0.998205  -0.0312773  0  0.998703  -0.0509206  6.57843e-05  0  0.400966  -0.0431787  0.775806  1  
-0.00164181  -0.0312367  0.999501  0  -0.0508882  -0.998205  -0.0312798  0  0.998703  -0.0509152  4.92836e-05  0  0.400976  -0.0431769  0.775798  1  
-0.00161239  -0.0312348  0.999501  0  -0.050879  -0.998205  -0.0312764  0  0.998703  -0.050905  2.02962e-05  0  0.400987  -0.0431725  0.775787  1  
-0.0015843  -0.031233  0.999501  0  -0.0508708  -0.998206  -0.0312732  0  0.998704  -0.0508959  -7.38804e-06  0  0.400999  -0.0431683  0.775776  1  
-0.00155063  -0.0312371  0.999501  0  -0.0508652  -0.998206  -0.0312755  0  0.998704  -0.0508893  -4.10371e-05  0  0.401013  -0.0431669  0.775761  1  
-0.00152406  -0.0312334  0.999501  0  -0.05086  -0.998206  -0.0312705  0  0.998705  -0.0508833  -6.72082e-05  0  0.401025  -0.0431646  0.775751  1  
-0.00148927  -0.0312336  0.999501  0  -0.0508487  -0.998207  -0.0312689  0  0.998705  -0.0508708  -0.000101584  0  0.401039  -0.0431598  0.775736  1  
-0.00145721  -0.0312383  0.999501  0  -0.050841  -0.998207  -0.031272  0  0.998706  -0.0508622  -0.000133595  0  0.401053  -0.0431561  0.775722  1  
-0.0014281  -0.0312397  0.999501  0  -0.0508344  -0.998208  -0.0312719  0  0.998706  -0.0508547  -0.000162511  0  0.401065  -0.0431532  0.77571  1  
-0.00139401  -0.0312355  0.999501  0  -0.0508246  -0.998208  -0.031266  0  0.998707  -0.0508439  -0.000196022  0  0.401079  -0.0431499  0.775696  1  
-0.00136677  -0.0312426  0.999501  0  -0.0508163  -0.998209  -0.0312717  0  0.998707  -0.0508347  -0.000223317  0  0.401092  -0.0431468  0.775684  1  
-0.00132387  -0.0312445  0.999501  0  -0.0508065  -0.998209  -0.0312714  0  0.998708  -0.0508235  -0.000265929  0  0.401109  -0.0431429  0.775666  1  
-0.0012938  -0.0312387  0.999501  0  -0.0507928  -0.99821  -0.0312641  0  0.998708  -0.050809  -0.000295226  0  0.401122  -0.0431354  0.775654  1  
-0.00125438  -0.0312365  0.999502  0  -0.0507805  -0.998211  -0.0312599  0  0.998709  -0.0507954  -0.000334073  0  0.401136  -0.0431306  0.775637  1  
-0.00121996  -0.0312427  0.999501  0  -0.0507646  -0.998212  -0.0312643  0  0.99871  -0.0507784  -0.000368256  0  0.401152  -0.0431236  0.775622  1  
-0.00118876  -0.0312354  0.999502  0  -0.0507548  -0.998212  -0.0312555  0  0.99871  -0.0507676  -0.000398716  0  0.401166  -0.0431184  0.77561  1  
-0.00114888  -0.0312426  0.999502  0  -0.0507398  -0.998213  -0.0312606  0  0.998711  -0.0507514  -0.000438428  0  0.401181  -0.0431126  0.775592  1  
-0.00111986  -0.0312402  0.999502  0  -0.0507247  -0.998214  -0.0312568  0  0.998712  -0.0507354  -0.000466804  0  0.401194  -0.0431071  0.77558  1  
-0.00107718  -0.0312467  0.999501  0  -0.0507101  -0.998214  -0.0312611  0  0.998713  -0.0507194  -0.000509274  0  0.401212  -0.0431009  0.775562  1  
-0.00104108  -0.0312374  0.999502  0  -0.0506949  -0.998216  -0.03125  0  0.998714  -0.0507032  -0.00054437  0  0.401227  -0.0430935  0.775547  1  
-0.0010056  -0.0312451  0.999502  0  -0.05068  -0.998216  -0.0312559  0  0.998714  -0.0506871  -0.00057971  0  0.401242  -0.0430876  0.775531  1  
-0.00096311  -0.0312386  0.999502  0  -0.0506649  -0.998217  -0.0312472  0  0.998715  -0.0506707  -0.000621317  0  0.401259  -0.0430813  0.775514  1  
-0.000928179  -0.0312428  0.999502  0  -0.0506472  -0.998218  -0.0312497  0  0.998716  -0.0506519  -0.000655846  0  0.401275  -0.0430736  0.775498  1  
-0.000887366  -0.0312405  0.999502  0  -0.0506267  -0.998219  -0.0312454  0  0.998717  -0.0506302  -0.000695833  0  0.401291  -0.0430652  0.775482  1  
-0.000846013  -0.0312487  0.999502  0  -0.0506126  -0.99822  -0.0312514  0  0.998718  -0.0506148  -0.000737083  0  0.401308  -0.0430603  0.775464  1  
-0.000814966  -0.0312461  0.999502  0  -0.0505966  -0.998221  -0.0312473  0  0.998719  -0.0505979  -0.000767448  0  0.401323  -0.0430529  0.775451  1  
-0.000773475  -0.0312474  0.999502  0  -0.0505716  -0.998222  -0.0312465  0  0.99872  -0.0505716  -0.000808149  0  0.401341  -0.0430423  0.775432  1  
-0.000640753  -0.0312477  0.999502  0  -0.0505149  -0.998225  -0.0312401  0  0.998723  -0.0505108  -0.000938877  0  0.401394  -0.0430194  0.775375  1  
-0.000599416  -0.0312448  0.999502  0  -0.0504957  -0.998226  -0.0312352  0  0.998724  -0.0504903  -0.000979397  0  0.401412  -0.0430104  0.775358  1  
-0.000551334  -0.0312573  0.999502  0  -0.0504733  -0.998227  -0.0312452  0  0.998725  -0.0504663  -0.00102732  0  0.401431  -0.043003  0.775338  1  
-0.000509906  -0.0312535  0.999502  0  -0.050452  -0.998228  -0.0312394  0  0.998726  -0.0504438  -0.00106782  0  0.401449  -0.0429932  0.77532  1  
-0.000461751  -0.0312576  0.999502  0  -0.05043  -0.998229  -0.0312411  0  0.998727  -0.0504203  -0.00111541  0  0.401469  -0.042984  0.775299  1  
-0.000412302  -0.0312558  0.999502  0  -0.0504049  -0.998231  -0.0312368  0  0.998729  -0.0503936  -0.0011639  0  0.40149  -0.0429734  0.775279  1  
-0.000362953  -0.0312513  0.999502  0  -0.0503771  -0.998232  -0.0312299  0  0.99873  -0.0503643  -0.00121206  0  0.40151  -0.0429609  0.775258  1  
-0.000308966  -0.0312548  0.999502  0  -0.0503541  -0.998233  -0.0312307  0  0.998731  -0.0503397  -0.00126541  0  0.401531  -0.0429517  0.775234  1  
-0.000256181  -0.031262  0.999502  0  -0.0503255  -0.998235  -0.0312352  0  0.998733  -0.0503094  -0.00131757  0  0.401553  -0.0429401  0.775212  1  
-0.000205196  -0.0312577  0.999502  0  -0.0502975  -0.998236  -0.0312284  0  0.998734  -0.0502798  -0.00136737  0  0.401574  -0.0429285  0.775191  1  
-0.000148052  -0.03126  0.999502  0  -0.0502709  -0.998238  -0.031228  0  0.998736  -0.0502515  -0.00142371  0  0.401597  -0.0429172  0.775166  1  
-9.66349e-05  -0.0312609  0.999502  0  -0.0502425  -0.998239  -0.0312262  0  0.998737  -0.0502215  -0.00147419  0  0.401617  -0.0429054  0.775144  1  
-4.25555e-05  -0.031265  0.999501  0  -0.0502117  -0.998241  -0.0312277  0  0.998739  -0.0501889  -0.00152742  0  0.40164  -0.0428929  0.775121  1  
9.97116e-06  -0.0312628  0.999502  0  -0.0501771  -0.998243  -0.0312229  0  0.99874  -0.0501527  -0.00157866  0  0.401662  -0.0428776  0.775099  1  
6.44237e-05  -0.0312664  0.999501  0  -0.0501473  -0.998244  -0.0312238  0  0.998742  -0.0501213  -0.00163227  0  0.401685  -0.0428656  0.775074  1  
0.000119721  -0.0312616  0.999502  0  -0.0501126  -0.998246  -0.0312163  0  0.998744  -0.0500848  -0.00168614  0  0.401708  -0.042851  0.775051  1  
0.000179025  -0.0312702  0.999501  0  -0.0500828  -0.998247  -0.031222  0  0.998745  -0.0500532  -0.00174484  0  0.401732  -0.0428395  0.775025  1  
0.000232932  -0.0312583  0.999502  0  -0.0500412  -0.99825  -0.0312075  0  0.998747  -0.0500099  -0.00179676  0  0.401754  -0.0428192  0.775003  1  
0.000291541  -0.0312612  0.999502  0  -0.0500099  -0.998251  -0.0312075  0  0.998749  -0.0499769  -0.00185444  0  0.401779  -0.0428063  0.774978  1  
0.000350629  -0.0312617  0.999502  0  -0.0499783  -0.998253  -0.0312051  0  0.99875  -0.0499434  -0.00191246  0  0.401803  -0.0427945  0.774953  1  
0.000406195  -0.0312654  0.999501  0  -0.0499414  -0.998255  -0.0312061  0  0.998752  -0.0499048  -0.00196696  0  0.401826  -0.042778  0.774929  1  
0.000468103  -0.0312645  0.999501  0  -0.0499018  -0.998257  -0.0312022  0  0.998754  -0.0498633  -0.00202748  0  0.401852  -0.0427625  0.774902  1  
0.000530573  -0.0312679  0.999501  0  -0.049864  -0.998259  -0.0312026  0  0.998756  -0.0498235  -0.00208883  0  0.401878  -0.0427455  0.774875  1  
0.000586748  -0.0312663  0.999501  0  -0.0498274  -0.998261  -0.0311982  0  0.998758  -0.0497852  -0.00214369  0  0.401902  -0.0427303  0.774852  1  
0.000654476  -0.0312734  0.999501  0  -0.0497939  -0.998262  -0.031202  0  0.998759  -0.0497496  -0.0022106  0  0.401929  -0.0427169  0.774823  1  
0.000712316  -0.0312665  0.999501  0  -0.049747  -0.998265  -0.0311924  0  0.998762  -0.0497009  -0.00226654  0  0.401954  -0.0426952  0.774799  1  
0.000767548  -0.0312672  0.999501  0  -0.0497107  -0.998267  -0.0311904  0  0.998763  -0.049663  -0.00232058  0  0.401978  -0.0426798  0.774774  1  
0.000827974  -0.0312661  0.999501  0  -0.0496734  -0.998269  -0.0311864  0  0.998765  -0.0496237  -0.00237968  0  0.402004  -0.0426638  0.774749  1  
0.000893522  -0.0312672  0.999501  0  -0.0496367  -0.998271  -0.0311844  0  0.998767  -0.0495851  -0.00244403  0  0.402031  -0.0426478  0.774721  1  
0.000951499  -0.0312659  0.999501  0  -0.0495889  -0.998273  -0.0311802  0  0.998769  -0.0495354  -0.00250034  0  0.402056  -0.0426283  0.774697  1  
0.00101355  -0.0312617  0.999501  0  -0.0495474  -0.998276  -0.0311731  0  0.998771  -0.0494921  -0.00256079  0  0.402084  -0.0426081  0.774669  1  
0.00107638  -0.0312581  0.999501  0  -0.0495041  -0.998278  -0.0311666  0  0.998773  -0.0494468  -0.00262198  0  0.402111  -0.0425903  0.774643  1  
0.00114136  -0.0312607  0.999501  0  -0.0494617  -0.99828  -0.0311661  0  0.998775  -0.0494023  -0.00268565  0  0.402139  -0.0425724  0.774615  1  
0.00120584  -0.0312633  0.999501  0  -0.0494238  -0.998282  -0.0311655  0  0.998777  -0.0493625  -0.00274897  0  0.402166  -0.0425573  0.774588  1  
0.0012728  -0.0312617  0.999501  0  -0.0493719  -0.998285  -0.0311608  0  0.99878  -0.0493085  -0.00281413  0  0.402194  -0.0425328  0.774559  1  
0.00134252  -0.0312681  0.999501  0  -0.0493326  -0.998286  -0.0311639  0  0.998781  -0.0492671  -0.00288282  0  0.402223  -0.042518  0.774529  1  
0.001404  -0.031261  0.999501  0  -0.0492813  -0.998289  -0.0311539  0  0.998784  -0.0492139  -0.00294224  0  0.402251  -0.042494  0.774505  1  
0.00147621  -0.0312584  0.999501  0  -0.0492377  -0.998292  -0.0311479  0  0.998786  -0.0491681  -0.00301284  0  0.402278  -0.0424757  0.774473  1  
0.00153968  -0.0312588  0.999501  0  -0.0491913  -0.998294  -0.0311453  0  0.998788  -0.0491197  -0.00307477  0  0.402306  -0.0424548  0.774447  1  
0.00160571  -0.031256  0.9995  0  -0.0491442  -0.998297  -0.0311394  0  0.99879  -0.0490706  -0.00313909  0  0.402332  -0.0424338  0.774418  1  
0.00167397  -0.0312521  0.999501  0  -0.0491004  -0.998299  -0.0311323  0  0.998792  -0.0490247  -0.00320568  0  0.402362  -0.0424143  0.774389  1  
0.00173517  -0.0312536  0.9995  0  -0.0490499  -0.998301  -0.031131  0  0.998795  -0.0489724  -0.00326527  0  0.402388  -0.042393  0.774363  1  
0.00179549  -0.0312464  0.9995  0  -0.0489984  -0.998304  -0.031121  0  0.998797  -0.0489189  -0.00332353  0  0.402416  -0.0423697  0.774339  1  
0.00186003  -0.0312469  0.9995  0  -0.0489483  -0.998307  -0.0311185  0  0.9988  -0.0488669  -0.00338643  0  0.402442  -0.0423473  0.77431  1  
0.00192458  -0.0312441  0.9995  0  -0.048902  -0.998309  -0.0311127  0  0.998802  -0.0488187  -0.00344929  0  0.402471  -0.0423268  0.774282  1  
0.00199371  -0.0312386  0.9995  0  -0.0488469  -0.998312  -0.031104  0  0.998804  -0.0487614  -0.00351633  0  0.4025  -0.0423007  0.774254  1  
0.00206032  -0.0312349  0.9995  0  -0.0488011  -0.998315  -0.0310972  0  0.998806  -0.0487136  -0.00358121  0  0.402529  -0.0422809  0.774225  1  
0.00213227  -0.0312359  0.9995  0  -0.0487487  -0.998317  -0.0310949  0  0.998809  -0.048659  -0.00365146  0  0.402559  -0.042258  0.774194  1  
0.00219958  -0.0312261  0.9995  0  -0.0486961  -0.99832  -0.031082  0  0.998811  -0.0486043  -0.00371654  0  0.402589  -0.0422331  0.774165  1  
0.00226866  -0.0312288  0.9995  0  -0.0486391  -0.998323  -0.0310816  0  0.998814  -0.0485452  -0.00378386  0  0.402618  -0.0422077  0.774135  1  
0.00233755  -0.031219  0.9995  0  -0.0485834  -0.998326  -0.0310687  0  0.998816  -0.0484875  -0.00385043  0  0.402648  -0.0421824  0.774106  1  
0.00240823  -0.0312218  0.9995  0  -0.0485284  -0.998329  -0.0310683  0  0.998819  -0.0484302  -0.00391942  0  0.402677  -0.0421583  0.774076  1  
0.00246913  -0.0312106  0.9995  0  -0.048468  -0.998332  -0.0310544  0  0.998822  -0.048368  -0.0039778  0  0.402706  -0.0421296  0.77405  1  
0.00254285  -0.0312119  0.9995  0  -0.0484116  -0.998335  -0.0310523  0  0.998824  -0.0483093  -0.00404971  0  0.402737  -0.042104  0.774019  1  
0.00260891  -0.0312022  0.9995  0  -0.0483501  -0.998338  -0.0310397  0  0.998827  -0.0482459  -0.00411328  0  0.402766  -0.0420765  0.77399  1  
0.00268398  -0.0311954  0.9995  0  -0.0482865  -0.998342  -0.0310295  0  0.99883  -0.04818  -0.00418593  0  0.402797  -0.0420466  0.773958  1  
0.00274564  -0.0311974  0.9995  0  -0.0482233  -0.998345  -0.0310289  0  0.998833  -0.0481149  -0.00424562  0  0.402825  -0.0420192  0.773932  1  
0.00282314  -0.0311946  0.9995  0  -0.0481641  -0.998348  -0.0310226  0  0.998835  -0.0480533  -0.00432102  0  0.402858  -0.0419933  0.773899  1  
0.0028912  -0.031191  0.9995  0  -0.0481024  -0.998351  -0.031016  0  0.998838  -0.0479896  -0.00438688  0  0.402888  -0.0419655  0.77387  1  
0.00296666  -0.0311888  0.999499  0  -0.0480328  -0.998355  -0.0310105  0  0.998841  -0.0479177  -0.00445995  0  0.40292  -0.0419343  0.773838  1  
0.00304252  -0.0311873  0.999499  0  -0.0479712  -0.998358  -0.0310057  0  0.998844  -0.0478538  -0.0045337  0  0.402953  -0.0419073  0.773806  1  
0.00311789  -0.0311771  0.999499  0  -0.0479033  -0.998361  -0.0309922  0  0.998847  -0.0477836  -0.00460635  0  0.402984  -0.0418771  0.773774  1  
0.00319168  -0.0311766  0.999499  0  -0.0478323  -0.998365  -0.0309885  0  0.99885  -0.0477104  -0.0046778  0  0.403016  -0.0418473  0.773743  1  
0.0032704  -0.0311702  0.999499  0  -0.047762  -0.998369  -0.0309787  0  0.998853  -0.0476377  -0.00475391  0  0.40305  -0.0418157  0.773709  1  
0.00335046  -0.0311747  0.999499  0  -0.0476885  -0.998372  -0.0309797  0  0.998857  -0.0475617  -0.00483177  0  0.403084  -0.0417847  0.773675  1  
0.0034244  -0.0311734  0.999498  0  -0.0476162  -0.998376  -0.0309752  0  0.99886  -0.0474871  -0.00490328  0  0.403117  -0.0417537  0.773643  1  
0.00349804  -0.0311677  0.999498  0  -0.0475417  -0.998379  -0.0309664  0  0.998863  -0.0474105  -0.00497423  0  0.403149  -0.0417201  0.773612  1  
0.00356789  -0.0311676  0.999498  0  -0.0474647  -0.998383  -0.0309634  0  0.998867  -0.0473314  -0.00504158  0  0.403181  -0.0416891  0.773582  1  
0.00365172  -0.0311693  0.999498  0  -0.0473854  -0.998387  -0.0309616  0  0.99887  -0.0472495  -0.00512291  0  0.403216  -0.0416546  0.773546  1  
0.00373321  -0.0311596  0.999498  0  -0.0473078  -0.998391  -0.0309484  0  0.998873  -0.0471694  -0.0052014  0  0.403251  -0.04162  0.773511  1  
0.00380684  -0.0311568  0.999498  0  -0.0472314  -0.998395  -0.0309426  0  0.998877  -0.0470908  -0.00527241  0  0.403283  -0.0415862  0.77348  1  
0.00387898  -0.0311564  0.999497  0  -0.047151  -0.998399  -0.0309392  0  0.99888  -0.0470082  -0.00534193  0  0.403315  -0.0415534  0.77345  1  
0.00395959  -0.0311536  0.999497  0  -0.0470662  -0.998403  -0.0309331  0  0.998884  -0.0469209  -0.00541966  0  0.403351  -0.0415159  0.773415  1  
0.0040349  -0.0311455  0.999497  0  -0.0469819  -0.998407  -0.0309219  0  0.998888  -0.0468344  -0.00549186  0  0.403384  -0.0414781  0.773383  1  
0.00410909  -0.0311501  0.999497  0  -0.0469012  -0.998411  -0.0309235  0  0.998891  -0.0467514  -0.00556364  0  0.403418  -0.0414452  0.773351  1  
0.00418605  -0.0311409  0.999497  0  -0.0468123  -0.998416  -0.0309111  0  0.998895  -0.0466602  -0.0056373  0  0.403451  -0.0414053  0.773318  1  
0.00426417  -0.0311386  0.999496  0  -0.0467267  -0.99842  -0.0309057  0  0.998899  -0.0465723  -0.00571254  0  0.403486  -0.0413679  0.773284  1  
0.00433525  -0.0311317  0.999496  0  -0.0466362  -0.998424  -0.0308961  0  0.998903  -0.0464797  -0.0057804  0  0.403518  -0.0413283  0.773253  1  
0.00441493  -0.031129  0.999496  0  -0.0465477  -0.998429  -0.0308901  0  0.998906  -0.0463888  -0.00585709  0  0.403554  -0.041289  0.773218  1  
0.0044796  -0.031125  0.999496  0  -0.0464624  -0.998433  -0.0308836  0  0.99891  -0.0463016  -0.00591884  0  0.403585  -0.0412516  0.773189  1  
0.00455203  -0.0311176  0.999496  0  -0.0463739  -0.998437  -0.0308734  0  0.998914  -0.0462108  -0.00598808  0  0.403619  -0.041213  0.773156  1  
0.00462239  -0.0311149  0.999495  0  -0.0462856  -0.998442  -0.030868  0  0.998918  -0.0461205  -0.00605548  0  0.403653  -0.0411735  0.773123  1  
0.00469116  -0.0311077  0.999495  0  -0.0461967  -0.998446  -0.0308582  0  0.998921  -0.0460295  -0.00612106  0  0.403685  -0.0411343  0.773093  1  
0.00476114  -0.0311034  0.999495  0  -0.0460953  -0.998451  -0.0308513  0  0.998926  -0.0459261  -0.0061876  0  0.40372  -0.0410897  0.773061  1  
0.00482732  -0.0310908  0.999495  0  -0.0460025  -0.998456  -0.0308363  0  0.99893  -0.0458313  -0.00625024  0  0.403753  -0.0410488  0.773029  1  
0.00489776  -0.0310903  0.999495  0  -0.0459089  -0.99846  -0.0308331  0  0.998934  -0.0457355  -0.00631766  0  0.403788  -0.0410082  0.772996  1  
0.00496638  -0.0310799  0.999495  0  -0.0458122  -0.998465  -0.0308202  0  0.998938  -0.0456368  -0.00638272  0  0.403822  -0.0409644  0.772964  1  
0.00504653  -0.0310792  0.999495  0  -0.0457154  -0.998469  -0.0308165  0  0.998942  -0.0455377  -0.00645973  0  0.403859  -0.0409229  0.772927  1  
0.00511655  -0.031071  0.999494  0  -0.0456202  -0.998474  -0.0308058  0  0.998946  -0.0454404  -0.00652634  0  0.403893  -0.0408813  0.772896  1  
0.0051971  -0.0310732  0.999494  0  -0.0455282  -0.998478  -0.0308048  0  0.99895  -0.0453459  -0.00660402  0  0.403931  -0.0408408  0.772858  1  
0.00526915  -0.0310651  0.999494  0  -0.0454304  -0.998483  -0.0307942  0  0.998954  -0.045246  -0.00667258  0  0.403964  -0.0407985  0.772826  1  
0.00534528  -0.0310587  0.999494  0  -0.045326  -0.998488  -0.030785  0  0.998958  -0.0451394  -0.0067451  0  0.403999  -0.040752  0.772792  1  
0.00543097  -0.0310506  0.999493  0  -0.045227  -0.998493  -0.0307738  0  0.998962  -0.0450379  -0.00682724  0  0.404038  -0.0407086  0.772754  1  
0.00550561  -0.031045  0.999493  0  -0.0451261  -0.998498  -0.0307655  0  0.998966  -0.0449347  -0.00689841  0  0.404073  -0.0406644  0.77272  1  
0.00559042  -0.0310407  0.999493  0  -0.0450246  -0.998503  -0.0307581  0  0.99897  -0.0448307  -0.00697977  0  0.404112  -0.040621  0.772681  1  
0.00567021  -0.0310367  0.999493  0  -0.0449206  -0.998508  -0.0307513  0  0.998974  -0.0447243  -0.00705607  0  0.404149  -0.0405738  0.772646  1  
0.00575572  -0.0310268  0.999492  0  -0.044822  -0.998512  -0.0307383  0  0.998978  -0.0446231  -0.00713798  0  0.404187  -0.0405306  0.772607  1  
0.00582641  -0.0310247  0.999492  0  -0.0447214  -0.998517  -0.0307337  0  0.998982  -0.0445205  -0.00720538  0  0.404221  -0.0404866  0.772574  1  
0.00590647  -0.0310173  0.999492  0  -0.0446199  -0.998522  -0.0307235  0  0.998987  -0.0444166  -0.00728187  0  0.404258  -0.0404424  0.772537  1  
0.00598443  -0.031013  0.999491  0  -0.0445135  -0.998527  -0.0307165  0  0.998991  -0.0443079  -0.00735625  0  0.404296  -0.040395  0.7725  1  
0.00607028  -0.0309992  0.999491  0  -0.0444124  -0.998532  -0.0306997  0  0.998995  -0.0442043  -0.00743826  0  0.404336  -0.0403498  0.772461  1  
0.00614847  -0.0310019  0.999491  0  -0.0443062  -0.998537  -0.0306997  0  0.998999  -0.0440957  -0.0075132  0  0.404372  -0.0403035  0.772425  1  
0.00622803  -0.0309856  0.999491  0  -0.044204  -0.998542  -0.0306808  0  0.999003  -0.0439912  -0.00758879  0  0.40441  -0.0402578  0.772388  1  
0.00630729  -0.0309841  0.99949  0  -0.0440959  -0.998547  -0.0306766  0  0.999007  -0.0438807  -0.00766454  0  0.404447  -0.0402097  0.77235  1  
0.00638001  -0.0309748  0.99949  0  -0.0439921  -0.998552  -0.0306649  0  0.999011  -0.0437749  -0.00773356  0  0.404482  -0.0401646  0.772316  1  
0.00645369  -0.0309702  0.99949  0  -0.0438847  -0.998556  -0.0306579  0  0.999016  -0.0436653  -0.00780364  0  0.404519  -0.0401169  0.772281  1  
0.00652914  -0.0309655  0.999489  0  -0.0437836  -0.998561  -0.0306508  0  0.99902  -0.043562  -0.00787569  0  0.404556  -0.0400733  0.772244  1  
0.00659904  -0.0309607  0.999489  0  -0.0436677  -0.998566  -0.0306438  0  0.999024  -0.043444  -0.00794172  0  0.404592  -0.0400215  0.772211  1  
0.00667029  -0.0309548  0.999489  0  -0.0435588  -0.998571  -0.0306357  0  0.999029  -0.043333  -0.00800927  0  0.404628  -0.0399744  0.772176  1  
0.00673987  -0.0309496  0.999489  0  -0.0434475  -0.998576  -0.0306284  0  0.999033  -0.0432197  -0.00807511  0  0.404664  -0.0399263  0.772141  1  
0.00680281  -0.0309433  0.999488  0  -0.0433345  -0.998582  -0.0306203  0  0.999037  -0.0431049  -0.00813423  0  0.404698  -0.0398766  0.77211  1  
0.00686757  -0.0309334  0.999488  0  -0.0432191  -0.998587  -0.0306085  0  0.999042  -0.0429876  -0.00819493  0  0.404734  -0.039826  0.772077  1  
0.00694175  -0.03093  0.999488  0  -0.0431075  -0.998592  -0.0306029  0  0.999046  -0.0428738  -0.00826545  0  0.404772  -0.0397766  0.772039  1  
0.00700562  -0.0309207  0.999488  0  -0.0429984  -0.998597  -0.0305917  0  0.999051  -0.0427628  -0.00832549  0  0.404808  -0.0397293  0.772006  1  
0.00706026  -0.0309115  0.999488  0  -0.0428824  -0.998602  -0.0305812  0  0.999055  -0.0426453  -0.00837611  0  0.40484  -0.0396779  0.771978  1  
0.00712789  -0.0308996  0.999487  0  -0.0427656  -0.998608  -0.0305675  0  0.99906  -0.0425266  -0.00843957  0  0.404878  -0.0396255  0.771942  1  
0.00719099  -0.0308957  0.999487  0  -0.0426459  -0.998613  -0.0305618  0  0.999064  -0.0424051  -0.00849875  0  0.404913  -0.0395732  0.77191  1  
0.00726494  -0.0308843  0.999487  0  -0.0425289  -0.998618  -0.0305484  0  0.999069  -0.042286  -0.00856854  0  0.404953  -0.0395213  0.771872  1  
0.00731731  -0.0308787  0.999487  0  -0.0424142  -0.998624  -0.0305415  0  0.999073  -0.0421697  -0.0086171  0  0.404985  -0.0394708  0.771844  1  
0.00738278  -0.0308675  0.999487  0  -0.0422951  -0.998629  -0.0305286  0  0.999078  -0.0420488  -0.00867836  0  0.405022  -0.0394169  0.771809  1  
0.00744277  -0.0308578  0.999486  0  -0.0421835  -0.998634  -0.0305174  0  0.999082  -0.0419355  -0.00873446  0  0.405056  -0.0393663  0.771778  1  
0.00750431  -0.030849  0.999486  0  -0.0420711  -0.998639  -0.030507  0  0.999086  -0.0418214  -0.00879211  0  0.405091  -0.0393171  0.771745  1  
0.00757696  -0.0308424  0.999486  0  -0.041953  -0.998644  -0.0304984  0  0.999091  -0.0417012  -0.00886079  0  0.40513  -0.0392644  0.771708  1  
0.00764739  -0.0308263  0.999486  0  -0.0418323  -0.99865  -0.0304804  0  0.999095  -0.0415785  -0.00892678  0  0.405169  -0.0392075  0.771673  1  
0.00771405  -0.0308143  0.999486  0  -0.041712  -0.998655  -0.0304668  0  0.9991  -0.0414564  -0.00898917  0  0.405207  -0.0391543  0.771638  1  
0.00779172  -0.0308021  0.999486  0  -0.0415988  -0.998661  -0.0304523  0  0.999104  -0.0413409  -0.00906279  0  0.405247  -0.0391037  0.7716  1  
0.00785598  -0.0307937  0.999485  0  -0.0414825  -0.998666  -0.0304424  0  0.999108  -0.0412228  -0.00912307  0  0.405284  -0.039051  0.771567  1  
0.00792761  -0.0307769  0.999485  0  -0.041361  -0.998671  -0.0304238  0  0.999113  -0.0410993  -0.00919022  0  0.405323  -0.0389954  0.771529  1  
0.00799549  -0.030772  0.999485  0  -0.0412457  -0.998676  -0.0304172  0  0.999117  -0.040982  -0.0092543  0  0.405361  -0.038943  0.771494  1  
0.00806537  -0.0307578  0.999485  0  -0.0411298  -0.998682  -0.0304012  0  0.999121  -0.0408642  -0.00931998  0  0.405399  -0.0388912  0.771459  1  
0.00813762  -0.0307472  0.999484  0  -0.0409995  -0.998687  -0.0303888  0  0.999126  -0.0407319  -0.00938774  0  0.405438  -0.0388315  0.771423  1  
0.00821303  -0.0307399  0.999484  0  -0.0408831  -0.998692  -0.0303796  0  0.99913  -0.0406133  -0.00945921  0  0.405477  -0.0387796  0.771385  1  
0.00828615  -0.0307281  0.999484  0  -0.040764  -0.998698  -0.0303659  0  0.999134  -0.0404921  -0.00952814  0  0.405516  -0.0387263  0.771347  1  
0.00835771  -0.0307152  0.999484  0  -0.0406455  -0.998703  -0.0303513  0  0.999139  -0.0403716  -0.00959549  0  0.405555  -0.0386719  0.771311  1  
0.00843211  -0.030702  0.999483  0  -0.0405278  -0.998708  -0.0303363  0  0.999143  -0.0402519  -0.00966569  0  0.405595  -0.0386182  0.771273  1  
0.00850517  -0.0306904  0.999483  0  -0.0404104  -0.998713  -0.0303228  0  0.999147  -0.0401324  -0.00973462  0  0.405635  -0.0385639  0.771236  1  
0.00857672  -0.0306789  0.999483  0  -0.0402903  -0.998719  -0.0303097  0  0.999151  -0.0400102  -0.00980198  0  0.405673  -0.0385107  0.7712  1  
0.00865363  -0.0306702  0.999482  0  -0.04017  -0.998724  -0.0302991  0  0.999155  -0.0398878  -0.0098748  0  0.405714  -0.0384553  0.771161  1  
0.0087286  -0.0306561  0.999482  0  -0.0400475  -0.998729  -0.0302832  0  0.99916  -0.0397632  -0.0099454  0  0.405752  -0.0383992  0.771124  1  
0.00880494  -0.0306429  0.999482  0  -0.0399304  -0.998734  -0.0302682  0  0.999164  -0.0396439  -0.0100176  0  0.405793  -0.0383448  0.771086  1  
0.00887275  -0.0306228  0.999482  0  -0.0398093  -0.99874  -0.0302466  0  0.999168  -0.0395211  -0.0100808  0  0.405829  -0.038289  0.771052  1  
0.00894652  -0.0306202  0.999481  0  -0.0396874  -0.998745  -0.0302423  0  0.999172  -0.039397  -0.0101507  0  0.405867  -0.0382335  0.771015  1  
0.00901822  -0.0305976  0.999481  0  -0.0395673  -0.99875  -0.0302182  0  0.999176  -0.039275  -0.0102178  0  0.405905  -0.0381774  0.770979  1  
0.00909698  -0.030592  0.999481  0  -0.0394511  -0.998755  -0.0302107  0  0.99918  -0.0391566  -0.0102927  0  0.405945  -0.038125  0.77094  1  
0.00916405  -0.0305753  0.999481  0  -0.0393257  -0.998761  -0.0301927  0  0.999184  -0.0390294  -0.0103553  0  0.405982  -0.038066  0.770906  1  
0.00923687  -0.0305643  0.99948  0  -0.0392084  -0.998766  -0.0301801  0  0.999188  -0.03891  -0.010424  0  0.406022  -0.0380131  0.770869  1  
0.00931576  -0.0305481  0.99948  0  -0.0390816  -0.998771  -0.0301621  0  0.999193  -0.038781  -0.0104984  0  0.406062  -0.0379543  0.77083  1  
0.00938855  -0.0305287  0.99948  0  -0.0389467  -0.998777  -0.0301413  0  0.999197  -0.0386443  -0.0105663  0  0.406102  -0.0378902  0.770794  1  
0.00945903  -0.0305182  0.99948  0  -0.0388242  -0.998782  -0.0301294  0  0.999201  -0.0385197  -0.0106326  0  0.406141  -0.0378341  0.770757  1  
0.00953854  -0.0305013  0.99948  0  -0.0386994  -0.998787  -0.0301109  0  0.999205  -0.0383928  -0.0107076  0  0.406182  -0.0377756  0.770718  1  
0.00960862  -0.0304845  0.999479  0  -0.0385806  -0.998793  -0.0300927  0  0.999209  -0.0382721  -0.0107733  0  0.406221  -0.0377219  0.770682  1  
0.00968281  -0.0304707  0.999479  0  -0.0384525  -0.998798  -0.0300775  0  0.999213  -0.038142  -0.0108431  0  0.40626  -0.0376633  0.770645  1  
0.00975966  -0.0304635  0.999479  0  -0.0383207  -0.998803  -0.0300687  0  0.999218  -0.0380079  -0.0109156  0  0.406301  -0.0376038  0.770606  1  
0.0098317  -0.0304448  0.999478  0  -0.0381861  -0.998809  -0.0300488  0  0.999222  -0.0378714  -0.0109828  0  0.406341  -0.0375409  0.77057  1  
0.00990932  -0.0304296  0.999478  0  -0.038056  -0.998815  -0.0300321  0  0.999226  -0.0377392  -0.0110558  0  0.406382  -0.037481  0.770533  1  
0.00999155  -0.0304183  0.999478  0  -0.0379261  -0.99882  -0.0300192  0  0.999231  -0.037607  -0.0111336  0  0.406424  -0.0374227  0.770491  1  
0.0100636  -0.0304082  0.999477  0  -0.0378023  -0.998825  -0.0300077  0  0.999235  -0.0374813  -0.0112015  0  0.406465  -0.0373648  0.770456  1  
0.0101462  -0.0303858  0.999477  0  -0.0376677  -0.998831  -0.0299838  0  0.999239  -0.0373445  -0.0112791  0  0.406508  -0.0373026  0.770415  1  
0.0102223  -0.0303764  0.999477  0  -0.03754  -0.998836  -0.029973  0  0.999243  -0.0372147  -0.0113509  0  0.40655  -0.0372438  0.770377  1  
0.0102988  -0.0303684  0.999476  0  -0.0374126  -0.998841  -0.0299636  0  0.999247  -0.0370851  -0.0114232  0  0.406593  -0.0371867  0.770338  1  
0.0103769  -0.0303448  0.999476  0  -0.0372825  -0.998847  -0.0299386  0  0.999251  -0.036953  -0.0114965  0  0.406635  -0.0371254  0.770298  1  
0.0104471  -0.0303293  0.999476  0  -0.0371484  -0.998852  -0.029922  0  0.999255  -0.036817  -0.011562  0  0.406676  -0.037063  0.770261  1  
0.0105224  -0.0303145  0.999475  0  -0.0370227  -0.998857  -0.029906  0  0.999259  -0.0366893  -0.0116329  0  0.406719  -0.037005  0.770223  1  
0.0105903  -0.030302  0.999475  0  -0.0368856  -0.998863  -0.0298926  0  0.999263  -0.0365504  -0.0116962  0  0.40676  -0.036941  0.770187  1  
0.0106655  -0.0302784  0.999475  0  -0.0367555  -0.998868  -0.0298678  0  0.999267  -0.0364183  -0.0117665  0  0.406803  -0.0368803  0.77015  1  
0.0107449  -0.0302687  0.999474  0  -0.0366243  -0.998873  -0.0298568  0  0.999271  -0.036285  -0.0118416  0  0.406847  -0.0368209  0.770108  1  
0.010818  -0.0302486  0.999474  0  -0.0364825  -0.998879  -0.0298357  0  0.999276  -0.0361412  -0.0119097  0  0.406891  -0.036755  0.770072  1  
0.010897  -0.0302329  0.999474  0  -0.0363446  -0.998885  -0.0298188  0  0.99928  -0.0360013  -0.0119838  0  0.406935  -0.0366902  0.77003  1  
0.0109716  -0.0302129  0.999474  0  -0.0362128  -0.99889  -0.0297977  0  0.999284  -0.0358675  -0.0120538  0  0.406978  -0.0366304  0.769994  1  
0.0110443  -0.0302047  0.999473  0  -0.0360791  -0.998895  -0.0297886  0  0.999288  -0.0357318  -0.012122  0  0.407021  -0.0365689  0.769956  1  
0.0111175  -0.0301867  0.999473  0  -0.0359442  -0.998901  -0.0297696  0  0.999292  -0.0355949  -0.0121906  0  0.407065  -0.0365061  0.769918  1  
0.0111896  -0.0301719  0.999472  0  -0.0358053  -0.998906  -0.029754  0  0.999296  -0.0354542  -0.012258  0  0.407108  -0.0364422  0.769881  1  
0.0112525  -0.0301544  0.999472  0  -0.0356659  -0.998912  -0.029736  0  0.9993  -0.0353132  -0.012316  0  0.407148  -0.0363783  0.769848  1  
0.0113291  -0.0301411  0.999472  0  -0.0355299  -0.998917  -0.0297216  0  0.999304  -0.0351751  -0.012388  0  0.407193  -0.0363162  0.769808  1  
0.0114  -0.0301279  0.999471  0  -0.0353869  -0.998922  -0.0297077  0  0.999309  -0.0350302  -0.0124541  0  0.407235  -0.0362496  0.769771  1  
0.0114711  -0.0301004  0.999471  0  -0.0352524  -0.998928  -0.0296795  0  0.999313  -0.0348939  -0.0125201  0  0.407279  -0.0361861  0.769733  1  
0.0115445  -0.0300883  0.999471  0  -0.0351089  -0.998933  -0.0296666  0  0.999317  -0.0347485  -0.0125888  0  0.407323  -0.0361204  0.769695  1  
0.0116113  -0.0300667  0.999471  0  -0.0349695  -0.998939  -0.0296445  0  0.999321  -0.0346074  -0.0126507  0  0.407365  -0.0360545  0.76966  1  
0.0116861  -0.0300555  0.99947  0  -0.0348256  -0.998944  -0.0296324  0  0.999325  -0.0344615  -0.0127207  0  0.407409  -0.0359898  0.769623  1  
0.0117553  -0.0300351  0.99947  0  -0.034678  -0.99895  -0.0296116  0  0.999329  -0.0343122  -0.0127847  0  0.407453  -0.0359226  0.769586  1  
0.0118203  -0.0300159  0.99947  0  -0.034533  -0.998956  -0.0295921  0  0.999334  -0.0341656  -0.0128447  0  0.407494  -0.0358547  0.769553  1  
0.0118918  -0.0300037  0.999469  0  -0.0343843  -0.998961  -0.0295794  0  0.999338  -0.034015  -0.0129113  0  0.407538  -0.0357862  0.769516  1  
0.0119642  -0.029988  0.999469  0  -0.0342403  -0.998967  -0.0295631  0  0.999342  -0.0338691  -0.0129789  0  0.407583  -0.03572  0.769479  1  
0.0120393  -0.0299654  0.999469  0  -0.034086  -0.998973  -0.02954  0  0.999346  -0.0337129  -0.0130486  0  0.407628  -0.0356476  0.769442  1  
0.0121175  -0.0299531  0.999468  0  -0.0339366  -0.998978  -0.0295269  0  0.999351  -0.0335614  -0.0131219  0  0.407674  -0.035581  0.769403  1  
0.0121915  -0.0299299  0.999468  0  -0.0337782  -0.998984  -0.0295034  0  0.999355  -0.0334011  -0.0131904  0  0.407719  -0.0355072  0.769367  1  
0.0122725  -0.0299211  0.999467  0  -0.0336261  -0.99899  -0.0294939  0  0.999359  -0.0332468  -0.0132665  0  0.407766  -0.0354386  0.769325  1  
0.0123457  -0.0298943  0.999467  0  -0.0334721  -0.998996  -0.0294667  0  0.999363  -0.0330911  -0.0133342  0  0.407811  -0.0353666  0.769288  1  
0.0124163  -0.0298839  0.999467  0  -0.0333183  -0.999001  -0.0294561  0  0.999368  -0.0329355  -0.0133999  0  0.407856  -0.0352974  0.769253  1  
0.0124863  -0.0298639  0.999466  0  -0.0331546  -0.999007  -0.0294359  0  0.999372  -0.03277  -0.0134643  0  0.407899  -0.0352233  0.769218  1  
0.0125623  -0.0298501  0.999466  0  -0.0329967  -0.999013  -0.0294218  0  0.999376  -0.0326101  -0.0135351  0  0.407944  -0.0351516  0.769179  1  
0.0126383  -0.0298264  0.999466  0  -0.0328304  -0.999019  -0.0293979  0  0.999381  -0.0324419  -0.0136054  0  0.407989  -0.0350744  0.769142  1  
0.0127156  -0.0298154  0.999465  0  -0.0326781  -0.999024  -0.0293865  0  0.999385  -0.0322876  -0.0136778  0  0.408035  -0.0350061  0.769103  1  
0.0127884  -0.0297907  0.999465  0  -0.032517  -0.99903  -0.0293617  0  0.999389  -0.0321247  -0.0137449  0  0.408079  -0.0349322  0.769068  1  
0.0128593  -0.0297787  0.999464  0  -0.0323569  -0.999036  -0.0293496  0  0.999394  -0.0319628  -0.0138107  0  0.408123  -0.0348603  0.769032  1  
0.0129326  -0.0297617  0.999464  0  -0.0321899  -0.999042  -0.0293326  0  0.999398  -0.0317939  -0.0138785  0  0.408168  -0.034784  0.768996  1  
0.0130057  -0.0297508  0.999463  0  -0.032025  -0.999047  -0.0293217  0  0.999402  -0.031627  -0.0139463  0  0.408213  -0.0347102  0.768959  1  
0.0130793  -0.0297229  0.999463  0  -0.0318618  -0.999053  -0.0292937  0  0.999407  -0.0314621  -0.0140142  0  0.408258  -0.0346335  0.768923  1  
0.0131503  -0.0297092  0.999462  0  -0.0317042  -0.999059  -0.02928  0  0.999411  -0.0313027  -0.0140801  0  0.408301  -0.0345626  0.768887  1  
0.0132221  -0.0296949  0.999462  0  -0.0315333  -0.999065  -0.029266  0  0.999415  -0.03113  -0.0141463  0  0.408346  -0.034486  0.768851  1  
0.0132923  -0.0296752  0.999462  0  -0.0313692  -0.99907  -0.0292464  0  0.999419  -0.0309641  -0.0142112  0  0.40839  -0.0344114  0.768817  1  
0.0133776  -0.0296628  0.999461  0  -0.0312047  -0.999076  -0.0292337  0  0.999423  -0.0307974  -0.0142911  0  0.408439  -0.034337  0.768776  1  
0.0134575  -0.0296397  0.99946  0  -0.0310375  -0.999082  -0.0292106  0  0.999428  -0.0306282  -0.0143654  0  0.408485  -0.0342615  0.768738  1  
0.01354  -0.0296282  0.99946  0  -0.0308701  -0.999087  -0.029199  0  0.999432  -0.0304587  -0.0144426  0  0.408535  -0.0341848  0.768699  1  
0.0136267  -0.0296037  0.999459  0  -0.0307021  -0.999093  -0.0291742  0  0.999436  -0.0302885  -0.0145235  0  0.408583  -0.0341076  0.768658  1  
